2.723335759750971619e+01,2.723335759750971619e+01,2.723335759750971619e+01,2.757481906329919141e+01,2.757481906329919141e+01,2.757481906329919141e+01,2.757481906329919141e+01,2.757481906329919141e+01,2.757481906329919141e+01,2.757481906329919141e+01,2.757481906329919141e+01,2.757481906329919141e+01,2.757481906329919141e+01,2.757481906329919141e+01,2.757481906329919141e+01,2.757481906329919141e+01,2.757481906329919141e+01,2.757481906329919141e+01,2.757481906329919141e+01,2.757481906329919141e+01,2.757481906329919141e+01,2.757481906329919141e+01,2.820075902846187432e+01,2.757481906329919141e+01,2.820075902846187432e+01,2.757481906329919141e+01,2.757481906329919141e+01,2.820075902846187432e+01,2.757481906329919141e+01,2.757481906329919141e+01,2.757481906329919141e+01,2.757481906329919141e+01,2.757481906329919141e+01,2.757481906329919141e+01,2.757481906329919141e+01,2.757481906329919141e+01,2.757481906329919141e+01,2.757481906329919141e+01,2.757481906329919141e+01,2.723335759750971619e+01,2.757481906329919141e+01,2.757481906329919141e+01,2.760947873930045304e+01,2.760947873930045304e+01,2.726617793428676961e+01,2.726617793428676961e+01,2.723335759750971619e+01,2.726617793428676961e+01,2.726617793428676961e+01,2.726617793428676961e+01,2.726617793428676961e+01,2.726617793428676961e+01,2.726617793428676961e+01,2.723335759750971619e+01,2.726617793428676961e+01,2.723335759750971619e+01,2.726617793428676961e+01,2.726617793428676961e+01,2.726617793428676961e+01,2.726617793428676961e+01,2.726617793428676961e+01,2.726617793428676961e+01,2.726617793428676961e+01,2.726617793428676961e+01,2.726617793428676961e+01,2.726617793428676961e+01,2.726617793428676961e+01,2.726617793428676961e+01,2.726617793428676961e+01,2.726617793428676961e+01,2.726617793428676961e+01,2.726617793428676961e+01,2.726617793428676961e+01,2.726617793428676961e+01,2.726617793428676961e+01,2.726617793428676961e+01,2.726617793428676961e+01,2.726617793428676961e+01,2.726617793428676961e+01,2.726617793428676961e+01,2.726617793428676961e+01,2.726617793428676961e+01,2.726617793428676961e+01,2.726617793428676961e+01,2.726617793428676961e+01,2.726617793428676961e+01,2.726617793428676961e+01,2.726617793428676961e+01,2.726617793428676961e+01,2.726617793428676961e+01,2.726617793428676961e+01,2.726617793428676961e+01,2.726617793428676961e+01,2.726617793428676961e+01,2.726617793428676961e+01,2.726617793428676961e+01,2.726617793428676961e+01,2.726617793428676961e+01,2.726617793428676961e+01,2.726617793428676961e+01,2.726617793428676961e+01,2.730960905294416818e+01,2.726617793428676961e+01,2.726617793428676961e+01,2.726617793428676961e+01,2.730960905294416818e+01,2.726617793428676961e+01,2.726617793428676961e+01,2.726617793428676961e+01,2.726617793428676961e+01,2.726617793428676961e+01,2.726617793428676961e+01,2.726617793428676961e+01,2.726617793428676961e+01,2.726617793428676961e+01,2.726617793428676961e+01,2.726617793428676961e+01,2.726617793428676961e+01,2.730960905294416818e+01,2.730960905294416818e+01,2.730960905294416818e+01,2.726617793428676961e+01,2.726617793428676961e+01,2.726617793428676961e+01,2.726617793428676961e+01,2.730960905294416818e+01,2.726617793428676961e+01,2.730960905294416818e+01,2.730960905294416818e+01,2.730960905294416818e+01,2.726617793428676961e+01,2.730960905294416818e+01,2.726617793428676961e+01,2.730960905294416818e+01,2.730960905294416818e+01,2.730960905294416818e+01,2.726617793428676961e+01,2.726617793428676961e+01,2.726617793428676961e+01,2.726617793428676961e+01,2.730960905294416818e+01,2.726617793428676961e+01,2.730960905294416818e+01,2.730960905294416818e+01,2.730960905294416818e+01,2.730960905294416818e+01,2.726617793428676961e+01,2.730960905294416818e+01,2.730960905294416818e+01,2.726617793428676961e+01,2.730960905294416818e+01,2.730960905294416818e+01,2.730960905294416818e+01,2.726617793428676961e+01,2.730960905294416818e+01,2.730960905294416818e+01,2.730960905294416818e+01,2.726617793428676961e+01,2.730960905294416818e+01,2.726617793428676961e+01,2.730960905294416818e+01,2.730960905294416818e+01,2.730960905294416818e+01,2.730960905294416818e+01,2.730960905294416818e+01,2.730960905294416818e+01,2.730960905294416818e+01,2.726617793428676961e+01,2.730960905294416818e+01,2.730960905294416818e+01,2.730960905294416818e+01,2.730960905294416818e+01,2.730960905294416818e+01,2.730960905294416818e+01,2.730960905294416818e+01,2.730960905294416818e+01,2.730960905294416818e+01,2.730960905294416818e+01,2.730960905294416818e+01,2.730960905294416818e+01,2.730960905294416818e+01,2.730960905294416818e+01,2.730960905294416818e+01,2.730960905294416818e+01,2.730960905294416818e+01,2.730960905294416818e+01,2.730960905294416818e+01,2.730960905294416818e+01,2.730960905294416818e+01,2.730960905294416818e+01,2.730960905294416818e+01,2.730960905294416818e+01,2.730960905294416818e+01,2.726617793428676961e+01,2.730960905294416818e+01,2.730960905294416818e+01,2.730960905294416818e+01,2.794089246290502970e+01,2.730960905294416818e+01,2.730960905294416818e+01,2.730960905294416818e+01,2.730960905294416818e+01,2.730960905294416818e+01,2.730960905294416818e+01,2.730960905294416818e+01,2.794089246290502970e+01,2.730960905294416818e+01,2.730960905294416818e+01,2.730960905294416818e+01,2.730960905294416818e+01,2.794089246290502970e+01,2.730960905294416818e+01,2.794089246290502970e+01,2.794089246290502970e+01,2.730960905294416818e+01,2.794089246290502970e+01,2.730960905294416818e+01,2.794089246290502970e+01,2.730960905294416818e+01,2.794089246290502970e+01,2.794089246290502970e+01,2.730960905294416818e+01,2.794089246290502970e+01,2.730960905294416818e+01,2.726617793428676961e+01,2.794089246290502970e+01,2.794089246290502970e+01,2.794089246290502970e+01,2.794089246290502970e+01,2.794089246290502970e+01,2.794089246290502970e+01,2.794089246290502970e+01,2.794089246290502970e+01,2.794089246290502970e+01,2.794089246290502970e+01,2.794089246290502970e+01,2.794089246290502970e+01,2.794089246290502970e+01,2.794089246290502970e+01,2.794089246290502970e+01,2.794089246290502970e+01,2.794089246290502970e+01,2.794089246290502970e+01,2.794089246290502970e+01,2.794089246290502970e+01,2.794089246290502970e+01,2.794089246290502970e+01,2.794089246290502970e+01,2.794089246290502970e+01,2.794089246290502970e+01,2.794089246290502970e+01,2.794089246290502970e+01,2.794089246290502970e+01,2.794089246290502970e+01,2.790199997828241862e+01,2.794089246290502970e+01,2.794089246290502970e+01,2.794089246290502970e+01,2.794089246290502970e+01,2.794089246290502970e+01,2.794089246290502970e+01,2.794089246290502970e+01,2.794089246290502970e+01,2.794089246290502970e+01,2.794089246290502970e+01,2.794089246290502970e+01,2.790199997828241862e+01,2.794089246290502970e+01,2.794089246290502970e+01,2.855861294461876199e+01,2.794089246290502970e+01,2.855861294461876199e+01,2.855861294461876199e+01,2.794089246290502970e+01,2.855861294461876199e+01,2.855861294461876199e+01,2.794089246290502970e+01,2.855861294461876199e+01,2.855861294461876199e+01,2.855861294461876199e+01,2.794089246290502970e+01,2.855861294461876199e+01,2.855861294461876199e+01,2.855861294461876199e+01,2.855861294461876199e+01,2.855861294461876199e+01,2.852770284841334814e+01,2.855861294461876199e+01,2.855861294461876199e+01,2.855861294461876199e+01,2.855861294461876199e+01,2.855861294461876199e+01,2.855861294461876199e+01,2.855861294461876199e+01,2.855861294461876199e+01,2.855861294461876199e+01,2.855861294461876199e+01,2.855861294461876199e+01,2.855861294461876199e+01,2.855861294461876199e+01,2.855861294461876199e+01,2.852770284841334814e+01,2.855861294461876199e+01,2.855861294461876199e+01,2.855861294461876199e+01,2.855861294461876199e+01,2.855861294461876199e+01,2.855861294461876199e+01,2.852770284841334814e+01,2.855861294461876199e+01,2.855861294461876199e+01,2.852770284841334814e+01,2.852770284841334814e+01,2.855861294461876199e+01,2.855861294461876199e+01,2.855861294461876199e+01,2.855861294461876199e+01,2.855861294461876199e+01,2.855861294461876199e+01,2.855861294461876199e+01,2.855861294461876199e+01,2.855861294461876199e+01,2.855861294461876199e+01,2.855861294461876199e+01,2.855861294461876199e+01,2.855861294461876199e+01,2.852770284841334814e+01,2.855861294461876199e+01,2.855861294461876199e+01,2.884745879086779752e+01,2.855861294461876199e+01,2.887773438208248322e+01,2.855861294461876199e+01,2.855861294461876199e+01,2.855861294461876199e+01,2.855861294461876199e+01,2.855861294461876199e+01,2.852770284841334814e+01,2.852770284841334814e+01,2.855861294461876199e+01,2.884745879086779752e+01,2.855861294461876199e+01,2.855861294461876199e+01,2.887773438208248322e+01,2.855861294461876199e+01,2.855861294461876199e+01,2.887773438208248322e+01,2.855861294461876199e+01,2.855861294461876199e+01,2.855861294461876199e+01,2.855861294461876199e+01,2.887773438208248322e+01,2.887773438208248322e+01,2.884745879086779752e+01,2.884745879086779752e+01,2.854416991979131524e+01,2.887773438208248322e+01,2.887773438208248322e+01,2.884745879086779752e+01,2.884745879086779752e+01,2.884745879086779752e+01,2.884745879086779752e+01,2.884745879086779752e+01,2.855861294461876199e+01,2.884745879086779752e+01,2.887773438208248322e+01,2.884745879086779752e+01,2.884745879086779752e+01,2.887773438208248322e+01,2.884745879086779752e+01,2.884745879086779752e+01,2.887773438208248322e+01,2.884745879086779752e+01,2.884745879086779752e+01,2.884745879086779752e+01,2.887773438208248322e+01,2.887773438208248322e+01,2.884745879086779752e+01,2.887773438208248322e+01,2.884745879086779752e+01,2.884745879086779752e+01,2.884745879086779752e+01,2.884745879086779752e+01,2.887773438208248322e+01,2.884745879086779752e+01,2.884745879086779752e+01,2.887773438208248322e+01,2.884745879086779752e+01,2.884745879086779752e+01,2.884745879086779752e+01,2.884745879086779752e+01,2.884745879086779752e+01,2.887773438208248322e+01,2.887773438208248322e+01,2.887773438208248322e+01,2.884745879086779752e+01,2.884745879086779752e+01,2.884745879086779752e+01,2.884745879086779752e+01,2.884745879086779752e+01,2.884745879086779752e+01,2.886368204996568565e+01,2.884745879086779752e+01,2.886368204996568565e+01,2.884745879086779752e+01,2.884745879086779752e+01,2.884745879086779752e+01,2.884745879086779752e+01,2.884745879086779752e+01,2.884745879086779752e+01,2.884745879086779752e+01,2.884745879086779752e+01,2.884745879086779752e+01,2.884745879086779752e+01,2.884745879086779752e+01,2.884745879086779752e+01,2.884745879086779752e+01,2.884745879086779752e+01,2.884745879086779752e+01,2.884745879086779752e+01,2.884745879086779752e+01,2.884745879086779752e+01,2.884745879086779752e+01,2.884745879086779752e+01,2.884745879086779752e+01,2.884745879086779752e+01,2.884745879086779752e+01,2.884745879086779752e+01,2.884745879086779752e+01,2.884745879086779752e+01,2.884745879086779752e+01,2.884745879086779752e+01,2.884745879086779752e+01,2.884745879086779752e+01,2.884745879086779752e+01,2.884745879086779752e+01,2.884745879086779752e+01,2.884745879086779752e+01,2.884745879086779752e+01,2.884745879086779752e+01,2.884745879086779752e+01,2.884745879086779752e+01,2.884745879086779752e+01,2.884745879086779752e+01,2.884745879086779752e+01,2.884745879086779752e+01,2.884745879086779752e+01,2.884745879086779752e+01,2.884745879086779752e+01,2.884745879086779752e+01,2.884745879086779752e+01,2.884745879086779752e+01,2.884745879086779752e+01,2.884745879086779752e+01,2.884745879086779752e+01,2.884745879086779752e+01,2.884745879086779752e+01,2.884745879086779752e+01,2.884745879086779752e+01,2.944437957121200711e+01,2.884745879086779752e+01,2.884745879086779752e+01,2.884745879086779752e+01,2.944437957121200711e+01,2.884745879086779752e+01,2.944437957121200711e+01,2.884745879086779752e+01,2.884745879086779752e+01,2.884745879086779752e+01,2.944437957121200711e+01,2.884745879086779752e+01,2.884745879086779752e+01,2.884745879086779752e+01,2.884745879086779752e+01,2.884745879086779752e+01,2.884745879086779752e+01,2.884745879086779752e+01,2.944437957121200711e+01,2.944437957121200711e+01,2.944437957121200711e+01,2.884745879086779752e+01,2.944437957121200711e+01,2.944437957121200711e+01,2.944437957121200711e+01,2.944437957121200711e+01,2.944437957121200711e+01,2.944437957121200711e+01,2.944437957121200711e+01,2.944437957121200711e+01,2.884745879086779752e+01,2.944437957121200711e+01,2.944437957121200711e+01,2.944437957121200711e+01,2.944437957121200711e+01,2.944437957121200711e+01,2.944437957121200711e+01,2.944437957121200711e+01,2.944437957121200711e+01,2.944437957121200711e+01,2.944437957121200711e+01,2.944437957121200711e+01,2.944437957121200711e+01,2.944437957121200711e+01,2.944437957121200711e+01,2.944437957121200711e+01,2.944437957121200711e+01,2.944437957121200711e+01,2.944437957121200711e+01,2.944437957121200711e+01,2.944437957121200711e+01,2.944437957121200711e+01,2.944437957121200711e+01,2.944437957121200711e+01,2.944437957121200711e+01,2.944437957121200711e+01,2.944437957121200711e+01,2.944437957121200711e+01,2.944437957121200711e+01,2.944437957121200711e+01,2.944437957121200711e+01,2.944437957121200711e+01,2.944437957121200711e+01,2.944437957121200711e+01,2.944437957121200711e+01,2.944437957121200711e+01,2.944437957121200711e+01,2.944437957121200711e+01,2.944437957121200711e+01,2.944437957121200711e+01,2.944437957121200711e+01,2.944437957121200711e+01,2.944437957121200711e+01,2.944437957121200711e+01,2.944437957121200711e+01,2.944437957121200711e+01,2.944437957121200711e+01,2.944437957121200711e+01,2.944437957121200711e+01,2.944437957121200711e+01,2.944437957121200711e+01,2.944437957121200711e+01,2.944437957121200711e+01,2.944437957121200711e+01,2.944437957121200711e+01,2.944437957121200711e+01,2.944437957121200711e+01,2.944437957121200711e+01,2.944437957121200711e+01,2.944437957121200711e+01,2.944437957121200711e+01,2.944437957121200711e+01,2.944437957121200711e+01,2.944437957121200711e+01,2.944437957121200711e+01,2.944437957121200711e+01,2.944437957121200711e+01,2.944437957121200711e+01,2.944437957121200711e+01,2.944437957121200711e+01,2.944437957121200711e+01,2.944437957121200711e+01,2.944437957121200711e+01,2.944437957121200711e+01,2.944437957121200711e+01,2.944437957121200711e+01,2.944437957121200711e+01,2.944437957121200711e+01,2.944437957121200711e+01,2.944437957121200711e+01,2.944437957121200711e+01,2.944437957121200711e+01,2.944437957121200711e+01,2.944437957121200711e+01,2.944437957121200711e+01,2.944437957121200711e+01,2.944437957121200711e+01,2.944437957121200711e+01,2.944437957121200711e+01,2.944437957121200711e+01,2.944437957121200711e+01,2.944437957121200711e+01,2.944437957121200711e+01,2.944437957121200711e+01,2.944437957121200711e+01,2.944437957121200711e+01,2.944437957121200711e+01,2.944437957121200711e+01,2.944437957121200711e+01,2.944437957121200711e+01,2.944437957121200711e+01,2.944437957121200711e+01,2.944437957121200711e+01,2.944437957121200711e+01,2.944437957121200711e+01,2.944437957121200711e+01,2.944437957121200711e+01,2.944437957121200711e+01,2.944437957121200711e+01,2.944437957121200711e+01,2.944437957121200711e+01,2.944437957121200711e+01,2.944437957121200711e+01,2.944437957121200711e+01,2.944437957121200711e+01,2.944437957121200711e+01,2.944437957121200711e+01,2.944437957121200711e+01,2.944437957121200711e+01,2.944437957121200711e+01,2.944437957121200711e+01,2.944437957121200711e+01,2.944437957121200711e+01,2.944437957121200711e+01,2.944437957121200711e+01,2.944437957121200711e+01,2.944437957121200711e+01,2.944437957121200711e+01,2.944437957121200711e+01,2.944437957121200711e+01,2.944437957121200711e+01,2.944437957121200711e+01,2.944437957121200711e+01,2.944437957121200711e+01,2.944437957121200711e+01,2.944437957121200711e+01,2.944437957121200711e+01,2.944437957121200711e+01,2.944437957121200711e+01,2.944437957121200711e+01,2.944437957121200711e+01,2.944437957121200711e+01,2.944437957121200711e+01,2.944437957121200711e+01,2.944437957121200711e+01,2.944437957121200711e+01,2.944437957121200711e+01,2.944437957121200711e+01,2.944437957121200711e+01,2.945539627240012948e+01,2.946499799760563931e+01,2.944437957121200711e+01,2.944437957121200711e+01,2.944437957121200711e+01,2.944437957121200711e+01,2.944437957121200711e+01,2.944437957121200711e+01,2.944437957121200711e+01,2.946499799760563931e+01,2.944437957121200711e+01,2.944437957121200711e+01,2.944437957121200711e+01,2.944437957121200711e+01,2.944437957121200711e+01,2.944437957121200711e+01,2.944437957121200711e+01,2.946499799760563931e+01,2.946499799760563931e+01,2.944437957121200711e+01,2.944437957121200711e+01,2.946499799760563931e+01,2.946499799760563931e+01,2.944437957121200711e+01,2.946499799760563931e+01,2.944437957121200711e+01,2.946499799760563931e+01,2.946499799760563931e+01,2.944437957121200711e+01,2.944437957121200711e+01,2.944437957121200711e+01,2.944437957121200711e+01,2.944437957121200711e+01,2.944437957121200711e+01,2.944437957121200711e+01,2.944437957121200711e+01,2.944437957121200711e+01,2.944437957121200711e+01,2.944437957121200711e+01,2.944437957121200711e+01,3.001869608903586339e+01,2.944437957121200711e+01,2.944437957121200711e+01,2.944437957121200711e+01,2.944437957121200711e+01,2.944437957121200711e+01,2.946499799760563931e+01,2.944437957121200711e+01,2.944437957121200711e+01,2.946499799760563931e+01,2.944437957121200711e+01,2.944437957121200711e+01,3.001869608903586339e+01,3.001869608903586339e+01,2.970580228090909003e+01,2.946499799760563931e+01,3.001869608903586339e+01,3.001869608903586339e+01,3.001869608903586339e+01,3.001869608903586339e+01,3.001869608903586339e+01,3.001869608903586339e+01,3.001869608903586339e+01,3.001869608903586339e+01,3.001869608903586339e+01,3.001869608903586339e+01,3.001869608903586339e+01,3.001869608903586339e+01,3.001869608903586339e+01,3.001869608903586339e+01,3.001869608903586339e+01,3.001869608903586339e+01,3.001869608903586339e+01,3.001869608903586339e+01,3.001869608903586339e+01,3.001869608903586339e+01,3.001869608903586339e+01,3.001869608903586339e+01,3.001869608903586339e+01,3.001869608903586339e+01,3.001869608903586339e+01,3.001869608903586339e+01,3.001869608903586339e+01,3.001869608903586339e+01,3.001869608903586339e+01,3.001869608903586339e+01,3.001869608903586339e+01,3.001869608903586339e+01,3.001869608903586339e+01,3.001869608903586339e+01,3.001869608903586339e+01,3.001869608903586339e+01,3.001869608903586339e+01,3.001869608903586339e+01,3.001869608903586339e+01,3.001869608903586339e+01,3.001869608903586339e+01,3.001869608903586339e+01,3.001869608903586339e+01,3.001869608903586339e+01,3.001869608903586339e+01,3.001869608903586339e+01,3.001869608903586339e+01,3.056838912305971689e+01,3.056838912305971689e+01,3.001869608903586339e+01,3.015627449643673330e+01,3.001869608903586339e+01,3.001869608903586339e+01,3.001869608903586339e+01,3.001869608903586339e+01,3.001869608903586339e+01,3.032600019468409158e+01,3.001869608903586339e+01,3.001869608903586339e+01,3.056838912305971689e+01,3.001869608903586339e+01,3.001869608903586339e+01,3.001869608903586339e+01,3.056838912305971689e+01,3.001869608903586339e+01,3.026913453057282766e+01,3.056838912305971689e+01,3.026913453057282766e+01,3.056838912305971689e+01,3.086734642399736472e+01,3.086734642399736472e+01,3.056838912305971689e+01,3.056838912305971689e+01,3.056838912305971689e+01,3.001869608903586339e+01,3.056838912305971689e+01,3.086734642399736472e+01,3.056838912305971689e+01,3.056838912305971689e+01,3.056838912305971689e+01,3.086734642399736472e+01,3.086734642399736472e+01,3.086734642399736472e+01,3.086734642399736472e+01,3.086734642399736472e+01,3.086734642399736472e+01,3.086734642399736472e+01,3.086734642399736472e+01,3.086734642399736472e+01,3.086734642399736472e+01,3.056838912305971689e+01,3.086734642399736472e+01,3.086734642399736472e+01,3.086734642399736472e+01,3.086734642399736472e+01,3.086734642399736472e+01,3.086734642399736472e+01,3.086734642399736472e+01,3.086734642399736472e+01,3.086734642399736472e+01,3.086734642399736472e+01,3.086734642399736472e+01,3.086734642399736472e+01,3.086734642399736472e+01,3.086734642399736472e+01,3.086734642399736472e+01,3.086734642399736472e+01,3.086734642399736472e+01,3.086734642399736472e+01,3.086734642399736472e+01,3.086734642399736472e+01,3.086734642399736472e+01,3.086734642399736472e+01,3.086734642399736472e+01,3.056838912305971689e+01,3.086734642399736472e+01,3.086734642399736472e+01,3.086734642399736472e+01,3.086734642399736472e+01,3.086734642399736472e+01,3.086734642399736472e+01,3.086734642399736472e+01,3.086734642399736472e+01,3.086734642399736472e+01,3.086734642399736472e+01,3.086734642399736472e+01,3.086734642399736472e+01,3.086734642399736472e+01,3.086734642399736472e+01,3.086734642399736472e+01,3.086734642399736472e+01,3.086734642399736472e+01,3.086734642399736472e+01,3.086734642399736472e+01,3.086734642399736472e+01,3.086734642399736472e+01,3.086734642399736472e+01,3.086734642399736472e+01,3.086734642399736472e+01,3.086734642399736472e+01,3.086734642399736472e+01,3.086734642399736472e+01,3.086734642399736472e+01,3.086734642399736472e+01,3.086734642399736472e+01,3.086734642399736472e+01,3.086734642399736472e+01,3.086734642399736472e+01,3.086734642399736472e+01,3.086734642399736472e+01,3.086734642399736472e+01,3.086734642399736472e+01,3.086734642399736472e+01,3.086734642399736472e+01,3.086734642399736472e+01,3.086734642399736472e+01,3.086734642399736472e+01,3.138474785837680159e+01,3.086734642399736472e+01,3.086734642399736472e+01,3.138474785837680159e+01,3.086734642399736472e+01,3.086734642399736472e+01,3.138474785837680159e+01,3.086734642399736472e+01,3.110308438011944787e+01,3.086734642399736472e+01,3.086734642399736472e+01,3.086734642399736472e+01,3.138474785837680159e+01,3.086734642399736472e+01,3.138474785837680159e+01,3.086734642399736472e+01,3.138474785837680159e+01,3.086734642399736472e+01,3.138474785837680159e+01,3.138474785837680159e+01,3.138474785837680159e+01,3.138474785837680159e+01,3.138474785837680159e+01,3.086734642399736472e+01,3.138474785837680159e+01,3.138474785837680159e+01,3.138474785837680159e+01,3.138474785837680159e+01,3.138474785837680159e+01,3.138474785837680159e+01,3.138474785837680159e+01,3.138474785837680159e+01,3.138474785837680159e+01,3.138474785837680159e+01,3.138474785837680159e+01,3.138474785837680159e+01,3.138474785837680159e+01,3.138474785837680159e+01,3.138474785837680159e+01,3.138474785837680159e+01,3.138474785837680159e+01,3.138474785837680159e+01,3.138474785837680159e+01,3.138474785837680159e+01,3.138474785837680159e+01,3.138474785837680159e+01,3.138474785837680159e+01,3.138474785837680159e+01,3.138474785837680159e+01,3.138474785837680159e+01,3.138474785837680159e+01,3.138474785837680159e+01,3.138474785837680159e+01,3.138474785837680159e+01,3.138474785837680159e+01,3.138474785837680159e+01,3.138474785837680159e+01,3.138474785837680159e+01,3.138474785837680159e+01,3.138474785837680159e+01,3.138474785837680159e+01,3.138474785837680159e+01,3.138474785837680159e+01,3.138474785837680159e+01,3.138474785837680159e+01,3.138474785837680159e+01,3.138474785837680159e+01,3.138474785837680159e+01,3.138474785837680159e+01,3.138474785837680159e+01,3.138474785837680159e+01,3.138474785837680159e+01,3.138474785837680159e+01,3.138474785837680159e+01,3.138474785837680159e+01,3.138474785837680159e+01,3.138474785837680159e+01,3.138474785837680159e+01,3.138474785837680159e+01,3.138474785837680159e+01,3.138474785837680159e+01,3.138474785837680159e+01,3.138474785837680159e+01,3.138474785837680159e+01,3.138474785837680159e+01,3.138474785837680159e+01,3.138474785837680159e+01,3.138474785837680159e+01,3.138474785837680159e+01,3.138474785837680159e+01,3.138474785837680159e+01,3.138474785837680159e+01,3.138474785837680159e+01,3.138474785837680159e+01,3.138474785837680159e+01,3.138474785837680159e+01,3.138474785837680159e+01,3.138474785837680159e+01,3.138474785837680159e+01,3.138474785837680159e+01,3.138474785837680159e+01,3.138474785837680159e+01,3.138474785837680159e+01,3.138474785837680159e+01,3.138474785837680159e+01,3.138474785837680159e+01,3.138474785837680159e+01,3.138474785837680159e+01,3.138474785837680159e+01,3.138474785837680159e+01,3.138474785837680159e+01,3.138474785837680159e+01,3.138474785837680159e+01,3.138474785837680159e+01,3.138474785837680159e+01,3.139399728812644597e+01,3.138474785837680159e+01,3.138474785837680159e+01,3.138474785837680159e+01,3.138474785837680159e+01,3.138474785837680159e+01,3.138474785837680159e+01,3.138474785837680159e+01,3.138474785837680159e+01,3.138474785837680159e+01,3.138474785837680159e+01,3.138474785837680159e+01,3.138474785837680159e+01,3.138474785837680159e+01,3.138474785837680159e+01,3.138474785837680159e+01,3.139399728812644597e+01,3.138474785837680159e+01,3.138474785837680159e+01,3.138474785837680159e+01,3.138474785837680159e+01,3.138474785837680159e+01,3.138474785837680159e+01,3.138474785837680159e+01,3.138474785837680159e+01,3.138474785837680159e+01,3.138474785837680159e+01,3.138474785837680159e+01,3.138474785837680159e+01,3.138474785837680159e+01,3.138474785837680159e+01,3.138474785837680159e+01,3.138474785837680159e+01,3.139399728812644597e+01,3.139399728812644597e+01,3.138474785837680159e+01,3.138474785837680159e+01,3.138474785837680159e+01,3.138474785837680159e+01,3.138474785837680159e+01,3.139399728812644597e+01,3.138474785837680159e+01,3.138474785837680159e+01,3.139399728812644597e+01,3.139399728812644597e+01,3.138474785837680159e+01,3.139399728812644597e+01,3.139399728812644597e+01,3.138859600949391293e+01,3.139399728812644597e+01,3.138474785837680159e+01,3.139399728812644597e+01,3.139399728812644597e+01,3.138474785837680159e+01,3.169142989502814700e+01,3.169142989502814700e+01,3.138474785837680159e+01,3.139399728812644597e+01,3.139399728812644597e+01,3.138474785837680159e+01,3.139399728812644597e+01,3.138474785837680159e+01,3.138474785837680159e+01,3.138474785837680159e+01,3.138474785837680159e+01,3.139399728812644597e+01,3.169142989502814700e+01,3.139399728812644597e+01,3.138474785837680159e+01,3.139399728812644597e+01,3.138474785837680159e+01,3.138474785837680159e+01,3.139399728812644597e+01,3.138474785837680159e+01,3.139399728812644597e+01,3.169142989502814700e+01,3.139399728812644597e+01,3.139399728812644597e+01,3.169142989502814700e+01,3.169142989502814700e+01,3.138474785837680159e+01,3.138474785837680159e+01,3.139399728812644597e+01,3.139399728812644597e+01,3.138474785837680159e+01,3.138474785837680159e+01,3.169142989502814700e+01,3.139399728812644597e+01,3.168058201130547147e+01,3.169142989502814700e+01,3.169142989502814700e+01,3.169142989502814700e+01,3.139399728812644597e+01,3.169142989502814700e+01,3.169142989502814700e+01,3.169142989502814700e+01,3.169142989502814700e+01,3.169142989502814700e+01,3.169142989502814700e+01,3.169142989502814700e+01,3.169142989502814700e+01,3.152729353493635500e+01,3.189499231360810683e+01,3.189499231360810683e+01,3.168058201130547147e+01,3.169142989502814700e+01,3.168058201130547147e+01,3.169142989502814700e+01,3.169142989502814700e+01,3.138474785837680159e+01,3.138474785837680159e+01,3.169142989502814700e+01,3.169142989502814700e+01,3.169142989502814700e+01,3.169142989502814700e+01,3.169142989502814700e+01,3.218502266326796502e+01,3.169142989502814700e+01,3.169142989502814700e+01,3.169142989502814700e+01,3.169142989502814700e+01,3.169142989502814700e+01,3.169142989502814700e+01,3.169142989502814700e+01,3.169142989502814700e+01,3.218502266326796502e+01,3.218502266326796502e+01,3.168058201130547147e+01,3.169142989502814700e+01,3.218502266326796502e+01,3.218502266326796502e+01,3.169142989502814700e+01,3.218502266326796502e+01,3.169142989502814700e+01,3.169142989502814700e+01,3.169142989502814700e+01,3.218502266326796502e+01,3.169142989502814700e+01,3.216761224857143020e+01,3.169142989502814700e+01,3.168522072235925080e+01,3.218502266326796502e+01,3.169142989502814700e+01,3.218502266326796502e+01,3.218502266326796502e+01,3.218502266326796502e+01,3.169142989502814700e+01,3.169142989502814700e+01,3.218502266326796502e+01,3.218502266326796502e+01,3.169142989502814700e+01,3.218502266326796502e+01,3.218502266326796502e+01,3.169142989502814700e+01,3.218502266326796502e+01,3.169142989502814700e+01,3.218502266326796502e+01,3.218502266326796502e+01,3.169142989502814700e+01,3.169142989502814700e+01,3.218502266326796502e+01,3.169142989502814700e+01,3.218502266326796502e+01,3.218502266326796502e+01,3.218502266326796502e+01,3.218502266326796502e+01,3.218502266326796502e+01,3.218502266326796502e+01,3.218502266326796502e+01,3.218502266326796502e+01,3.218502266326796502e+01,3.169142989502814700e+01,3.218502266326796502e+01,3.218502266326796502e+01,3.218502266326796502e+01,3.218502266326796502e+01,3.218502266326796502e+01,3.218502266326796502e+01,3.169142989502814700e+01,3.169142989502814700e+01,3.218502266326796502e+01,3.218502266326796502e+01,3.218502266326796502e+01,3.218502266326796502e+01,3.218502266326796502e+01,3.218502266326796502e+01,3.218502266326796502e+01,3.218502266326796502e+01,3.218502266326796502e+01,3.218502266326796502e+01,3.218502266326796502e+01,3.218502266326796502e+01,3.218502266326796502e+01,3.218502266326796502e+01,3.218502266326796502e+01,3.218502266326796502e+01,3.218502266326796502e+01,3.218502266326796502e+01,3.191640495624871932e+01,3.218502266326796502e+01,3.218502266326796502e+01,3.218502266326796502e+01,3.218502266326796502e+01,3.218502266326796502e+01,3.218502266326796502e+01,3.218502266326796502e+01,3.218502266326796502e+01,3.218502266326796502e+01,3.218502266326796502e+01,3.218502266326796502e+01,3.218502266326796502e+01,3.218502266326796502e+01,3.218502266326796502e+01,3.218502266326796502e+01,3.218502266326796502e+01,3.218502266326796502e+01,3.218502266326796502e+01,3.218502266326796502e+01,3.218502266326796502e+01,3.218502266326796502e+01,3.218502266326796502e+01,3.218502266326796502e+01,3.218502266326796502e+01,3.218502266326796502e+01,3.218502266326796502e+01,3.218502266326796502e+01,3.218502266326796502e+01,3.218502266326796502e+01,3.218502266326796502e+01,3.218502266326796502e+01,3.218502266326796502e+01,3.218502266326796502e+01,3.218502266326796502e+01,3.218502266326796502e+01,3.218502266326796502e+01,3.218502266326796502e+01,3.218502266326796502e+01,3.218502266326796502e+01,3.218502266326796502e+01,3.218502266326796502e+01,3.218502266326796502e+01,3.218502266326796502e+01,3.218502266326796502e+01,3.218502266326796502e+01,3.218502266326796502e+01,3.218502266326796502e+01,3.218502266326796502e+01,3.218502266326796502e+01,3.218502266326796502e+01,3.218502266326796502e+01,3.218502266326796502e+01,3.218502266326796502e+01,3.218502266326796502e+01,3.218502266326796502e+01,3.218502266326796502e+01,3.218502266326796502e+01,3.218502266326796502e+01,3.218502266326796502e+01,3.218502266326796502e+01,3.218502266326796502e+01,3.218502266326796502e+01,3.218502266326796502e+01,3.250026864397924697e+01,3.218502266326796502e+01,3.247892027961729866e+01,3.218502266326796502e+01,3.247892027961729866e+01,3.247892027961729866e+01,3.247892027961729866e+01,3.218502266326796502e+01,3.247892027961729866e+01,3.218502266326796502e+01,3.218502266326796502e+01,3.247892027961729866e+01,3.247892027961729866e+01,3.218502266326796502e+01,3.247892027961729866e+01,3.247892027961729866e+01,3.232579215835525588e+01,3.247892027961729866e+01,3.218502266326796502e+01,3.247892027961729866e+01,3.247892027961729866e+01,3.218502266326796502e+01,3.247892027961729866e+01,3.218502266326796502e+01,3.247892027961729866e+01,3.247892027961729866e+01,3.247892027961729866e+01,3.247892027961729866e+01,3.247892027961729866e+01,3.218502266326796502e+01,3.247892027961729866e+01,3.247892027961729866e+01,3.247892027961729866e+01,3.247892027961729866e+01,3.250026864397924697e+01,3.250026864397924697e+01,3.247892027961729866e+01,3.248827885154179995e+01,3.247892027961729866e+01,3.247892027961729866e+01,3.247892027961729866e+01,3.247892027961729866e+01,3.250026864397924697e+01,3.247892027961729866e+01,3.247892027961729866e+01,3.247892027961729866e+01,3.218502266326796502e+01,3.218502266326796502e+01,3.247892027961729866e+01,3.247892027961729866e+01,3.247892027961729866e+01,3.250026864397924697e+01,3.250026864397924697e+01,3.247892027961729866e+01,3.247892027961729866e+01,3.247892027961729866e+01,3.247892027961729866e+01,3.247892027961729866e+01,3.250026864397924697e+01,3.247892027961729866e+01,3.247892027961729866e+01,3.250026864397924697e+01,3.247892027961729866e+01,3.250026864397924697e+01,3.250026864397924697e+01,3.250026864397924697e+01,3.250026864397924697e+01,3.247892027961729866e+01,3.250026864397924697e+01,3.250026864397924697e+01,3.247892027961729866e+01,3.247892027961729866e+01,3.250026864397924697e+01,3.247892027961729866e+01,3.250026864397924697e+01,3.250026864397924697e+01,3.247892027961729866e+01,3.250026864397924697e+01,3.247892027961729866e+01,3.250026864397924697e+01,3.247892027961729866e+01,3.250026864397924697e+01,3.247892027961729866e+01,3.250026864397924697e+01,3.250026864397924697e+01,3.247892027961729866e+01,3.247892027961729866e+01,3.247892027961729866e+01,3.250026864397924697e+01,3.250026864397924697e+01,3.247892027961729866e+01,3.247892027961729866e+01,3.247892027961729866e+01,3.250026864397924697e+01,3.250026864397924697e+01,3.247892027961729866e+01,3.247892027961729866e+01,3.247892027961729866e+01,3.250026864397924697e+01,3.250026864397924697e+01,3.250026864397924697e+01,3.247892027961729866e+01,3.250026864397924697e+01,3.250026864397924697e+01,3.247892027961729866e+01,3.247892027961729866e+01,3.250026864397924697e+01,3.250026864397924697e+01,3.297012905288396922e+01,3.247892027961729866e+01,3.294320188647969871e+01,3.247892027961729866e+01,3.250026864397924697e+01,3.250026864397924697e+01,3.297012905288396922e+01,3.250026864397924697e+01,3.250026864397924697e+01,3.248827885154179995e+01,3.250026864397924697e+01,3.250026864397924697e+01,3.248827885154179995e+01,3.250026864397924697e+01,3.250026864397924697e+01,3.297012905288396922e+01,3.250026864397924697e+01,3.297012905288396922e+01,3.250026864397924697e+01,3.250026864397924697e+01,3.297012905288396922e+01,3.297012905288396922e+01,3.294320188647969871e+01,3.250026864397924697e+01,3.250026864397924697e+01,3.250026864397924697e+01,3.297012905288396922e+01,3.297012905288396922e+01,3.297012905288396922e+01,3.297012905288396922e+01,3.250026864397924697e+01,3.250026864397924697e+01,3.250026864397924697e+01,3.297012905288396922e+01,3.297012905288396922e+01,3.250026864397924697e+01,3.297012905288396922e+01,3.297012905288396922e+01,3.297012905288396922e+01,3.297012905288396922e+01,3.297012905288396922e+01,3.297012905288396922e+01,3.250026864397924697e+01,3.297012905288396922e+01,3.297012905288396922e+01,3.297012905288396922e+01,3.297012905288396922e+01,3.297012905288396922e+01,3.297012905288396922e+01,3.297012905288396922e+01,3.297012905288396922e+01,3.297012905288396922e+01,3.297012905288396922e+01,3.297012905288396922e+01,3.297012905288396922e+01,3.297012905288396922e+01,3.297012905288396922e+01,3.297012905288396922e+01,3.297012905288396922e+01,3.297012905288396922e+01,3.297012905288396922e+01,3.297012905288396922e+01,3.297012905288396922e+01,3.297012905288396922e+01,3.297012905288396922e+01,3.297012905288396922e+01,3.297012905288396922e+01,3.297012905288396922e+01
2.173963325732494667e+01,2.223371478570446769e+01,2.218725370165464028e+01,2.223371478570446769e+01,2.218725370165464028e+01,2.218725370165464028e+01,2.223371478570446769e+01,2.223371478570446769e+01,2.223371478570446769e+01,2.223371478570446769e+01,2.223371478570446769e+01,2.223371478570446769e+01,2.223371478570446769e+01,2.223371478570446769e+01,2.223371478570446769e+01,2.223371478570446769e+01,2.223371478570446769e+01,2.229517725556563335e+01,2.229517725556563335e+01,2.229517725556563335e+01,2.229517725556563335e+01,2.229517725556563335e+01,2.229517725556563335e+01,2.229517725556563335e+01,2.229517725556563335e+01,2.229517725556563335e+01,2.229517725556563335e+01,2.229517725556563335e+01,2.229517725556563335e+01,2.229517725556563335e+01,2.229517725556563335e+01,2.229517725556563335e+01,2.229517725556563335e+01,2.229517725556563335e+01,2.229517725556563335e+01,2.229517725556563335e+01,2.229517725556563335e+01,2.229517725556563335e+01,2.229517725556563335e+01,2.229517725556563335e+01,2.229517725556563335e+01,2.229517725556563335e+01,2.229517725556563335e+01,2.229517725556563335e+01,2.229517725556563335e+01,2.229517725556563335e+01,2.229517725556563335e+01,2.229517725556563335e+01,2.229517725556563335e+01,2.229517725556563335e+01,2.229517725556563335e+01,2.229517725556563335e+01,2.229517725556563335e+01,2.229517725556563335e+01,2.229517725556563335e+01,2.229517725556563335e+01,2.223371478570446769e+01,2.223371478570446769e+01,2.223371478570446769e+01,2.223371478570446769e+01,2.223371478570446769e+01,2.223371478570446769e+01,2.229517725556563335e+01,2.223371478570446769e+01,2.223371478570446769e+01,2.223371478570446769e+01,2.223371478570446769e+01,2.223371478570446769e+01,2.223371478570446769e+01,2.223371478570446769e+01,2.223371478570446769e+01,2.229517725556563335e+01,2.223371478570446769e+01,2.229517725556563335e+01,2.229517725556563335e+01,2.229517725556563335e+01,2.223371478570446769e+01,2.229517725556563335e+01,2.223371478570446769e+01,2.229517725556563335e+01,2.229517725556563335e+01,2.229517725556563335e+01,2.229517725556563335e+01,2.229517725556563335e+01,2.229517725556563335e+01,2.229517725556563335e+01,2.229517725556563335e+01,2.229517725556563335e+01,2.229517725556563335e+01,2.229517725556563335e+01,2.229517725556563335e+01,2.229517725556563335e+01,2.229517725556563335e+01,2.229517725556563335e+01,2.251844738774753196e+01,2.229517725556563335e+01,2.251844738774753196e+01,2.251844738774753196e+01,2.251844738774753196e+01,2.251844738774753196e+01,2.251844738774753196e+01,2.251844738774753196e+01,2.251844738774753196e+01,2.251844738774753196e+01,2.251844738774753196e+01,2.251844738774753196e+01,2.251844738774753196e+01,2.251844738774753196e+01,2.251844738774753196e+01,2.251844738774753196e+01,2.251844738774753196e+01,2.251844738774753196e+01,2.251844738774753196e+01,2.251844738774753196e+01,2.251844738774753196e+01,2.251844738774753196e+01,2.251844738774753196e+01,2.251844738774753196e+01,2.251844738774753196e+01,2.251844738774753196e+01,2.251844738774753196e+01,2.251844738774753196e+01,2.251844738774753196e+01,2.251844738774753196e+01,2.251844738774753196e+01,2.251844738774753196e+01,2.251844738774753196e+01,2.251844738774753196e+01,2.251844738774753196e+01,2.251844738774753196e+01,2.304595867991581670e+01,2.251844738774753196e+01,2.304595867991581670e+01,2.304595867991581670e+01,2.304595867991581670e+01,2.304595867991581670e+01,2.304595867991581670e+01,2.304595867991581670e+01,2.304595867991581670e+01,2.304595867991581670e+01,2.304595867991581670e+01,2.304595867991581670e+01,2.304595867991581670e+01,2.304595867991581670e+01,2.304595867991581670e+01,2.304595867991581670e+01,2.304595867991581670e+01,2.304595867991581670e+01,2.304595867991581670e+01,2.310530222954349711e+01,2.304595867991581670e+01,2.304595867991581670e+01,2.310530222954349711e+01,2.310530222954349711e+01,2.304595867991581670e+01,2.304595867991581670e+01,2.328316926514976970e+01,2.310530222954349711e+01,2.334199040178477702e+01,2.328316926514976970e+01,2.328316926514976970e+01,2.328316926514976970e+01,2.334199040178477702e+01,2.304595867991581670e+01,2.328316926514976970e+01,2.334199040178477702e+01,2.358923359361364902e+01,2.334199040178477702e+01,2.390420127453475985e+01,2.390420127453475985e+01,2.334199040178477702e+01,2.328316926514976970e+01,2.384169801406214972e+01,2.390420127453475985e+01,2.390420127453475985e+01,2.390420127453475985e+01,2.401528454359213782e+01,2.385877250664984217e+01,2.415576469371741553e+01,2.387734743968395179e+01,2.411086151122763610e+01,2.415576469371741553e+01,2.415576469371741553e+01,2.415576469371741553e+01,2.415576469371741553e+01,2.415576469371741553e+01,2.415576469371741553e+01,2.415576469371741553e+01,2.415576469371741553e+01,2.415576469371741553e+01,2.415576469371741553e+01,2.415576469371741553e+01,2.415576469371741553e+01,2.415576469371741553e+01,2.415576469371741553e+01,2.359491062621518509e+01,2.415576469371741553e+01,2.415576469371741553e+01,2.415576469371741553e+01,2.415576469371741553e+01,2.415576469371741553e+01,2.415576469371741553e+01,2.415576469371741553e+01,2.415576469371741553e+01,2.415576469371741553e+01,2.415576469371741553e+01,2.415576469371741553e+01,2.442471324143195588e+01,2.415576469371741553e+01,2.442471324143195588e+01,2.415576469371741553e+01,2.415576469371741553e+01,2.442471324143195588e+01,2.442471324143195588e+01,2.415576469371741553e+01,2.442471324143195588e+01,2.415576469371741553e+01,2.442471324143195588e+01,2.442471324143195588e+01,2.442471324143195588e+01,2.442471324143195588e+01,2.442471324143195588e+01,2.442471324143195588e+01,2.442471324143195588e+01,2.442471324143195588e+01,2.442471324143195588e+01,2.442471324143195588e+01,2.442471324143195588e+01,2.442471324143195588e+01,2.442471324143195588e+01,2.442471324143195588e+01,2.442471324143195588e+01,2.442471324143195588e+01,2.442471324143195588e+01,2.442471324143195588e+01,2.442471324143195588e+01,2.442471324143195588e+01,2.442471324143195588e+01,2.442471324143195588e+01,2.442471324143195588e+01,2.442471324143195588e+01,2.442471324143195588e+01,2.442471324143195588e+01,2.442471324143195588e+01,2.442471324143195588e+01,2.442471324143195588e+01,2.442471324143195588e+01,2.442471324143195588e+01,2.442471324143195588e+01,2.442471324143195588e+01,2.442471324143195588e+01,2.442471324143195588e+01,2.503171844852079175e+01,2.503171844852079175e+01,2.503171844852079175e+01,2.503171844852079175e+01,2.503171844852079175e+01,2.503171844852079175e+01,2.503171844852079175e+01,2.503171844852079175e+01,2.531677140999201470e+01,2.503171844852079175e+01,2.503171844852079175e+01,2.503171844852079175e+01,2.515778886264882175e+01,2.531677140999201470e+01,2.531677140999201470e+01,2.531677140999201470e+01,2.531677140999201470e+01,2.531677140999201470e+01,2.531677140999201470e+01,2.531677140999201470e+01,2.531677140999201470e+01,2.531677140999201470e+01,2.531677140999201470e+01,2.531677140999201470e+01,2.531677140999201470e+01,2.531677140999201470e+01,2.531677140999201470e+01,2.531677140999201470e+01,2.531677140999201470e+01,2.531677140999201470e+01,2.531677140999201470e+01,2.596482286134985173e+01,2.531677140999201470e+01,2.531677140999201470e+01,2.531677140999201470e+01,2.531677140999201470e+01,2.596482286134985173e+01,2.531677140999201470e+01,2.531677140999201470e+01,2.531677140999201470e+01,2.531677140999201470e+01,2.531677140999201470e+01,2.596482286134985173e+01,2.531677140999201470e+01,2.596482286134985173e+01,2.596482286134985173e+01,2.596482286134985173e+01,2.596482286134985173e+01,2.596482286134985173e+01,2.596482286134985173e+01,2.596482286134985173e+01,2.596482286134985173e+01,2.596482286134985173e+01,2.596482286134985173e+01,2.596482286134985173e+01,2.596482286134985173e+01,2.596482286134985173e+01,2.625811560393651689e+01,2.595501725612631461e+01,2.625811560393651689e+01,2.691686240230285776e+01,2.691686240230285776e+01,2.625811560393651689e+01,2.691686240230285776e+01,2.691686240230285776e+01,2.691686240230285776e+01,2.625811560393651689e+01,2.691686240230285776e+01,2.691628417244054816e+01,2.691686240230285776e+01,2.691686240230285776e+01,2.691686240230285776e+01,2.691686240230285776e+01,2.691909497606414803e+01,2.691686240230285776e+01,2.691686240230285776e+01,2.691909497606414803e+01,2.691686240230285776e+01,2.691686240230285776e+01,2.691686240230285776e+01,2.691909497606414803e+01,2.691686240230285776e+01,2.691686240230285776e+01,2.691909497606414803e+01,2.691686240230285776e+01,2.691686240230285776e+01,2.691686240230285776e+01,2.691909497606414803e+01,2.691686240230285776e+01,2.691686240230285776e+01,2.691686240230285776e+01,2.691909497606414803e+01,2.691909497606414803e+01,2.691909497606414803e+01,2.691686240230285776e+01,2.691909497606414803e+01,2.691909497606414803e+01,2.691909497606414803e+01,2.721362303119014570e+01,2.691909497606414803e+01,2.721362303119014570e+01,2.721362303119014570e+01,2.721362303119014570e+01,2.721830339860218118e+01,2.721830339860218118e+01,2.721830339860218118e+01,2.721830339860218118e+01,2.721830339860218118e+01,2.721830339860218118e+01,2.721362303119014570e+01,2.721830339860218118e+01,2.721830339860218118e+01,2.721830339860218118e+01,2.721830339860218118e+01,2.721830339860218118e+01,2.721830339860218118e+01,2.721362303119014570e+01,2.721830339860218118e+01,2.721830339860218118e+01,2.721830339860218118e+01,2.721362303119014570e+01,2.721830339860218118e+01,2.721830339860218118e+01,2.721830339860218118e+01,2.721830339860218118e+01,2.721830339860218118e+01,2.721830339860218118e+01,2.721830339860218118e+01,2.721830339860218118e+01,2.721830339860218118e+01,2.721830339860218118e+01,2.721830339860218118e+01,2.721830339860218118e+01,2.721830339860218118e+01,2.721830339860218118e+01,2.721830339860218118e+01,2.721830339860218118e+01,2.752867702424900287e+01,2.752867702424900287e+01,2.721830339860218118e+01,2.752867702424900287e+01,2.752867702424900287e+01,2.721830339860218118e+01,2.752867702424900287e+01,2.752867702424900287e+01,2.721830339860218118e+01,2.817326400711670686e+01,2.752867702424900287e+01,2.817326400711670686e+01,2.752867702424900287e+01,2.817326400711670686e+01,2.817326400711670686e+01,2.817326400711670686e+01,2.817326400711670686e+01,2.819067941970613944e+01,2.845914703546921842e+01,2.880313512100547868e+01,2.817326400711670686e+01,2.880313512100547868e+01,2.881464323547692530e+01,2.880313512100547868e+01,2.880313512100547868e+01,2.880313512100547868e+01,2.880313512100547868e+01,2.880313512100547868e+01,2.880313512100547868e+01,2.880313512100547868e+01,2.881464323547692530e+01,2.881464323547692530e+01,2.880313512100547868e+01,2.881464323547692530e+01,2.881464323547692530e+01,2.881464323547692530e+01,2.881464323547692530e+01,2.881464323547692530e+01,2.881464323547692530e+01,2.881464323547692530e+01,2.881464323547692530e+01,2.881464323547692530e+01,2.910486970509251492e+01,2.881464323547692530e+01,2.881464323547692530e+01,2.881464323547692530e+01,2.911701122021531773e+01,2.881464323547692530e+01,2.911701122021531773e+01,2.911701122021531773e+01,2.911701122021531773e+01,2.911701122021531773e+01,2.911701122021531773e+01,2.911701122021531773e+01,2.911701122021531773e+01,2.911701122021531773e+01,2.911701122021531773e+01,2.911701122021531773e+01,2.911701122021531773e+01,2.911701122021531773e+01,2.911701122021531773e+01,2.911701122021531773e+01,2.911701122021531773e+01,2.911701122021531773e+01,2.911701122021531773e+01,2.911701122021531773e+01,2.911701122021531773e+01,2.911701122021531773e+01,2.911701122021531773e+01,2.911701122021531773e+01,2.911701122021531773e+01,2.911701122021531773e+01,2.911701122021531773e+01,2.911701122021531773e+01,2.911701122021531773e+01,2.911701122021531773e+01,2.911701122021531773e+01,2.911701122021531773e+01,2.911701122021531773e+01,2.911701122021531773e+01,2.911701122021531773e+01,2.911701122021531773e+01,2.911701122021531773e+01,2.911701122021531773e+01,2.911701122021531773e+01,2.911701122021531773e+01,2.942700560534790455e+01,2.942700560534790455e+01,2.942700560534790455e+01,2.969257334113017421e+01,2.942700560534790455e+01,3.001050806377011071e+01,3.001050806377011071e+01,3.001050806377011071e+01,3.001050806377011071e+01,2.942700560534790455e+01,3.001050806377011071e+01,3.001050806377011071e+01,3.001050806377011071e+01,3.001050806377011071e+01,3.001050806377011071e+01,3.001050806377011071e+01,3.001050806377011071e+01,3.001050806377011071e+01,3.001050806377011071e+01,3.001050806377011071e+01,3.001050806377011071e+01,3.001050806377011071e+01,3.001050806377011071e+01,3.001050806377011071e+01,3.001050806377011071e+01,3.001050806377011071e+01,3.001050806377011071e+01,3.001050806377011071e+01,3.001050806377011071e+01,3.001050806377011071e+01,3.001050806377011071e+01,3.056878487220813767e+01,3.001050806377011071e+01,3.056878487220813767e+01,3.056878487220813767e+01,3.056878487220813767e+01,3.001050806377011071e+01,3.056878487220813767e+01,3.056878487220813767e+01,3.056878487220813767e+01,3.086883658706835831e+01,3.086883658706835831e+01,3.086883658706835831e+01,3.086883658706835831e+01,3.086883658706835831e+01,3.086883658706835831e+01,3.086883658706835831e+01,3.086883658706835831e+01,3.086883658706835831e+01,3.086883658706835831e+01,3.086883658706835831e+01,3.086883658706835831e+01,3.086883658706835831e+01,3.086883658706835831e+01,3.086883658706835831e+01,3.086883658706835831e+01,3.086883658706835831e+01,3.086883658706835831e+01,3.086883658706835831e+01,3.086883658706835831e+01,3.086883658706835831e+01,3.086883658706835831e+01,3.086883658706835831e+01,3.086883658706835831e+01,3.086883658706835831e+01,3.086883658706835831e+01,3.086883658706835831e+01,3.086883658706835831e+01,3.086883658706835831e+01,3.086883658706835831e+01,3.086883658706835831e+01,3.086883658706835831e+01,3.086883658706835831e+01,3.086883658706835831e+01,3.139399728812644597e+01,3.086883658706835831e+01,3.086883658706835831e+01,3.086883658706835831e+01,3.086883658706835831e+01,3.110824993966195251e+01,3.117392248117404208e+01,3.169142989502814700e+01,3.169142989502814700e+01,3.169142989502814700e+01,3.169142989502814700e+01,3.169142989502814700e+01,3.169142989502814700e+01,3.169142989502814700e+01,3.169142989502814700e+01,3.139399728812644597e+01,3.169142989502814700e+01,3.169142989502814700e+01,3.169142989502814700e+01,3.169142989502814700e+01,3.168058201130547147e+01,3.169142989502814700e+01,3.169142989502814700e+01,3.169142989502814700e+01,3.169142989502814700e+01,3.169142989502814700e+01,3.169142989502814700e+01,3.169142989502814700e+01,3.168058201130547147e+01,3.169142989502814700e+01,3.169142989502814700e+01,3.169142989502814700e+01,3.169142989502814700e+01,3.169142989502814700e+01,3.169142989502814700e+01,3.169142989502814700e+01,3.169142989502814700e+01,3.169142989502814700e+01,3.169142989502814700e+01,3.169142989502814700e+01,3.169142989502814700e+01,3.169142989502814700e+01,3.169142989502814700e+01,3.169142989502814700e+01,3.169142989502814700e+01,3.169142989502814700e+01,3.169142989502814700e+01,3.199285106939865031e+01,3.199285106939865031e+01,3.169142989502814700e+01,3.169142989502814700e+01,3.199285106939865031e+01,3.245946215727191486e+01,3.199285106939865031e+01,3.199285106939865031e+01,3.199285106939865031e+01,3.199285106939865031e+01,3.199285106939865031e+01,3.199285106939865031e+01,3.199285106939865031e+01,3.247892027961729866e+01,3.247892027961729866e+01,3.247892027961729866e+01,3.247892027961729866e+01,3.198032208833131307e+01,3.247892027961729866e+01,3.247892027961729866e+01,3.199285106939865031e+01,3.247892027961729866e+01,3.247892027961729866e+01,3.247892027961729866e+01,3.247892027961729866e+01,3.199285106939865031e+01,3.247892027961729866e+01,3.247892027961729866e+01,3.247892027961729866e+01,3.247892027961729866e+01,3.247892027961729866e+01,3.247892027961729866e+01,3.247892027961729866e+01,3.247892027961729866e+01,3.247892027961729866e+01,3.245946215727191486e+01,3.245946215727191486e+01,3.198032208833131307e+01,3.245946215727191486e+01,3.245946215727191486e+01,3.245946215727191486e+01,3.245946215727191486e+01,3.245946215727191486e+01,3.245946215727191486e+01,3.245946215727191486e+01,3.247892027961729866e+01,3.277586528904875962e+01,3.247892027961729866e+01,3.245946215727191486e+01,3.245946215727191486e+01,3.245946215727191486e+01,3.245946215727191486e+01,3.245946215727191486e+01,3.245946215727191486e+01,3.245946215727191486e+01,3.245946215727191486e+01,3.245946215727191486e+01,3.245946215727191486e+01,3.245946215727191486e+01,3.245946215727191486e+01,3.245946215727191486e+01,3.245946215727191486e+01,3.275426043544307930e+01,3.245946215727191486e+01,3.275426043544307930e+01,3.275426043544307930e+01,3.275426043544307930e+01,3.275426043544307930e+01,3.275426043544307930e+01,3.275426043544307930e+01,3.275426043544307930e+01,3.275426043544307930e+01,3.275426043544307930e+01,3.275426043544307930e+01,3.275426043544307930e+01,3.275426043544307930e+01,3.275426043544307930e+01,3.320567042829328130e+01,3.320567042829328130e+01,3.320567042829328130e+01,3.275426043544307930e+01,3.320567042829328130e+01,3.320567042829328130e+01,3.320567042829328130e+01,3.320567042829328130e+01,3.320567042829328130e+01,3.320567042829328130e+01,3.320567042829328130e+01,3.320567042829328130e+01,3.320567042829328130e+01,3.320567042829328130e+01,3.320567042829328130e+01,3.320567042829328130e+01,3.320567042829328130e+01,3.320567042829328130e+01,3.320567042829328130e+01,3.320567042829328130e+01,3.320567042829328130e+01,3.320567042829328130e+01,3.320567042829328130e+01,3.349487889694070475e+01,3.320567042829328130e+01,3.349487889694070475e+01,3.320567042829328130e+01,3.349487889694070475e+01,3.320567042829328130e+01,3.349487889694070475e+01,3.349487889694070475e+01,3.349487889694070475e+01,3.349487889694070475e+01,3.349487889694070475e+01,3.349487889694070475e+01,3.349487889694070475e+01,3.349487889694070475e+01,3.349487889694070475e+01,3.349487889694070475e+01,3.349487889694070475e+01,3.352447334196873641e+01,3.349487889694070475e+01,3.352447334196873641e+01,3.349487889694070475e+01,3.349487889694070475e+01,3.392127637914298077e+01,3.395484774560697616e+01,3.392127637914298077e+01,3.368877435164620238e+01,3.392127637914298077e+01,3.392127637914298077e+01,3.392127637914298077e+01,3.395484774560697616e+01,3.395484774560697616e+01,3.395484774560697616e+01,3.395484774560697616e+01,3.392127637914298077e+01,3.395484774560697616e+01,3.395484774560697616e+01,3.395484774560697616e+01,3.392127637914298077e+01,3.395484774560697616e+01,3.395484774560697616e+01,3.395484774560697616e+01,3.395484774560697616e+01,3.395484774560697616e+01,3.395484774560697616e+01,3.395484774560697616e+01,3.395484774560697616e+01,3.395484774560697616e+01,3.395484774560697616e+01,3.420438551647608705e+01,3.424074847796311616e+01,3.424074847796311616e+01,3.424074847796311616e+01,3.420438551647608705e+01,3.424074847796311616e+01,3.424074847796311616e+01,3.424074847796311616e+01,3.424074847796311616e+01,3.424074847796311616e+01,3.424074847796311616e+01,3.424074847796311616e+01,3.424074847796311616e+01,3.424074847796311616e+01,3.424074847796311616e+01,3.424074847796311616e+01,3.424074847796311616e+01,3.424074847796311616e+01,3.424074847796311616e+01,3.424074847796311616e+01,3.464748162004269005e+01,3.424074847796311616e+01,3.424074847796311616e+01,3.424074847796311616e+01,3.424074847796311616e+01,3.464748162004269005e+01,3.424074847796311616e+01,3.464748162004269005e+01,3.464748162004269005e+01,3.464748162004269005e+01,3.464748162004269005e+01,3.464748162004269005e+01,3.464748162004269005e+01,3.464748162004269005e+01,3.464748162004269005e+01,3.464748162004269005e+01,3.464748162004269005e+01,3.464748162004269005e+01,3.464748162004269005e+01,3.464748162004269005e+01,3.464748162004269005e+01,3.464748162004269005e+01,3.464748162004269005e+01,3.492708763666971095e+01,3.492708763666971095e+01,3.464748162004269005e+01,3.504010981917436851e+01,3.504010981917436851e+01,3.531301678167795188e+01,3.531301678167795188e+01,3.504010981917436851e+01,3.531301678167795188e+01,3.531301678167795188e+01,3.531301678167795188e+01,3.531301678167795188e+01,3.531301678167795188e+01,3.531301678167795188e+01,3.531301678167795188e+01,3.531301678167795188e+01,3.531301678167795188e+01,3.531301678167795188e+01,3.531301678167795188e+01,3.531301678167795188e+01,3.531301678167795188e+01,3.531301678167795188e+01,3.531301678167795188e+01,3.531301678167795188e+01,3.531301678167795188e+01,3.531301678167795188e+01,3.531301678167795188e+01,3.531301678167795188e+01,3.531301678167795188e+01,3.531301678167795188e+01,3.531301678167795188e+01,3.531301678167795188e+01,3.535821833742451048e+01,3.531301678167795188e+01,3.531301678167795188e+01,3.531301678167795188e+01,3.531301678167795188e+01,3.531301678167795188e+01,3.531301678167795188e+01,3.535821833742451048e+01,3.531301678167795188e+01,3.535821833742451048e+01,3.535821833742451048e+01,3.531301678167795188e+01,3.535821833742451048e+01,3.535821833742451048e+01,3.535821833742451048e+01,3.535821833742451048e+01,3.531301678167795188e+01,3.535821833742451048e+01,3.573288505350137001e+01,3.535821833742451048e+01,3.535821833742451048e+01,3.535821833742451048e+01,3.585415686119591783e+01,3.563401027524435705e+01,3.600237973828628668e+01,3.573288505350137001e+01,3.563401027524435705e+01,3.563401027524435705e+01,3.563401027524435705e+01,3.563401027524435705e+01,3.600237973828628668e+01,3.600237973828628668e+01,3.600237973828628668e+01,3.600237973828628668e+01,3.600237973828628668e+01,3.600237973828628668e+01,3.600237973828628668e+01,3.600237973828628668e+01,3.600237973828628668e+01,3.600237973828628668e+01,3.600237973828628668e+01,3.600237973828628668e+01,3.600237973828628668e+01,3.600237973828628668e+01,3.605291062595954799e+01,3.600237973828628668e+01,3.605291062595954799e+01,3.600237973828628668e+01,3.600237973828628668e+01,3.600237973828628668e+01,3.600237973828628668e+01,3.605291062595954799e+01,3.605291062595954799e+01,3.605291062595954799e+01,3.600237973828628668e+01,3.605291062595954799e+01,3.605291062595954799e+01,3.605291062595954799e+01,3.605291062595954799e+01,3.605291062595954799e+01,3.605291062595954799e+01,3.605291062595954799e+01,3.605291062595954799e+01,3.605291062595954799e+01,3.632460270659566959e+01,3.605291062595954799e+01,3.605291062595954799e+01,3.605291062595954799e+01,3.667621063893836464e+01,3.632460270659566959e+01,3.605291062595954799e+01,3.632460270659566959e+01,3.632460270659566959e+01,3.667621063893836464e+01,3.667621063893836464e+01,3.667621063893836464e+01,3.667621063893836464e+01,3.667621063893836464e+01,3.667621063893836464e+01,3.667621063893836464e+01,3.667621063893836464e+01,3.667621063893836464e+01,3.667621063893836464e+01,3.667621063893836464e+01,3.667621063893836464e+01,3.673112053347524864e+01,3.667621063893836464e+01,3.667621063893836464e+01,3.667621063893836464e+01,3.667621063893836464e+01,3.673112053347524864e+01,3.667621063893836464e+01,3.673112053347524864e+01,3.667621063893836464e+01,3.701818037849701426e+01,3.673112053347524864e+01,3.673112053347524864e+01,3.701818037849701426e+01,3.667621063893836464e+01,3.701818037849701426e+01,3.707232000314373010e+01,3.673112053347524864e+01,3.707232000314373010e+01,3.707232000314373010e+01,3.699845699869168669e+01,3.707232000314373010e+01,3.701818037849701426e+01,3.707232000314373010e+01,3.707232000314373010e+01,3.733420327822668838e+01,3.733420327822668838e+01,3.707232000314373010e+01,3.733420327822668838e+01,3.733420327822668838e+01,3.733420327822668838e+01,3.733420327822668838e+01,3.733420327822668838e+01,3.733420327822668838e+01,3.733420327822668838e+01,3.733420327822668838e+01,3.733420327822668838e+01,3.733420327822668838e+01,3.733420327822668838e+01,3.733420327822668838e+01,3.733420327822668838e+01,3.733420327822668838e+01,3.733420327822668838e+01,3.733420327822668838e+01,3.766136181740551336e+01,3.733420327822668838e+01,3.766136181740551336e+01,3.733420327822668838e+01,3.733420327822668838e+01,3.766136181740551336e+01,3.766136181740551336e+01,3.771842833765707326e+01,3.766136181740551336e+01,3.766136181740551336e+01,3.766136181740551336e+01,3.798178888091673144e+01,3.771842833765707326e+01,3.771842833765707326e+01,3.815063769275707983e+01,3.791679321405863590e+01,3.815063769275707983e+01,3.828945353456574452e+01,3.828945353456574452e+01,3.828945353456574452e+01,3.828945353456574452e+01,3.828945353456574452e+01,3.828945353456574452e+01,3.828945353456574452e+01,3.828945353456574452e+01,3.828945353456574452e+01,3.828945353456574452e+01,3.828945353456574452e+01,3.828945353456574452e+01,3.828945353456574452e+01,3.828945353456574452e+01,3.828945353456574452e+01,3.828945353456574452e+01,3.828945353456574452e+01,3.828945353456574452e+01,3.859695912555163488e+01,3.828945353456574452e+01,3.865375791789971061e+01,3.859695912555163488e+01,3.865375791789971061e+01,3.859695912555163488e+01,3.859695912555163488e+01,3.890242468132615983e+01,3.884342376984028533e+01,3.890242468132615983e+01,3.884342376984028533e+01,3.884342376984028533e+01,3.890242468132615983e+01,3.890242468132615983e+01,3.890242468132615983e+01,3.890242468132615983e+01,3.890242468132615983e+01,3.890242468132615983e+01,3.890242468132615983e+01,3.890242468132615983e+01,3.890242468132615983e+01,3.919792043207850440e+01,3.890242468132615983e+01,3.919792043207850440e+01,3.890242468132615983e+01,3.919792043207850440e+01,3.919792043207850440e+01,3.919792043207850440e+01,3.890242468132615983e+01,3.919792043207850440e+01,3.919792043207850440e+01,3.919792043207850440e+01,3.919792043207850440e+01,3.968118702004005627e+01,3.941629543348321363e+01,3.968118702004005627e+01,3.968118702004005627e+01,3.974299495876385890e+01,3.974299495876385890e+01,3.968118702004005627e+01,3.968118702004005627e+01,3.974299495876385890e+01,3.974299495876385890e+01,3.974299495876385890e+01,3.974299495876385890e+01,3.974299495876385890e+01,3.974299495876385890e+01,3.974299495876385890e+01,4.002328603042980859e+01,3.974299495876385890e+01,4.002328603042980859e+01,3.974299495876385890e+01,4.002328603042980859e+01,4.002328603042980859e+01,4.025972478995577575e+01,4.025972478995577575e+01,4.025972478995577575e+01,4.002328603042980859e+01,4.002328603042980859e+01,4.025972478995577575e+01,4.025972478995577575e+01,4.032152807759821656e+01,4.032152807759821656e+01,4.032152807759821656e+01,4.025972478995577575e+01,4.025972478995577575e+01,4.028743606164965740e+01,4.025972478995577575e+01,4.032152807759821656e+01,4.032152807759821656e+01,4.032152807759821656e+01,4.032152807759821656e+01,4.032152807759821656e+01,4.032152807759821656e+01,4.032152807759821656e+01,4.032152807759821656e+01,4.082413094184362734e+01,4.082413094184362734e+01,4.059201784478110397e+01,4.082413094184362734e+01,4.082413094184362734e+01,4.082413094184362734e+01,4.082413094184362734e+01,4.082413094184362734e+01,4.082413094184362734e+01,4.082413094184362734e+01,4.108882516189919443e+01,4.108882516189919443e+01,4.108882516189919443e+01,4.114690789863414011e+01,4.114690789863414011e+01,4.114690789863414011e+01,4.137466457620040927e+01,4.114690789863414011e+01,4.137466457620040927e+01,4.137466457620040927e+01,4.137466457620040927e+01,4.137466457620040927e+01,4.137466457620040927e+01,4.137466457620040927e+01,4.137466457620040927e+01,4.137466457620040927e+01,4.137466457620040927e+01,4.137466457620040927e+01,4.137466457620040927e+01,4.137466457620040927e+01,4.137466457620040927e+01,4.137466457620040927e+01,4.137466457620040927e+01,4.137466457620040927e+01,4.163135321354758389e+01,4.163135321354758389e+01,4.185331835156791414e+01,4.210604627758917218e+01,4.210604627758917218e+01,4.216112637195326585e+01,4.216112637195326585e+01,4.216112637195326585e+01,4.216112637195326585e+01,4.216112637195326585e+01,4.216112637195326585e+01,4.216112637195326585e+01,4.216112637195326585e+01,4.216112637195326585e+01,4.216112637195326585e+01,4.216112637195326585e+01,4.237889991923083954e+01,4.262512597506542278e+01,4.255976104838658358e+01,4.262512597506542278e+01,4.264913254533919940e+01,4.267847372886459567e+01,4.267847372886459567e+01,4.292136520805981803e+01,4.292136520805981803e+01,4.292136520805981803e+01,4.292136520805981803e+01,4.292136520805981803e+01,4.292136520805981803e+01,4.292136520805981803e+01,4.292136520805981803e+01,4.313250498571991187e+01,4.292136520805981803e+01,4.313250498571991187e+01,4.313250498571991187e+01,4.292136520805981803e+01,4.313250498571991187e+01,4.313250498571991187e+01,4.313250498571991187e+01,4.313250498571991187e+01,4.313250498571991187e+01,4.337317927295466546e+01,4.337317927295466546e+01,4.337317927295466546e+01,4.337317927295466546e+01,4.337317927295466546e+01,4.342127264340076920e+01,4.357919910260579854e+01,4.357919910260579854e+01,4.362853060201809541e+01,4.357919910260579854e+01,4.362853060201809541e+01,4.357919910260579854e+01,4.362853060201809541e+01,4.362853060201809541e+01,4.362853060201809541e+01,4.362853060201809541e+01,4.386432512739624201e+01,4.362853060201809541e+01,4.386432512739624201e+01,4.386432512739624201e+01,4.406662153263662418e+01,4.406662153263662418e+01,4.406662153263662418e+01,4.406662153263662418e+01,4.406662153263662418e+01,4.406662153263662418e+01,4.406662153263662418e+01,4.411357367709609889e+01,4.430106157217797858e+01,4.434507653656707760e+01,4.434507653656707760e+01,4.434507653656707760e+01,4.434507653656707760e+01,4.434507653656707760e+01,4.434507653656707760e+01,4.477420796923901491e+01,4.481579070212126936e+01,4.504485125391425981e+01,4.504485125391425981e+01,4.523787034936894713e+01,4.523787034936894713e+01,4.523787034936894713e+01,4.523787034936894713e+01,4.523787034936894713e+01,4.523787034936894713e+01,4.523787034936894713e+01,4.523787034936894713e+01,4.523787034936894713e+01,4.523787034936894713e+01,4.523787034936894713e+01,4.523787034936894713e+01,4.565493827787589964e+01,4.565493827787589964e+01,4.569239763874336546e+01,4.588278820761187404e+01,4.591792548498958837e+01,4.575730513096694096e+01,4.591792548498958837e+01,4.591792548498958837e+01,4.591792548498958837e+01,4.591792548498958837e+01,4.591792548498958837e+01,4.591792548498958837e+01,4.591792548498958837e+01,4.610331872607914505e+01,4.610331872607914505e+01,4.610331872607914505e+01,4.610331872607914505e+01,4.632846871696958857e+01,4.632846871696958857e+01,4.632846871696958857e+01,4.632846871696958857e+01,4.632846871696958857e+01,4.632846871696958857e+01,4.636119374792515657e+01,4.632846871696958857e+01,4.632846871696958857e+01,4.636119374792515657e+01,4.655498502300391550e+01,4.676620576408047469e+01,4.676620576408047469e+01,4.676620576408047469e+01,4.676620576408047469e+01,4.676620576408047469e+01,4.676620576408047469e+01,4.679642852477189763e+01,4.701887194453082941e+01,4.699038120504927463e+01,4.719631396095469711e+01,4.701887194453082941e+01,4.701887194453082941e+01,4.701887194453082941e+01,4.719631396095469711e+01,4.719631396095469711e+01,4.719631396095469711e+01,4.719631396095469711e+01,4.741847150954546208e+01,4.719631396095469711e+01,4.722396767389426486e+01,4.722396767389426486e+01,4.744462219546431925e+01,4.744462219546431925e+01,4.744462219546431925e+01,4.744462219546431925e+01,4.754438236973199849e+01,4.783954977247813645e+01,4.768975002061483082e+01,4.783954977247813645e+01,4.783954977247813645e+01,4.783954977247813645e+01,4.786332007006061673e+01,4.786332007006061673e+01,4.786332007006061673e+01,4.786332007006061673e+01,4.808382498809510963e+01,4.808382498809510963e+01,4.808382498809510963e+01,4.808382498809510963e+01,4.808382498809510963e+01,4.808382498809510963e+01,4.808382498809510963e+01,4.825390959913536904e+01,4.808382498809510963e+01,4.825390959913536904e+01,4.847401097975888007e+01,4.847401097975888007e+01,4.847401097975888007e+01,4.847401097975888007e+01,4.859350311405897571e+01,4.869505754995811486e+01,4.869505754995811486e+01,4.871480337129714400e+01,4.871480337129714400e+01,4.871480337129714400e+01,4.871480337129714400e+01,4.888066655261717131e+01,4.888066655261717131e+01,4.888066655261717131e+01,4.888066655261717131e+01,4.888066655261717131e+01,4.889895872087178930e+01,4.910034532299070520e+01,4.889895872087178930e+01,4.911811408479222507e+01,4.911811408479222507e+01,4.921701241181357034e+01,4.911811408479222507e+01,4.933808543451825557e+01,4.949992344690567592e+01,4.949992344690567592e+01,4.949992344690567592e+01,4.949992344690567592e+01,4.949992344690567592e+01,4.951572170599870049e+01,4.971901262820022538e+01,4.973462817868680474e+01,4.973462817868680474e+01,4.973462817868680474e+01,5.005184352579469476e+01,4.973462817868680474e+01,5.005184352579469476e+01,5.006616390585677578e+01,5.005184352579469476e+01,5.006616390585677578e+01,5.028291669564505639e+01,5.028291669564505639e+01,5.026860932221225653e+01,5.043833837478595683e+01,5.043833837478595683e+01,5.043833837478595683e+01,5.065427892627759121e+01,5.065427892627759121e+01,5.065427892627759121e+01,5.065427892627759121e+01,5.065427892627759121e+01,5.065427892627759121e+01,5.065427892627759121e+01,5.080693473755320611e+01,5.081987982430545969e+01,5.102194505400991176e+01,5.081987982430545969e+01,5.102194505400991176e+01,5.103513440686832325e+01,5.125043055476278653e+01,5.103513440686832325e+01,5.125043055476278653e+01,5.125043055476278653e+01,5.125043055476278653e+01,5.139982169701202963e+01,5.139982169701202963e+01,5.139982169701202963e+01,5.139982169701202963e+01,5.162600523261023255e+01,5.162600523261023255e+01,5.162600523261023255e+01,5.162600523261023255e+01,5.162600523261023255e+01,5.184042219794043405e+01,5.162600523261023255e+01,5.190641770498901764e+01,5.198669035350179968e+01,5.198669035350179968e+01,5.198669035350179968e+01,5.198669035350179968e+01,5.198669035350179968e+01,5.199727491382271438e+01,5.199727491382271438e+01,5.199727491382271438e+01,5.221101603554538428e+01,5.221101603554538428e+01,5.221101603554538428e+01,5.235523402679931593e+01,5.235523402679931593e+01,5.235523402679931593e+01,5.235523402679931593e+01,5.236441739434720688e+01,5.236441739434720688e+01,5.257756635107439536e+01,5.236441739434720688e+01,5.257756635107439536e+01,5.257756635107439536e+01,5.271976894468119923e+01,5.271976894468119923e+01,5.293151756075022973e+01,5.293151756075022973e+01,5.293151756075022973e+01,5.294023094378353989e+01,5.293151756075022973e+01,5.293151756075022973e+01,5.314262858295731462e+01,5.314262858295731462e+01,5.329916108422491305e+01,5.317557056153847839e+01,5.329163560599955929e+01,5.351060075168098251e+01,5.351060075168098251e+01,5.351060075168098251e+01,5.350208929244387690e+01,5.351060075168098251e+01,5.351060075168098251e+01,5.351060075168098251e+01,5.351060075168098251e+01,5.364810852006245767e+01,5.364810852006245767e+01,5.385795673446719434e+01,5.385795673446719434e+01,5.385795673446719434e+01,5.386542282826155059e+01,5.385795673446719434e+01,5.386542282826155059e+01,5.386542282826155059e+01,5.386542282826155059e+01,5.400107084565392768e+01,5.407544683088825366e+01,5.421035604440953648e+01,5.421035604440953648e+01,5.421035604440953648e+01,5.421682965063170911e+01,5.421035604440953648e+01,5.421682965063170911e+01,5.421355312749218314e+01,5.421682965063170911e+01,5.421682965063170911e+01,5.421682965063170911e+01,5.448633852300333302e+01,5.455940692756271915e+01,5.455940692756271915e+01,5.455940692756271915e+01,5.455940692756271915e+01,5.455940692756271915e+01,5.456494349389504350e+01
1.936524933696595951e+01,2.222601246532205721e+01,2.864944222019423492e+01,3.901850442525214646e+01,4.412601424794785743e+01,4.582072115655214617e+01,4.707800165886096977e+01,4.723169079986134733e+01,4.747125355140303782e+01,4.762275379784158957e+01,4.762275379784158957e+01,4.762275379784158957e+01,4.762275379784158957e+01,4.762275379784158957e+01,4.762275379784158957e+01,4.762275379784158957e+01,4.762275379784158957e+01,4.747125355140303782e+01,4.727285817718473737e+01,4.727285817718473737e+01,4.727285817718473737e+01,4.727285817718473737e+01,4.727285817718473737e+01,4.687715187632665703e+01,4.687715187632665703e+01,4.687715187632665703e+01,4.687715187632665703e+01,4.687715187632665703e+01,4.687715187632665703e+01,4.672082962413630725e+01,4.647634453048479486e+01,4.647634453048479486e+01,4.647634453048479486e+01,4.647634453048479486e+01,4.622975288406628636e+01,4.607024389261494690e+01,4.582072115655214617e+01,4.582072115655214617e+01,4.586400316752712314e+01,4.586400316752712314e+01,4.586400316752712314e+01,4.570142159285775563e+01,4.544971604713688862e+01,4.544971604713688862e+01,4.544971604713688862e+01,4.528437222054446920e+01,4.528437222054446920e+01,4.502957546711036230e+01,4.502957546711036230e+01,4.502957546711036230e+01,4.486132802663492214e+01,4.486132802663492214e+01,4.460332298467047707e+01,4.460332298467047707e+01,4.460332298467047707e+01,4.443201700151719535e+01,4.443201700151719535e+01,4.417068185799871571e+01,4.417068185799871571e+01,4.417068185799871571e+01,4.399614879749893248e+01,4.399614879749893248e+01,4.399614879749893248e+01,4.373135736421796338e+01,4.373135736421796338e+01,4.328503664374291304e+01,4.328503664374291304e+01,4.330566354542426666e+01,4.328503664374291304e+01,4.328503664374291304e+01,4.333106950526087786e+01,4.333106950526087786e+01,4.328503664374291304e+01,4.314840212183499801e+01,4.314840212183499801e+01,4.287781551798123303e+01,4.287781551798123303e+01,4.287781551798123303e+01,4.269121848414713583e+01,4.269121848414713583e+01,4.269121848414713583e+01,4.241688480286244811e+01,4.241688480286244811e+01,4.241688480286244811e+01,4.241688480286244811e+01,4.222614656061359284e+01,4.222614656061359284e+01,4.222614656061359284e+01,4.222614656061359284e+01,4.222614656061359284e+01,4.222614656061359284e+01,4.194789060676124137e+01,4.194789060676124137e+01,4.175279745635029371e+01,4.179949826792837797e+01,4.175279745635029371e+01,4.175279745635029371e+01,4.179949826792837797e+01,4.151923237544472300e+01,4.147040411460427833e+01,4.147040411460427833e+01,4.147040411460427833e+01,4.131784975728384524e+01,4.131784975728384524e+01,4.131784975728384524e+01,4.103330147133323180e+01,4.103330147133323180e+01,4.103330147133323180e+01,4.103330147133323180e+01,4.103330147133323180e+01,4.103330147133323180e+01,4.082699536221448255e+01,4.082699536221448255e+01,4.082699536221448255e+01,4.082699536221448255e+01,4.082699536221448255e+01,4.082699536221448255e+01,4.082699536221448255e+01,4.082699536221448255e+01,4.082699536221448255e+01,4.082699536221448255e+01,4.082699536221448255e+01,4.082699536221448255e+01,4.082699536221448255e+01,4.061849747927659138e+01,4.032635614633077381e+01,4.032635614633077381e+01,4.032635614633077381e+01,4.032635614633077381e+01,4.037569927866887554e+01,4.032635614633077381e+01,4.003207444082850230e+01,4.003207444082850230e+01,4.008402468000980434e+01,4.003207444082850230e+01,4.008402468000980434e+01,4.008402468000980434e+01,4.008402468000980434e+01,4.008402468000980434e+01,4.008402468000980434e+01,4.008402468000980434e+01,4.008402468000980434e+01,4.008402468000980434e+01,4.008402468000980434e+01,3.986502908765608311e+01,3.986502908765608311e+01,3.986502908765608311e+01,3.986502908765608311e+01,3.986502908765608311e+01,3.986502908765608311e+01,3.986502908765608311e+01,3.986502908765608311e+01,3.986502908765608311e+01,3.986502908765608311e+01,3.986502908765608311e+01,3.986502908765608311e+01,3.986502908765608311e+01,3.986502908765608311e+01,3.986502908765608311e+01,3.986502908765608311e+01,3.986502908765608311e+01,3.986502908765608311e+01,3.986502908765608311e+01,3.986502908765608311e+01,3.986502908765608311e+01,3.986502908765608311e+01,3.986502908765608311e+01,3.986502908765608311e+01,3.986502908765608311e+01,3.986502908765608311e+01,3.986502908765608311e+01,3.986502908765608311e+01,3.986502908765608311e+01,3.986502908765608311e+01,3.986502908765608311e+01,3.986502908765608311e+01,3.986502908765608311e+01,3.986502908765608311e+01,3.986502908765608311e+01,3.986502908765608311e+01,3.986502908765608311e+01,3.986502908765608311e+01,3.986502908765608311e+01,3.986502908765608311e+01,3.986502908765608311e+01,3.988797573118250028e+01,3.991649261187485820e+01,3.986502908765608311e+01,3.986502908765608311e+01,3.986502908765608311e+01,3.986502908765608311e+01,3.991649261187485820e+01,3.991649261187485820e+01,3.991649261187485820e+01,3.991649261187485820e+01,3.991649261187485820e+01,3.991649261187485820e+01,3.991649261187485820e+01,3.991649261187485820e+01,3.991649261187485820e+01,3.991649261187485820e+01,3.991649261187485820e+01,3.991649261187485820e+01,3.996967570928764957e+01,3.991649261187485820e+01,3.991649261187485820e+01,3.991649261187485820e+01,3.991649261187485820e+01,3.991649261187485820e+01,3.996967570928764957e+01,4.025900362948331690e+01,4.010012212015111999e+01,4.025900362948331690e+01,4.025900362948331690e+01,4.025900362948331690e+01,4.025900362948331690e+01,4.047902963456633785e+01,4.025900362948331690e+01,4.047902963456633785e+01,4.047902963456633785e+01,4.047902963456633785e+01,4.047902963456633785e+01,4.047902963456633785e+01,4.047902963456633785e+01,4.047902963456633785e+01,4.047902963456633785e+01,4.047902963456633785e+01,4.047902963456633785e+01,4.047902963456633785e+01,4.047902963456633785e+01,4.047902963456633785e+01,4.047902963456633785e+01,4.076311019338284325e+01,4.076311019338284325e+01,4.076311019338284325e+01,4.076311019338284325e+01,4.076311019338284325e+01,4.076311019338284325e+01,4.076311019338284325e+01,4.076311019338284325e+01,4.076311019338284325e+01,4.081408672042299202e+01,4.081408672042299202e+01,4.081408672042299202e+01,4.103066496453713086e+01,4.076311019338284325e+01,4.103066496453713086e+01,4.103066496453713086e+01,4.103066496453713086e+01,4.103066496453713086e+01,4.103066496453713086e+01,4.103066496453713086e+01,4.103066496453713086e+01,4.103066496453713086e+01,4.103066496453713086e+01,4.103066496453713086e+01,4.103066496453713086e+01,4.103066496453713086e+01,4.103066496453713086e+01,4.130712105934208012e+01,4.103066496453713086e+01,4.130712105934208012e+01,4.130712105934208012e+01,4.135839564210088071e+01,4.157149878289512657e+01,4.157149878289512657e+01,4.157149878289512657e+01,4.157149878289512657e+01,4.157149878289512657e+01,4.157149878289512657e+01,4.157149878289512657e+01,4.157149878289512657e+01,4.179070179691180442e+01,4.184084917620595689e+01,4.157149878289512657e+01,4.184084917620595689e+01,4.184084917620595689e+01,4.184084917620595689e+01,4.184084917620595689e+01,4.184084917620595689e+01,4.184084917620595689e+01,4.184084917620595689e+01,4.184084917620595689e+01,4.184084917620595689e+01,4.184084917620595689e+01,4.204865299247853017e+01,4.231449583003923465e+01,4.204865299247853017e+01,4.231449583003923465e+01,4.231449583003923465e+01,4.231449583003923465e+01,4.231449583003923465e+01,4.231449583003923465e+01,4.231449583003923465e+01,4.231449583003923465e+01,4.231449583003923465e+01,4.231449583003923465e+01,4.231449583003923465e+01,4.231449583003923465e+01,4.231449583003923465e+01,4.231449583003923465e+01,4.231449583003923465e+01,4.231449583003923465e+01,4.231449583003923465e+01,4.262680859661513466e+01,4.257979473970538464e+01,4.277989640510715930e+01,4.282860233996434829e+01,4.282860233996434829e+01,4.282860233996434829e+01,4.277989640510715930e+01,4.277989640510715930e+01,4.282860233996434829e+01,4.277989640510715930e+01,4.282860233996434829e+01,4.282860233996434829e+01,4.277989640510715930e+01,4.282860233996434829e+01,4.282860233996434829e+01,4.308807429576567216e+01,4.282860233996434829e+01,4.308807429576567216e+01,4.328508469034350981e+01,4.328508469034350981e+01,4.328508469034350981e+01,4.328508469034350981e+01,4.328508469034350981e+01,4.328508469034350981e+01,4.328508469034350981e+01,4.328508469034350981e+01,4.354186764737473680e+01,4.328508469034350981e+01,4.354186764737473680e+01,4.354186764737473680e+01,4.354186764737473680e+01,4.354186764737473680e+01,4.354186764737473680e+01,4.358725081456027795e+01,4.373428502686597596e+01,4.354186764737473680e+01,4.373428502686597596e+01,4.378117833613875121e+01,4.378117833613875121e+01,4.378117833613875121e+01,4.378117833613875121e+01,4.378117833613875121e+01,4.378117833613875121e+01,4.378117833613875121e+01,4.378117833613875121e+01,4.373428502686597596e+01,4.378117833613875121e+01,4.378117833613875121e+01,4.403292081838603877e+01,4.403292081838603877e+01,4.403292081838603877e+01,4.428466265174919414e+01,4.403292081838603877e+01,4.447187923350447392e+01,4.447187923350447392e+01,4.447187923350447392e+01,4.447187923350447392e+01,4.447187923350447392e+01,4.447187923350447392e+01,4.447187923350447392e+01,4.447187923350447392e+01,4.447187923350447392e+01,4.447187923350447392e+01,4.447187923350447392e+01,4.447187923350447392e+01,4.472128537925460989e+01,4.472128537925460989e+01,4.472128537925460989e+01,4.490437442492952158e+01,4.490437442492952158e+01,4.472128537925460989e+01,4.490437442492952158e+01,4.490437442492952158e+01,4.490437442492952158e+01,4.490437442492952158e+01,4.490437442492952158e+01,4.490437442492952158e+01,4.490437442492952158e+01,4.494705772511090203e+01,4.515146736717825604e+01,4.515146736717825604e+01,4.515146736717825604e+01,4.515146736717825604e+01,4.519219382702129195e+01,4.533062175877387290e+01,4.537257191980042137e+01,4.533062175877387290e+01,4.537257191980042137e+01,4.533062175877387290e+01,4.533062175877387290e+01,4.533062175877387290e+01,4.537257191980042137e+01,4.537257191980042137e+01,4.537257191980042137e+01,4.537257191980042137e+01,4.537257191980042137e+01,4.561562308854031755e+01,4.561562308854031755e+01,4.561562308854031755e+01,4.561562308854031755e+01,4.561562308854031755e+01,4.579216536823964390e+01,4.579216536823964390e+01,4.579216536823964390e+01,4.579216536823964390e+01,4.603310997872122101e+01,4.603310997872122101e+01,4.603310997872122101e+01,4.603310997872122101e+01,4.603310997872122101e+01,4.607242252473179178e+01,4.607242252473179178e+01,4.603310997872122101e+01,4.603310997872122101e+01,4.603310997872122101e+01,4.607242252473179178e+01,4.607242252473179178e+01,4.624638412418808997e+01,4.624638412418808997e+01,4.624638412418808997e+01,4.624638412418808997e+01,4.624638412418808997e+01,4.624638412418808997e+01,4.648376572167961029e+01,4.648376572167961029e+01,4.648376572167961029e+01,4.648376572167961029e+01,4.648376572167961029e+01,4.648376572167961029e+01,4.648376572167961029e+01,4.648376572167961029e+01,4.665418463947671768e+01,4.672071154177690033e+01,4.672071154177690033e+01,4.688961418390600500e+01,4.688961418390600500e+01,4.688961418390600500e+01,4.692754582100537419e+01,4.688961418390600500e+01,4.690677671685733685e+01,4.692754582100537419e+01,4.716124057593841457e+01,4.716124057593841457e+01,4.716124057593841457e+01,4.716124057593841457e+01,4.716124057593841457e+01,4.716124057593841457e+01,4.716124057593841457e+01,4.732780680558394693e+01,4.716124057593841457e+01,4.732780680558394693e+01,4.732780680558394693e+01,4.732780680558394693e+01,4.732780680558394693e+01,4.732780680558394693e+01,4.732780680558394693e+01,4.736463525882550840e+01,4.732780680558394693e+01,4.736463525882550840e+01,4.734448820437413019e+01,4.759532662849206019e+01,4.759532662849206019e+01,4.755953208956655232e+01,4.798845423775549790e+01,4.782551264588828133e+01,4.775958378099119983e+01,4.798845423775549790e+01,4.798845423775549790e+01,4.798845423775549790e+01,4.798845423775549790e+01,4.798845423775549790e+01,4.798845423775549790e+01,4.798845423775549790e+01,4.798845423775549790e+01,4.798845423775549790e+01,4.798845423775549790e+01,4.798845423775549790e+01,4.798845423775549790e+01,4.821667420940825366e+01,4.798845423775549790e+01,4.798845423775549790e+01,4.821667420940825366e+01,4.837672019984249516e+01,4.837672019984249516e+01,4.837672019984249516e+01,4.837672019984249516e+01,4.837672019984249516e+01,4.837672019984249516e+01,4.837672019984249516e+01,4.837672019984249516e+01,4.837672019984249516e+01,4.837672019984249516e+01,4.860300249378172310e+01,4.860300249378172310e+01,4.860300249378172310e+01,4.837672019984249516e+01,4.860300249378172310e+01,4.860300249378172310e+01,4.876028940605237949e+01,4.879492118068031203e+01,4.876028940605237949e+01,4.879492118068031203e+01,4.876028940605237949e+01,4.876028940605237949e+01,4.876028940605237949e+01,4.898467430364487996e+01,4.901874227263705563e+01,4.901874227263705563e+01,4.901874227263705563e+01,4.901874227263705563e+01,4.901874227263705563e+01,4.901874227263705563e+01,4.901874227263705563e+01,4.901874227263705563e+01,4.917396426180981450e+01,4.901874227263705563e+01,4.901874227263705563e+01,4.901874227263705563e+01,4.917396426180981450e+01,4.917396426180981450e+01,4.917396426180981450e+01,4.917396426180981450e+01,4.939600385895442258e+01,4.939600385895442258e+01,4.939600385895442258e+01,4.939600385895442258e+01,4.942905859105383115e+01,4.939600385895442258e+01,4.939600385895442258e+01,4.939600385895442258e+01,4.958223441091526951e+01,4.954864049937906145e+01,4.991908737438343024e+01,4.976893184746167265e+01,4.973369664600901530e+01,4.980210305436283136e+01,4.980210305436283136e+01,4.995274531734455792e+01,4.995274531734455792e+01,4.995274531734455792e+01,4.995274531734455792e+01,4.995274531734455792e+01,4.991908737438343024e+01,4.995274531734455792e+01,4.995274531734455792e+01,4.995274531734455792e+01,4.995274531734455792e+01,4.995274531734455792e+01,4.995274531734455792e+01,4.995274531734455792e+01,5.005104498721858164e+01,5.017095633392500531e+01,5.017095633392500531e+01,5.017095633392500531e+01,5.017095633392500531e+01,5.017095633392500531e+01,5.017095633392500531e+01,5.017095633392500531e+01,5.017095633392500531e+01,5.031916526711987814e+01,5.031916526711987814e+01,5.031916526711987814e+01,5.031916526711987814e+01,5.031916526711987814e+01,5.031916526711987814e+01,5.031916526711987814e+01,5.053574179483251072e+01,5.031916526711987814e+01,5.053574179483251072e+01,5.053574179483251072e+01,5.053574179483251072e+01,5.053574179483251072e+01,5.053574179483251072e+01,5.053574179483251072e+01,5.053574179483251072e+01,5.053574179483251072e+01,5.053574179483251072e+01,5.056806403566852026e+01,5.053574179483251072e+01,5.071434524195338156e+01,5.075142821497089329e+01,5.060157957455740529e+01,5.056806403566852026e+01,5.078351668858429946e+01,5.078351668858429946e+01,5.078351668858429946e+01,5.092906167635193526e+01,5.092906167635193526e+01,5.092906167635193526e+01,5.092906167635193526e+01,5.092906167635193526e+01,5.092906167635193526e+01,5.089657193041765737e+01,5.092906167635193526e+01,5.092906167635193526e+01,5.092906167635193526e+01,5.092906167635193526e+01,5.092906167635193526e+01,5.092906167635193526e+01,5.092906167635193526e+01,5.092906167635193526e+01,5.092906167635193526e+01,5.092906167635193526e+01,5.092906167635193526e+01,5.092906167635193526e+01,5.092906167635193526e+01,5.114290420481873412e+01,5.114290420481873412e+01,5.114290420481873412e+01,5.114290420481873412e+01,5.128620945135794784e+01,5.149846080743935772e+01,5.135587952004897261e+01,5.138183482121662848e+01,5.135587952004897261e+01,5.149846080743935772e+01,5.149846080743935772e+01,5.149846080743935772e+01,5.149846080743935772e+01,5.149846080743935772e+01,5.149846080743935772e+01,5.149846080743935772e+01,5.149846080743935772e+01,5.149846080743935772e+01,5.149846080743935772e+01,5.149846080743935772e+01,5.149846080743935772e+01,5.149846080743935772e+01,5.149846080743935772e+01,5.135587952004897261e+01,5.135587952004897261e+01,5.135587952004897261e+01,5.135587952004897261e+01,5.142021478159923475e+01,5.149846080743935772e+01,5.149846080743935772e+01,5.135587952004897261e+01,5.149846080743935772e+01,5.170981169940355926e+01,5.170981169940355926e+01,5.170981169940355926e+01,5.159367936575272751e+01,5.149846080743935772e+01,5.170981169940355926e+01,5.149846080743935772e+01,5.149846080743935772e+01,5.170981169940355926e+01,5.170981169940355926e+01,5.149846080743935772e+01,5.170981169940355926e+01,5.170981169940355926e+01,5.170981169940355926e+01,5.170981169940355926e+01,5.170981169940355926e+01,5.170981169940355926e+01,5.170981169940355926e+01,5.170981169940355926e+01,5.192027459164236092e+01,5.170981169940355926e+01,5.170981169940355926e+01,5.170981169940355926e+01,5.170981169940355926e+01,5.170981169940355926e+01,5.192027459164236092e+01,5.192027459164236092e+01,5.192027459164236092e+01,5.192027459164236092e+01,5.197639894305541475e+01,5.192027459164236092e+01,5.192027459164236092e+01,5.209161245748460800e+01,5.192027459164236092e+01,5.206001908586820548e+01,5.206001908586820548e+01,5.206001908586820548e+01,5.192027459164236092e+01,5.206001908586820548e+01,5.206001908586820548e+01,5.206001908586820548e+01,5.206001908586820548e+01,5.206001908586820548e+01,5.206001908586820548e+01,5.206001908586820548e+01,5.206001908586820548e+01,5.206001908586820548e+01,5.209161245748460800e+01,5.206001908586820548e+01,5.206001908586820548e+01,5.209161245748460800e+01,5.206001908586820548e+01,5.209161245748460800e+01,5.209161245748460800e+01,5.209161245748460800e+01,5.230040379567628150e+01,5.230040379567628150e+01,5.209161245748460800e+01,5.209161245748460800e+01,5.230040379567628150e+01,5.230040379567628150e+01,5.230040379567628150e+01,5.243844676520923542e+01,5.243844676520923542e+01,5.243844676520923542e+01,5.243844676520923542e+01,5.230040379567628150e+01,5.230040379567628150e+01,5.230040379567628150e+01,5.243844676520923542e+01,5.243844676520923542e+01,5.243844676520923542e+01,5.243844676520923542e+01,5.243844676520923542e+01,5.243844676520923542e+01,5.243844676520923542e+01,5.243844676520923542e+01,5.243844676520923542e+01,5.243844676520923542e+01,5.243844676520923542e+01,5.243844676520923542e+01,5.243844676520923542e+01,5.243844676520923542e+01,5.243844676520923542e+01,5.243844676520923542e+01,5.243844676520923542e+01,5.243844676520923542e+01,5.243844676520923542e+01,5.243844676520923542e+01,5.264563758466893972e+01,5.267645655450883879e+01,5.264563758466893972e+01,5.267645655450883879e+01,5.267645655450883879e+01,5.267645655450883879e+01,5.267645655450883879e+01,5.267645655450883879e+01,5.267645655450883879e+01,5.267645655450883879e+01,5.267645655450883879e+01,5.264563758466893972e+01,5.267645655450883879e+01,5.278170459630617728e+01,5.301845815484522717e+01,5.267645655450883879e+01,5.267645655450883879e+01,5.278170459630617728e+01,5.281281408286724854e+01,5.267645655450883879e+01,5.281281408286724854e+01,5.298730486264680906e+01,5.301845815484522717e+01,5.301845815484522717e+01,5.301845815484522717e+01,5.301845815484522717e+01,5.301845815484522717e+01,5.301845815484522717e+01,5.301845815484522717e+01,5.301845815484522717e+01,5.301845815484522717e+01,5.301845815484522717e+01,5.301845815484522717e+01,5.301845815484522717e+01,5.301845815484522717e+01,5.301845815484522717e+01,5.301845815484522717e+01,5.301845815484522717e+01,5.301845815484522717e+01,5.301845815484522717e+01,5.301845815484522717e+01,5.322317651719429676e+01,5.301845815484522717e+01,5.301845815484522717e+01,5.301845815484522717e+01,5.322317651719429676e+01,5.301845815484522717e+01,5.301845815484522717e+01,5.322317651719429676e+01,5.301845815484522717e+01,5.322317651719429676e+01,5.301845815484522717e+01,5.322317651719429676e+01,5.322317651719429676e+01,5.322317651719429676e+01,5.342696816778991575e+01,5.322317651719429676e+01,5.322317651719429676e+01,5.322317651719429676e+01,5.342696816778991575e+01,5.342696816778991575e+01,5.356007694600737779e+01,5.342696816778991575e+01,5.356007694600737779e+01,5.331499772196793430e+01,5.356007694600737779e+01,5.356007694600737779e+01,5.356007694600737779e+01,5.356007694600737779e+01,5.356007694600737779e+01,5.356007694600737779e+01,5.356007694600737779e+01,5.356007694600737779e+01,5.356007694600737779e+01,5.356007694600737779e+01,5.356007694600737779e+01,5.356007694600737779e+01,5.356007694600737779e+01,5.356007694600737779e+01,5.356007694600737779e+01,5.356007694600737779e+01,5.356007694600737779e+01,5.356007694600737779e+01,5.356007694600737779e+01,5.356007694600737779e+01,5.356007694600737779e+01,5.356007694600737779e+01,5.356007694600737779e+01,5.356007694600737779e+01,5.359063327709573343e+01,5.356007694600737779e+01,5.356007694600737779e+01,5.359063327709573343e+01,5.359063327709573343e+01,5.357395724535658132e+01,5.359063327709573343e+01,5.356007694600737779e+01,5.357395724535658132e+01,5.356007694600737779e+01,5.359063327709573343e+01,5.359063327709573343e+01,5.356007694600737779e+01,5.356007694600737779e+01,5.359063327709573343e+01,5.376223705137768860e+01,5.359063327709573343e+01,5.379292764245587222e+01,5.376223705137768860e+01,5.359063327709573343e+01,5.368178293459970973e+01,5.379292764245587222e+01,5.379292764245587222e+01,5.379292764245587222e+01,5.379292764245587222e+01,5.376223705137768860e+01,5.379292764245587222e+01,5.379292764245587222e+01,5.379292764245587222e+01,5.376223705137768860e+01,5.379292764245587222e+01,5.379292764245587222e+01,5.392447904162872874e+01,5.379292764245587222e+01,5.379292764245587222e+01,5.379292764245587222e+01,5.379292764245587222e+01,5.379292764245587222e+01,5.379292764245587222e+01,5.379292764245587222e+01,5.379292764245587222e+01,5.379292764245587222e+01,5.390758772903249252e+01,5.392447904162872874e+01,5.379292764245587222e+01,5.379292764245587222e+01,5.379292764245587222e+01,5.379292764245587222e+01,5.379292764245587222e+01,5.379292764245587222e+01,5.392447904162872874e+01,5.392447904162872874e+01,5.379292764245587222e+01,5.412516278540986292e+01,5.392447904162872874e+01,5.412516278540986292e+01,5.412516278540986292e+01,5.392447904162872874e+01,5.392447904162872874e+01,5.412516278540986292e+01,5.412516278540986292e+01,5.412516278540986292e+01,5.412516278540986292e+01,5.412516278540986292e+01,5.412516278540986292e+01,5.412516278540986292e+01,5.412516278540986292e+01,5.412516278540986292e+01,5.412516278540986292e+01,5.412516278540986292e+01,5.412516278540986292e+01,5.412516278540986292e+01,5.412516278540986292e+01,5.412516278540986292e+01,5.412516278540986292e+01,5.412516278540986292e+01,5.412516278540986292e+01,5.412516278540986292e+01,5.412516278540986292e+01,5.412516278540986292e+01,5.412516278540986292e+01,5.412516278540986292e+01,5.412516278540986292e+01,5.412516278540986292e+01,5.412516278540986292e+01,5.412516278540986292e+01,5.412516278540986292e+01,5.412516278540986292e+01,5.412516278540986292e+01,5.412516278540986292e+01,5.432485673645803104e+01,5.432485673645803104e+01,5.412516278540986292e+01,5.412516278540986292e+01,5.412516278540986292e+01,5.412516278540986292e+01,5.432485673645803104e+01,5.412516278540986292e+01,5.432485673645803104e+01,5.432485673645803104e+01,5.412516278540986292e+01,5.432485673645803104e+01,5.432485673645803104e+01,5.432485673645803104e+01,5.432485673645803104e+01,5.432485673645803104e+01,5.432485673645803104e+01,5.432485673645803104e+01,5.432485673645803104e+01,5.432485673645803104e+01,5.432485673645803104e+01,5.432485673645803104e+01,5.432485673645803104e+01,5.432485673645803104e+01,5.432485673645803104e+01,5.432485673645803104e+01,5.432485673645803104e+01,5.432485673645803104e+01,5.432485673645803104e+01,5.435512284281781348e+01,5.432485673645803104e+01,5.435512284281781348e+01,5.435512284281781348e+01,5.432485673645803104e+01,5.435512284281781348e+01,5.435512284281781348e+01,5.432485673645803104e+01,5.433860287564492353e+01,5.435512284281781348e+01,5.435512284281781348e+01,5.435512284281781348e+01,5.445401707685713433e+01,5.432485673645803104e+01,5.435512284281781348e+01,5.432485673645803104e+01,5.435512284281781348e+01,5.435512284281781348e+01,5.435512284281781348e+01,5.435512284281781348e+01,5.448451450340309066e+01,5.435512284281781348e+01,5.448451450340309066e+01,5.445401707685713433e+01,5.435512284281781348e+01,5.465206809400356036e+01,5.448451450340309066e+01,5.435512284281781348e+01,5.448451450340309066e+01,5.435512284281781348e+01,5.448451450340309066e+01,5.448451450340309066e+01,5.435512284281781348e+01,5.448451450340309066e+01,5.448451450340309066e+01,5.465206809400356036e+01,5.468277443359231427e+01,5.468277443359231427e+01,5.468277443359231427e+01,5.468277443359231427e+01,5.468277443359231427e+01,5.468277443359231427e+01,5.461208860923088082e+01,5.468277443359231427e+01,5.468277443359231427e+01,5.468277443359231427e+01,5.468277443359231427e+01,5.468277443359231427e+01,5.468277443359231427e+01,5.468277443359231427e+01,5.468277443359231427e+01,5.468277443359231427e+01,5.468277443359231427e+01,5.468277443359231427e+01,5.468277443359231427e+01,5.468277443359231427e+01,5.468277443359231427e+01,5.468277443359231427e+01,5.468277443359231427e+01,5.468277443359231427e+01,5.468277443359231427e+01,5.468277443359231427e+01,5.468277443359231427e+01,5.468277443359231427e+01,5.468277443359231427e+01,5.468277443359231427e+01,5.468277443359231427e+01,5.468277443359231427e+01,5.468277443359231427e+01,5.468277443359231427e+01,5.468277443359231427e+01,5.468277443359231427e+01,5.468277443359231427e+01,5.468277443359231427e+01,5.468277443359231427e+01,5.468277443359231427e+01,5.468277443359231427e+01,5.468277443359231427e+01,5.468277443359231427e+01,5.468277443359231427e+01,5.468277443359231427e+01,5.468277443359231427e+01,5.468277443359231427e+01,5.488000367526865375e+01,5.468277443359231427e+01,5.468277443359231427e+01,5.488000367526865375e+01,5.488000367526865375e+01,5.488000367526865375e+01,5.488000367526865375e+01,5.468277443359231427e+01,5.488000367526865375e+01,5.488000367526865375e+01,5.488000367526865375e+01,5.468277443359231427e+01,5.488000367526865375e+01,5.488000367526865375e+01,5.468277443359231427e+01,5.488000367526865375e+01,5.488000367526865375e+01,5.488000367526865375e+01,5.488000367526865375e+01,5.488000367526865375e+01,5.488000367526865375e+01,5.488000367526865375e+01,5.488000367526865375e+01,5.488000367526865375e+01,5.488000367526865375e+01,5.488000367526865375e+01,5.488000367526865375e+01,5.488000367526865375e+01,5.488000367526865375e+01,5.488000367526865375e+01,5.488000367526865375e+01,5.488000367526865375e+01,5.488000367526865375e+01,5.488000367526865375e+01,5.488000367526865375e+01,5.488000367526865375e+01,5.488000367526865375e+01,5.488000367526865375e+01,5.488000367526865375e+01,5.488000367526865375e+01,5.488000367526865375e+01,5.488000367526865375e+01,5.488000367526865375e+01,5.488000367526865375e+01,5.488000367526865375e+01,5.488000367526865375e+01,5.488000367526865375e+01,5.488000367526865375e+01,5.488000367526865375e+01,5.488000367526865375e+01,5.488000367526865375e+01,5.488000367526865375e+01,5.488000367526865375e+01,5.488000367526865375e+01,5.488000367526865375e+01,5.488000367526865375e+01,5.488000367526865375e+01,5.488000367526865375e+01,5.488000367526865375e+01,5.488000367526865375e+01,5.496841396805490376e+01,5.488000367526865375e+01,5.488000367526865375e+01,5.488000367526865375e+01,5.488000367526865375e+01,5.507617642146018255e+01,5.488000367526865375e+01,5.488000367526865375e+01,5.488000367526865375e+01,5.488000367526865375e+01,5.507617642146018255e+01,5.488000367526865375e+01,5.488000367526865375e+01,5.488000367526865375e+01,5.488000367526865375e+01,5.488000367526865375e+01,5.488000367526865375e+01,5.488000367526865375e+01,5.488000367526865375e+01,5.488000367526865375e+01,5.488000367526865375e+01,5.488000367526865375e+01,5.488000367526865375e+01,5.507617642146018255e+01,5.507617642146018255e+01,5.507617642146018255e+01,5.507617642146018255e+01,5.507617642146018255e+01,5.507617642146018255e+01,5.507617642146018255e+01,5.488000367526865375e+01,5.507617642146018255e+01,5.507617642146018255e+01,5.507617642146018255e+01,5.507617642146018255e+01,5.507617642146018255e+01,5.488000367526865375e+01,5.488000367526865375e+01,5.507617642146018255e+01,5.507617642146018255e+01,5.520265983267440646e+01,5.507617642146018255e+01,5.507617642146018255e+01,5.520265983267440646e+01,5.507617642146018255e+01,5.507617642146018255e+01,5.507617642146018255e+01,5.507617642146018255e+01,5.507617642146018255e+01,5.507617642146018255e+01,5.507617642146018255e+01,5.507617642146018255e+01,5.510638294481869792e+01,5.507617642146018255e+01,5.507617642146018255e+01,5.507617642146018255e+01,5.520265983267440646e+01,5.520265983267440646e+01,5.520265983267440646e+01,5.520265983267440646e+01,5.507617642146018255e+01,5.523307564967222305e+01,5.520265983267440646e+01,5.523307564967222305e+01,5.507617642146018255e+01,5.507617642146018255e+01,5.507617642146018255e+01,5.507617642146018255e+01,5.507617642146018255e+01,5.510638294481869792e+01,5.510638294481869792e+01,5.520265983267440646e+01,5.520265983267440646e+01,5.520265983267440646e+01,5.523307564967222305e+01,5.507617642146018255e+01,5.507617642146018255e+01,5.507617642146018255e+01,5.520265983267440646e+01,5.507617642146018255e+01,5.507617642146018255e+01,5.507617642146018255e+01,5.520265983267440646e+01,5.523307564967222305e+01,5.523307564967222305e+01,5.510638294481869792e+01,5.520265983267440646e+01,5.523307564967222305e+01,5.523307564967222305e+01,5.523307564967222305e+01,5.542781938828577637e+01,5.542781938828577637e+01,5.523307564967222305e+01,5.542781938828577637e+01,5.523307564967222305e+01,5.523307564967222305e+01,5.542781938828577637e+01,5.542781938828577637e+01,5.523307564967222305e+01,5.523307564967222305e+01,5.523307564967222305e+01,5.523307564967222305e+01,5.542781938828577637e+01,5.535875317259957029e+01,5.555292707385596884e+01,5.542781938828577637e+01,5.542781938828577637e+01,5.542781938828577637e+01,5.523307564967222305e+01,5.542781938828577637e+01,5.542781938828577637e+01,5.542781938828577637e+01,5.542781938828577637e+01,5.542781938828577637e+01,5.542781938828577637e+01,5.542781938828577637e+01,5.523307564967222305e+01,5.542781938828577637e+01,5.542781938828577637e+01,5.542781938828577637e+01,5.542781938828577637e+01,5.542781938828577637e+01,5.542781938828577637e+01,5.542781938828577637e+01,5.542781938828577637e+01,5.542781938828577637e+01,5.542781938828577637e+01,5.542781938828577637e+01,5.542781938828577637e+01,5.542781938828577637e+01,5.542781938828577637e+01,5.542781938828577637e+01,5.542781938828577637e+01,5.542781938828577637e+01,5.542781938828577637e+01,5.542781938828577637e+01,5.542781938828577637e+01,5.542781938828577637e+01,5.542781938828577637e+01,5.542781938828577637e+01,5.542781938828577637e+01,5.542781938828577637e+01,5.542781938828577637e+01,5.542781938828577637e+01,5.542781938828577637e+01,5.542781938828577637e+01,5.542781938828577637e+01,5.542781938828577637e+01,5.542781938828577637e+01,5.542781938828577637e+01,5.542781938828577637e+01,5.542781938828577637e+01,5.542781938828577637e+01,5.542781938828577637e+01,5.542781938828577637e+01,5.542781938828577637e+01,5.542781938828577637e+01,5.542781938828577637e+01,5.542781938828577637e+01,5.542781938828577637e+01,5.542781938828577637e+01,5.542781938828577637e+01,5.542781938828577637e+01,5.542781938828577637e+01,5.542781938828577637e+01,5.542781938828577637e+01,5.542781938828577637e+01,5.542781938828577637e+01,5.542781938828577637e+01,5.542781938828577637e+01,5.542781938828577637e+01,5.542781938828577637e+01,5.542781938828577637e+01,5.542781938828577637e+01,5.542781938828577637e+01,5.542781938828577637e+01,5.542781938828577637e+01,5.542781938828577637e+01,5.542781938828577637e+01,5.542781938828577637e+01,5.542781938828577637e+01,5.542781938828577637e+01,5.551403089925268830e+01,5.542781938828577637e+01,5.542781938828577637e+01,5.542781938828577637e+01,5.542781938828577637e+01,5.542781938828577637e+01,5.542781938828577637e+01,5.542781938828577637e+01,5.542781938828577637e+01,5.542781938828577637e+01,5.542781938828577637e+01,5.542781938828577637e+01,5.542781938828577637e+01,5.542781938828577637e+01,5.542781938828577637e+01,5.542781938828577637e+01,5.542781938828577637e+01,5.542781938828577637e+01,5.542781938828577637e+01,5.542781938828577637e+01,5.542781938828577637e+01,5.542781938828577637e+01,5.542781938828577637e+01,5.542781938828577637e+01,5.542781938828577637e+01,5.542781938828577637e+01,5.542781938828577637e+01,5.555292707385596884e+01,5.542781938828577637e+01,5.542781938828577637e+01,5.542781938828577637e+01,5.542781938828577637e+01,5.542781938828577637e+01,5.542781938828577637e+01,5.542781938828577637e+01,5.542781938828577637e+01,5.542781938828577637e+01,5.555292707385596884e+01,5.542781938828577637e+01,5.542781938828577637e+01,5.555292707385596884e+01,5.542781938828577637e+01,5.542781938828577637e+01,5.542781938828577637e+01,5.542781938828577637e+01,5.555292707385596884e+01,5.542781938828577637e+01,5.555292707385596884e+01,5.542781938828577637e+01,5.542781938828577637e+01,5.542781938828577637e+01,5.545752090281892066e+01,5.562144594644277618e+01,5.542781938828577637e+01,5.542781938828577637e+01,5.545752090281892066e+01,5.542781938828577637e+01,5.562144594644277618e+01,5.542781938828577637e+01,5.542781938828577637e+01,5.542781938828577637e+01,5.542781938828577637e+01,5.542781938828577637e+01,5.562144594644277618e+01,5.542781938828577637e+01,5.562144594644277618e+01,5.542781938828577637e+01,5.565146746770565755e+01,5.565146746770565755e+01,5.562144594644277618e+01,5.542781938828577637e+01,5.545752090281892066e+01,5.562144594644277618e+01,5.562144594644277618e+01,5.542781938828577637e+01,5.562144594644277618e+01,5.542781938828577637e+01,5.545752090281892066e+01,5.542781938828577637e+01,5.542781938828577637e+01,5.545752090281892066e+01,5.542781938828577637e+01,5.555292707385596884e+01,5.562144594644277618e+01,5.565146746770565755e+01,5.554493560535652108e+01,5.562144594644277618e+01,5.574597674668652303e+01,5.565146746770565755e+01,5.562144594644277618e+01,5.565146746770565755e+01,5.562144594644277618e+01,5.565146746770565755e+01,5.565146746770565755e+01,5.565146746770565755e+01,5.562144594644277618e+01,5.565146746770565755e+01,5.545752090281892066e+01,5.562144594644277618e+01,5.577618834305259554e+01,5.562144594644277618e+01,5.565146746770565755e+01,5.562144594644277618e+01,5.562144594644277618e+01,5.565146746770565755e+01,5.565146746770565755e+01,5.565146746770565755e+01,5.562144594644277618e+01,5.562144594644277618e+01,5.574597674668652303e+01,5.577618834305259554e+01,5.565146746770565755e+01,5.574597674668652303e+01,5.577618834305259554e+01,5.574597674668652303e+01,5.565146746770565755e+01,5.577618834305259554e+01,5.577618834305259554e+01,5.574597674668652303e+01,5.577618834305259554e+01,5.577618834305259554e+01,5.577618834305259554e+01,5.577618834305259554e+01,5.577618834305259554e+01,5.570770903030066279e+01,5.565146746770565755e+01,5.565146746770565755e+01,5.565146746770565755e+01,5.577618834305259554e+01,5.577618834305259554e+01,5.577618834305259554e+01,5.577618834305259554e+01,5.577618834305259554e+01,5.577618834305259554e+01,5.565146746770565755e+01,5.577618834305259554e+01,5.577618834305259554e+01,5.565146746770565755e+01,5.577618834305259554e+01,5.577618834305259554e+01
6.382337804911706058e+01,6.372292421823060238e+01,6.372292421823060238e+01,6.394667375809152787e+01,6.394667375809152787e+01,6.397750664622135019e+01,6.384518368990613624e+01,6.384518368990613624e+01,6.397750664622135019e+01,6.384518368990613624e+01,6.394667375809152787e+01,6.387638275274173338e+01,6.387638275274173338e+01,6.387638275274173338e+01,6.384518368990613624e+01,6.387638275274173338e+01,6.384518368990613624e+01,6.387638275274173338e+01,6.387638275274173338e+01,6.384518368990613624e+01,6.384518368990613624e+01,6.384518368990613624e+01,6.387638275274173338e+01,6.387638275274173338e+01,6.384518368990613624e+01,6.384518368990613624e+01,6.387638275274173338e+01,6.384518368990613624e+01,6.384518368990613624e+01,6.384518368990613624e+01,6.384518368990613624e+01,6.384518368990613624e+01,6.384518368990613624e+01,6.384518368990613624e+01,6.384518368990613624e+01,6.384518368990613624e+01,6.359059998384370971e+01,6.374275840121436687e+01,6.384518368990613624e+01,6.374275840121436687e+01,6.384518368990613624e+01,6.374275840121436687e+01,6.374275840121436687e+01,6.374275840121436687e+01,6.384518368990613624e+01,6.359059998384370971e+01,6.374275840121436687e+01,6.359059998384370971e+01,6.374275840121436687e+01,6.374275840121436687e+01,6.359059998384370971e+01,6.374275840121436687e+01,6.359059998384370971e+01,6.371052108160092331e+01,6.355898873904793334e+01,6.359059998384370971e+01,6.371052108160092331e+01,6.371052108160092331e+01,6.374275840121436687e+01,6.355898873904793334e+01,6.371052108160092331e+01,6.355898873904793334e+01,6.371052108160092331e+01,6.359059998384370971e+01,6.355898873904793334e+01,6.355898873904793334e+01,6.359059998384370971e+01,6.371052108160092331e+01,6.371052108160092331e+01,6.371052108160092331e+01,6.355898873904793334e+01,6.355898873904793334e+01,6.371052108160092331e+01,6.371052108160092331e+01,6.355898873904793334e+01,6.371052108160092331e+01,6.355898873904793334e+01,6.355898873904793334e+01,6.371052108160092331e+01,6.355898873904793334e+01,6.371052108160092331e+01,6.355898873904793334e+01,6.355898873904793334e+01,6.355898873904793334e+01,6.362745032851493932e+01,6.355898873904793334e+01,6.371052108160092331e+01,6.355898873904793334e+01,6.355898873904793334e+01,6.371052108160092331e+01,6.355898873904793334e+01,6.355898873904793334e+01,6.355898873904793334e+01,6.355898873904793334e+01,6.355898873904793334e+01,6.355898873904793334e+01,6.355898873904793334e+01,6.371052108160092331e+01,6.355898873904793334e+01,6.345597174198554313e+01,6.355898873904793334e+01,6.355898873904793334e+01,6.355898873904793334e+01,6.355898873904793334e+01,6.355898873904793334e+01,6.355898873904793334e+01,6.355898873904793334e+01,6.355898873904793334e+01,6.355898873904793334e+01,6.355898873904793334e+01,6.355898873904793334e+01,6.345597174198554313e+01,6.342333000199172233e+01,6.345597174198554313e+01,6.345597174198554313e+01,6.355898873904793334e+01,6.355898873904793334e+01,6.345597174198554313e+01,6.345597174198554313e+01,6.345597174198554313e+01,6.345597174198554313e+01,6.342333000199172233e+01,6.345597174198554313e+01,6.345597174198554313e+01,6.345597174198554313e+01,6.345597174198554313e+01,6.345597174198554313e+01,6.345597174198554313e+01,6.345597174198554313e+01,6.342333000199172233e+01,6.342333000199172233e+01,6.345597174198554313e+01,6.342333000199172233e+01,6.342333000199172233e+01,6.345597174198554313e+01,6.342333000199172233e+01,6.342333000199172233e+01,6.342333000199172233e+01,6.342333000199172233e+01,6.342333000199172233e+01,6.342333000199172233e+01,6.342333000199172233e+01,6.345597174198554313e+01,6.342333000199172233e+01,6.342333000199172233e+01,6.342333000199172233e+01,6.342333000199172233e+01,6.342333000199172233e+01,6.342333000199172233e+01,6.342333000199172233e+01,6.342333000199172233e+01,6.342333000199172233e+01,6.327091308519128177e+01,6.342333000199172233e+01,6.342333000199172233e+01,6.342333000199172233e+01,6.342333000199172233e+01,6.342333000199172233e+01,6.342333000199172233e+01,6.327091308519128177e+01,6.327091308519128177e+01,6.342333000199172233e+01,6.327091308519128177e+01,6.327091308519128177e+01,6.342333000199172233e+01,6.327091308519128177e+01,6.327091308519128177e+01,6.327091308519128177e+01,6.327091308519128177e+01,6.327091308519128177e+01,6.327091308519128177e+01,6.327091308519128177e+01,6.327091308519128177e+01,6.327091308519128177e+01,6.327091308519128177e+01,6.327091308519128177e+01,6.327091308519128177e+01,6.327091308519128177e+01,6.327091308519128177e+01,6.316729100509635231e+01,6.327091308519128177e+01,6.327091308519128177e+01,6.327091308519128177e+01,6.327091308519128177e+01,6.327091308519128177e+01,6.316729100509635231e+01,6.316729100509635231e+01,6.316729100509635231e+01,6.327091308519128177e+01,6.316729100509635231e+01,6.316729100509635231e+01,6.316729100509635231e+01,6.316729100509635231e+01,6.301333033118296356e+01,6.316729100509635231e+01,6.327091308519128177e+01,6.316729100509635231e+01,6.316729100509635231e+01,6.316729100509635231e+01,6.316729100509635231e+01,6.316729100509635231e+01,6.316729100509635231e+01,6.316729100509635231e+01,6.301333033118296356e+01,6.316729100509635231e+01,6.316729100509635231e+01,6.301333033118296356e+01,6.316729100509635231e+01,6.301333033118296356e+01,6.316729100509635231e+01,6.301333033118296356e+01,6.301333033118296356e+01,6.301333033118296356e+01,6.316729100509635231e+01,6.316729100509635231e+01,6.301333033118296356e+01,6.301333033118296356e+01,6.301333033118296356e+01,6.301333033118296356e+01,6.301333033118296356e+01,6.301333033118296356e+01,6.301333033118296356e+01,6.301333033118296356e+01,6.301333033118296356e+01,6.301333033118296356e+01,6.301333033118296356e+01,6.301333033118296356e+01,6.301333033118296356e+01,6.301333033118296356e+01,6.301333033118296356e+01,6.301333033118296356e+01,6.301333033118296356e+01,6.298091569409361767e+01,6.301333033118296356e+01,6.301333033118296356e+01,6.301333033118296356e+01,6.301333033118296356e+01,6.301333033118296356e+01,6.301333033118296356e+01,6.301333033118296356e+01,6.301333033118296356e+01,6.298091569409361767e+01,6.298091569409361767e+01,6.298091569409361767e+01,6.301333033118296356e+01,6.298091569409361767e+01,6.301333033118296356e+01,6.301333033118296356e+01,6.301333033118296356e+01,6.301333033118296356e+01,6.301333033118296356e+01,6.290940958972584696e+01,6.287667476820582380e+01,6.301333033118296356e+01,6.301333033118296356e+01,6.290940958972584696e+01,6.290940958972584696e+01,6.298091569409361767e+01,6.298091569409361767e+01,6.287667476820582380e+01,6.287667476820582380e+01,6.287667476820582380e+01,6.290940958972584696e+01,6.287667476820582380e+01,6.287667476820582380e+01,6.287667476820582380e+01,6.287667476820582380e+01,6.287667476820582380e+01,6.287667476820582380e+01,6.287667476820582380e+01,6.287667476820582380e+01,6.287667476820582380e+01,6.287667476820582380e+01,6.287667476820582380e+01,6.287667476820582380e+01,6.287667476820582380e+01,6.287667476820582380e+01,6.287667476820582380e+01,6.287667476820582380e+01,6.272176023449844706e+01,6.272176023449844706e+01,6.287667476820582380e+01,6.272176023449844706e+01,6.287667476820582380e+01,6.287667476820582380e+01,6.272176023449844706e+01,6.287667476820582380e+01,6.272176023449844706e+01,6.287667476820582380e+01,6.272176023449844706e+01,6.287667476820582380e+01,6.272176023449844706e+01,6.272176023449844706e+01,6.272176023449844706e+01,6.272176023449844706e+01,6.272176023449844706e+01,6.272176023449844706e+01,6.272176023449844706e+01,6.272176023449844706e+01,6.272176023449844706e+01,6.272176023449844706e+01,6.272176023449844706e+01,6.272176023449844706e+01,6.272176023449844706e+01,6.272176023449844706e+01,6.272176023449844706e+01,6.268895484828237130e+01,6.272176023449844706e+01,6.268895484828237130e+01,6.272176023449844706e+01,6.272176023449844706e+01,6.261719120344558576e+01,6.256470989721201192e+01,6.242817667219546252e+01,6.268895484828237130e+01,6.246064983669174353e+01,6.258408090670787516e+01,6.242817667219546252e+01,6.242817667219546252e+01,6.246064983669174353e+01,6.242817667219546252e+01,6.242817667219546252e+01,6.242817667219546252e+01,6.242817667219546252e+01,6.242817667219546252e+01,6.242817667219546252e+01,6.242817667219546252e+01,6.242817667219546252e+01,6.242817667219546252e+01,6.242817667219546252e+01,6.242817667219546252e+01,6.242817667219546252e+01,6.242817667219546252e+01,6.242817667219546252e+01,6.242817667219546252e+01,6.242817667219546252e+01,6.242817667219546252e+01,6.242817667219546252e+01,6.242817667219546252e+01,6.242817667219546252e+01,6.242817667219546252e+01,6.242817667219546252e+01,6.242817667219546252e+01,6.242817667219546252e+01,6.242817667219546252e+01,6.242817667219546252e+01,6.242817667219546252e+01,6.242817667219546252e+01,6.242817667219546252e+01,6.242817667219546252e+01,6.242817667219546252e+01,6.242817667219546252e+01,6.242817667219546252e+01,6.242817667219546252e+01,6.242817667219546252e+01,6.242817667219546252e+01,6.242817667219546252e+01,6.242817667219546252e+01,6.242817667219546252e+01,6.242817667219546252e+01,6.242817667219546252e+01,6.242817667219546252e+01,6.242817667219546252e+01,6.242817667219546252e+01,6.242817667219546252e+01,6.242817667219546252e+01,6.242817667219546252e+01,6.242817667219546252e+01,6.242817667219546252e+01,6.242817667219546252e+01,6.242817667219546252e+01,6.242817667219546252e+01,6.242817667219546252e+01,6.242817667219546252e+01,6.242817667219546252e+01,6.242817667219546252e+01,6.242817667219546252e+01,6.242817667219546252e+01,6.242817667219546252e+01,6.242817667219546252e+01,6.242817667219546252e+01,6.242817667219546252e+01,6.242817667219546252e+01,6.242817667219546252e+01,6.242817667219546252e+01,6.242817667219546252e+01,6.242817667219546252e+01,6.242817667219546252e+01,6.227014360766090562e+01,6.216538199517808749e+01,6.242817667219546252e+01,6.216538199517808749e+01,6.227014360766090562e+01,6.242817667219546252e+01,6.216538199517808749e+01,6.216538199517808749e+01,6.213253640104226605e+01,6.227014360766090562e+01,6.227014360766090562e+01,6.213253640104226605e+01,6.216538199517808749e+01,6.223755351163992344e+01,6.227014360766090562e+01,6.227014360766090562e+01,6.216538199517808749e+01,6.216538199517808749e+01,6.216538199517808749e+01,6.213253640104226605e+01,6.216538199517808749e+01,6.213253640104226605e+01,6.216538199517808749e+01,6.216538199517808749e+01,6.216538199517808749e+01,6.213253640104226605e+01,6.213253640104226605e+01,6.216538199517808749e+01,6.216538199517808749e+01,6.213253640104226605e+01,6.213253640104226605e+01,6.216538199517808749e+01,6.213253640104226605e+01,6.213253640104226605e+01,6.216538199517808749e+01,6.213253640104226605e+01,6.213253640104226605e+01,6.213253640104226605e+01,6.216538199517808749e+01,6.213253640104226605e+01,6.213253640104226605e+01,6.213253640104226605e+01,6.213253640104226605e+01,6.213253640104226605e+01,6.213253640104226605e+01,6.213253640104226605e+01,6.213253640104226605e+01,6.197348577175237239e+01,6.213253640104226605e+01,6.197348577175237239e+01,6.213253640104226605e+01,6.197348577175237239e+01,6.213253640104226605e+01,6.213253640104226605e+01,6.213253640104226605e+01,6.197348577175237239e+01,6.197348577175237239e+01,6.197348577175237239e+01,6.197348577175237239e+01,6.197348577175237239e+01,6.197348577175237239e+01,6.213253640104226605e+01,6.197348577175237239e+01,6.197348577175237239e+01,6.197348577175237239e+01,6.197348577175237239e+01,6.197348577175237239e+01,6.211416276394594149e+01,6.194051529456958605e+01,6.197348577175237239e+01,6.197348577175237239e+01,6.197348577175237239e+01,6.197348577175237239e+01,6.194051529456958605e+01,6.194051529456958605e+01,6.197348577175237239e+01,6.197348577175237239e+01,6.194051529456958605e+01,6.194051529456958605e+01,6.194051529456958605e+01,6.194051529456958605e+01,6.194051529456958605e+01,6.194051529456958605e+01,6.194051529456958605e+01,6.194051529456958605e+01,6.194051529456958605e+01,6.194051529456958605e+01,6.194051529456958605e+01,6.194051529456958605e+01,6.197348577175237239e+01,6.194051529456958605e+01,6.194051529456958605e+01,6.197348577175237239e+01,6.194051529456958605e+01,6.194051529456958605e+01,6.194051529456958605e+01,6.194051529456958605e+01,6.194051529456958605e+01,6.194051529456958605e+01,6.194051529456958605e+01,6.183479562810790497e+01,6.183479562810790497e+01,6.194051529456958605e+01,6.194051529456958605e+01,6.194051529456958605e+01,6.194051529456958605e+01,6.194051529456958605e+01,6.183479562810790497e+01,6.194051529456958605e+01,6.194051529456958605e+01,6.194051529456958605e+01,6.183479562810790497e+01,6.194051529456958605e+01,6.167469218664145814e+01,6.194051529456958605e+01,6.194051529456958605e+01,6.183479562810790497e+01,6.172219453792717303e+01,6.183479562810790497e+01,6.167469218664145814e+01,6.167469218664145814e+01,6.167469218664145814e+01,6.167469218664145814e+01,6.167469218664145814e+01,6.167469218664145814e+01,6.167469218664145814e+01,6.167469218664145814e+01,6.167469218664145814e+01,6.172219453792717303e+01,6.167469218664145814e+01,6.167469218664145814e+01,6.167469218664145814e+01,6.167469218664145814e+01,6.167469218664145814e+01,6.167469218664145814e+01,6.167469218664145814e+01,6.167469218664145814e+01,6.167469218664145814e+01,6.167469218664145814e+01,6.167469218664145814e+01,6.167469218664145814e+01,6.167469218664145814e+01,6.167469218664145814e+01,6.167469218664145814e+01,6.167469218664145814e+01,6.167469218664145814e+01,6.167469218664145814e+01,6.151256362093816676e+01,6.167469218664145814e+01,6.167469218664145814e+01,6.167469218664145814e+01,6.167469218664145814e+01,6.151256362093816676e+01,6.167469218664145814e+01,6.167469218664145814e+01,6.151256362093816676e+01,6.151256362093816676e+01,6.151256362093816676e+01,6.151256362093816676e+01,6.151256362093816676e+01,6.151256362093816676e+01,6.151256362093816676e+01,6.151256362093816676e+01,6.151256362093816676e+01,6.151256362093816676e+01,6.151256362093816676e+01,6.151256362093816676e+01,6.151256362093816676e+01,6.151256362093816676e+01,6.151256362093816676e+01,6.151256362093816676e+01,6.151256362093816676e+01,6.151256362093816676e+01,6.151256362093816676e+01,6.151256362093816676e+01,6.151256362093816676e+01,6.151256362093816676e+01,6.151256362093816676e+01,6.147978662337468592e+01,6.151256362093816676e+01,6.151256362093816676e+01,6.151256362093816676e+01,6.151256362093816676e+01,6.151256362093816676e+01,6.151256362093816676e+01,6.134849295315513018e+01,6.134849295315513018e+01,6.151256362093816676e+01,6.134849295315513018e+01,6.134849295315513018e+01,6.134849295315513018e+01,6.134849295315513018e+01,6.131626360731409164e+01,6.134849295315513018e+01,6.134849295315513018e+01,6.134849295315513018e+01,6.134849295315513018e+01,6.131626360731409164e+01,6.134849295315513018e+01,6.134849295315513018e+01,6.134849295315513018e+01,6.131626360731409164e+01,6.134849295315513018e+01,6.134849295315513018e+01,6.131626360731409164e+01,6.131626360731409164e+01,6.131626360731409164e+01,6.131626360731409164e+01,6.134849295315513018e+01,6.131626360731409164e+01,6.131626360731409164e+01,6.131626360731409164e+01,6.134849295315513018e+01,6.134849295315513018e+01,6.134849295315513018e+01,6.131626360731409164e+01,6.134849295315513018e+01,6.131626360731409164e+01,6.134849295315513018e+01,6.134849295315513018e+01,6.131626360731409164e+01,6.131626360731409164e+01,6.131626360731409164e+01,6.131626360731409164e+01,6.131626360731409164e+01,6.131626360731409164e+01,6.131626360731409164e+01,6.131626360731409164e+01,6.131626360731409164e+01,6.131626360731409164e+01,6.131626360731409164e+01,6.131626360731409164e+01,6.131626360731409164e+01,6.115086127024682128e+01,6.131626360731409164e+01,6.115086127024682128e+01,6.131626360731409164e+01,6.115086127024682128e+01,6.115086127024682128e+01,6.115086127024682128e+01,6.115086127024682128e+01,6.131626360731409164e+01,6.104538534664020233e+01,6.104538534664020233e+01,6.104538534664020233e+01,6.104538534664020233e+01,6.104538534664020233e+01,6.087841038127434246e+01,6.087841038127434246e+01,6.087841038127434246e+01,6.084631892748686255e+01,6.084631892748686255e+01,6.087841038127434246e+01,6.104538534664020233e+01,6.104538534664020233e+01,6.104538534664020233e+01,6.104538534664020233e+01,6.104538534664020233e+01,6.087841038127434246e+01,6.087841038127434246e+01,6.087841038127434246e+01,6.084631892748686255e+01,6.084631892748686255e+01,6.086085579234451615e+01,6.084631892748686255e+01,6.084631892748686255e+01,6.087841038127434246e+01,6.084631892748686255e+01,6.084631892748686255e+01,6.087841038127434246e+01,6.084631892748686255e+01,6.073998447159277703e+01,6.084631892748686255e+01,6.084631892748686255e+01,6.084631892748686255e+01,6.084631892748686255e+01,6.084631892748686255e+01,6.084631892748686255e+01,6.073998447159277703e+01,6.077220177609726903e+01,6.073998447159277703e+01,6.073998447159277703e+01,6.077220177609726903e+01,6.073998447159277703e+01,6.073998447159277703e+01,6.073998447159277703e+01,6.077220177609726903e+01,6.073998447159277703e+01,6.073998447159277703e+01,6.073998447159277703e+01,6.084631892748686255e+01,6.073998447159277703e+01,6.084631892748686255e+01,6.073998447159277703e+01,6.073998447159277703e+01,6.057193579988322796e+01,6.073998447159277703e+01,6.073998447159277703e+01,6.073998447159277703e+01,6.073998447159277703e+01,6.073998447159277703e+01,6.073998447159277703e+01,6.073998447159277703e+01,6.057193579988322796e+01,6.057193579988322796e+01,6.073998447159277703e+01,6.057193579988322796e+01,6.057193579988322796e+01,6.057193579988322796e+01,6.057193579988322796e+01,6.057193579988322796e+01,6.057193579988322796e+01,6.057193579988322796e+01,6.057193579988322796e+01,6.057193579988322796e+01,6.057193579988322796e+01,6.057193579988322796e+01,6.057193579988322796e+01,6.057193579988322796e+01,6.057193579988322796e+01,6.057193579988322796e+01,6.057193579988322796e+01,6.057193579988322796e+01,6.057193579988322796e+01,6.057193579988322796e+01,6.057193579988322796e+01,6.057193579988322796e+01,6.057193579988322796e+01,6.057193579988322796e+01,6.057193579988322796e+01,6.057193579988322796e+01,6.057193579988322796e+01,6.057193579988322796e+01,6.057193579988322796e+01,6.057193579988322796e+01,6.057193579988322796e+01,6.057193579988322796e+01,6.057193579988322796e+01,6.057193579988322796e+01,6.057193579988322796e+01,6.057193579988322796e+01,6.057193579988322796e+01,6.057193579988322796e+01,6.057193579988322796e+01,6.057193579988322796e+01,6.057193579988322796e+01,6.057193579988322796e+01,6.057193579988322796e+01,6.057193579988322796e+01,6.057193579988322796e+01,6.057193579988322796e+01,6.057193579988322796e+01,6.057193579988322796e+01,6.057193579988322796e+01,6.057193579988322796e+01,6.057193579988322796e+01,6.057193579988322796e+01,6.057193579988322796e+01,6.057193579988322796e+01,6.057193579988322796e+01,6.057193579988322796e+01,6.057193579988322796e+01,6.057193579988322796e+01,6.057193579988322796e+01,6.057193579988322796e+01,6.057193579988322796e+01,6.057193579988322796e+01,6.057193579988322796e+01,6.057193579988322796e+01,6.057193579988322796e+01,6.053945648389495915e+01,6.057193579988322796e+01,6.057193579988322796e+01,6.040213742104707251e+01,6.057193579988322796e+01,6.040213742104707251e+01,6.046483581883366298e+01,6.040213742104707251e+01,6.057193579988322796e+01,6.040213742104707251e+01,6.040213742104707251e+01,6.029516537230929885e+01,6.029516537230929885e+01,6.040213742104707251e+01,6.029516537230929885e+01,6.029516537230929885e+01,6.029516537230929885e+01,6.040213742104707251e+01,6.026308924311972959e+01,6.037015119221656079e+01,6.029516537230929885e+01,6.029516537230929885e+01,6.029516537230929885e+01,6.029516537230929885e+01,6.029516537230929885e+01,6.027762316546698429e+01,6.029516537230929885e+01,6.029516537230929885e+01,6.029516537230929885e+01,6.029516537230929885e+01,6.029516537230929885e+01,6.029516537230929885e+01,6.029516537230929885e+01,6.029516537230929885e+01,6.026308924311972959e+01,6.029516537230929885e+01,6.026308924311972959e+01,6.029516537230929885e+01,6.012378184672120085e+01,6.029516537230929885e+01,6.026308924311972959e+01,6.012378184672120085e+01,6.029516537230929885e+01,6.029516537230929885e+01,6.026308924311972959e+01,6.026308924311972959e+01,6.012378184672120085e+01,6.009220518562948854e+01,6.026308924311972959e+01,6.026308924311972959e+01,6.009220518562948854e+01,6.009220518562948854e+01,6.012378184672120085e+01,6.026308924311972959e+01,6.009220518562948854e+01,6.009220518562948854e+01,6.009220518562948854e+01,6.009220518562948854e+01,6.012378184672120085e+01,6.012378184672120085e+01,6.009220518562948854e+01,6.012378184672120085e+01,6.012378184672120085e+01,6.009220518562948854e+01,6.012378184672120085e+01,6.009220518562948854e+01,6.012378184672120085e+01,6.012378184672120085e+01,6.009220518562948854e+01,6.009220518562948854e+01,6.009220518562948854e+01,6.009220518562948854e+01,6.012378184672120085e+01,6.012378184672120085e+01,6.012378184672120085e+01,6.012378184672120085e+01,6.009220518562948854e+01,6.009220518562948854e+01,6.009220518562948854e+01,6.009220518562948854e+01,6.009220518562948854e+01,6.009220518562948854e+01,6.009220518562948854e+01,6.009220518562948854e+01,6.009220518562948854e+01,6.012378184672120085e+01,6.012378184672120085e+01,6.009220518562948854e+01,6.009220518562948854e+01,6.009220518562948854e+01,6.009220518562948854e+01,6.012378184672120085e+01,6.009220518562948854e+01,6.009220518562948854e+01,5.991966365694253938e+01,5.981179621423750348e+01,6.009220518562948854e+01,6.009220518562948854e+01,5.991966365694253938e+01,5.991966365694253938e+01,5.981179621423750348e+01,5.991966365694253938e+01,5.981179621423750348e+01,5.991966365694253938e+01,5.991966365694253938e+01,5.982591305037630036e+01,5.981179621423750348e+01,5.991966365694253938e+01,5.981179621423750348e+01,5.981179621423750348e+01,5.981179621423750348e+01,5.981179621423750348e+01,5.991966365694253938e+01,5.981179621423750348e+01,5.981179621423750348e+01,5.981179621423750348e+01,5.991966365694253938e+01,5.984293042592415190e+01,5.981179621423750348e+01,5.981179621423750348e+01,5.981179621423750348e+01,5.981179621423750348e+01,5.981179621423750348e+01,5.981179621423750348e+01,5.981179621423750348e+01,5.981179621423750348e+01,5.981179621423750348e+01,5.981179621423750348e+01,5.981179621423750348e+01,5.981179621423750348e+01,5.981179621423750348e+01,5.981179621423750348e+01,5.981179621423750348e+01,5.984293042592415190e+01,5.981179621423750348e+01,5.981179621423750348e+01,5.981179621423750348e+01,5.981179621423750348e+01,5.981179621423750348e+01,5.981179621423750348e+01,5.981179621423750348e+01,5.981179621423750348e+01,5.981179621423750348e+01,5.981179621423750348e+01,5.981179621423750348e+01,5.981179621423750348e+01,5.981179621423750348e+01,5.981179621423750348e+01,5.981179621423750348e+01,5.981179621423750348e+01,5.981179621423750348e+01,5.981179621423750348e+01,5.981179621423750348e+01,5.981179621423750348e+01,5.981179621423750348e+01,5.981179621423750348e+01,5.981179621423750348e+01,5.981179621423750348e+01,5.981179621423750348e+01,5.981179621423750348e+01,5.981179621423750348e+01,5.981179621423750348e+01,5.963768840206844146e+01,5.981179621423750348e+01,5.963768840206844146e+01,5.981179621423750348e+01,5.981179621423750348e+01,5.981179621423750348e+01,5.963768840206844146e+01,5.963768840206844146e+01,5.981179621423750348e+01,5.981179621423750348e+01,5.963768840206844146e+01,5.963768840206844146e+01,5.963768840206844146e+01,5.981179621423750348e+01,5.981179621423750348e+01,5.963768840206844146e+01,5.963768840206844146e+01,5.963768840206844146e+01,5.963768840206844146e+01,5.963768840206844146e+01,5.960618443234826458e+01,5.963768840206844146e+01,5.963768840206844146e+01,5.957794640493764149e+01,5.963768840206844146e+01,5.963768840206844146e+01,5.963768840206844146e+01,5.963768840206844146e+01,5.963768840206844146e+01,5.963768840206844146e+01,5.963768840206844146e+01,5.963768840206844146e+01,5.963768840206844146e+01,5.963768840206844146e+01,5.963768840206844146e+01,5.963768840206844146e+01,5.963768840206844146e+01,5.963768840206844146e+01,5.952884322526027461e+01,5.963768840206844146e+01,5.952884322526027461e+01,5.963768840206844146e+01,5.963768840206844146e+01,5.963768840206844146e+01,5.963768840206844146e+01,5.963768840206844146e+01,5.963768840206844146e+01,5.963768840206844146e+01,5.952884322526027461e+01,5.963768840206844146e+01,5.963768840206844146e+01,5.952884322526027461e+01,5.963768840206844146e+01,5.952884322526027461e+01,5.952884322526027461e+01,5.952884322526027461e+01,5.963768840206844146e+01,5.963768840206844146e+01,5.952884322526027461e+01,5.952884322526027461e+01,5.952884322526027461e+01,5.952884322526027461e+01,5.952884322526027461e+01,5.952884322526027461e+01,5.952884322526027461e+01,5.952884322526027461e+01,5.935315039762217282e+01,5.935315039762217282e+01,5.943240430462297041e+01,5.949730754697252166e+01,5.935315039762217282e+01,5.935315039762217282e+01,5.935315039762217282e+01,5.935315039762217282e+01,5.935315039762217282e+01,5.932208873972066954e+01,5.949730754697252166e+01,5.935315039762217282e+01,5.935315039762217282e+01,5.935315039762217282e+01,5.935315039762217282e+01,5.935315039762217282e+01,5.935315039762217282e+01,5.952884322526027461e+01,5.932208873972066954e+01,5.932208873972066954e+01,5.932208873972066954e+01,5.935315039762217282e+01,5.932208873972066954e+01,5.932208873972066954e+01,5.932208873972066954e+01,5.935315039762217282e+01,5.932208873972066954e+01,5.932208873972066954e+01,5.932208873972066954e+01,5.935315039762217282e+01,5.932208873972066954e+01,5.935315039762217282e+01,5.932208873972066954e+01,5.935315039762217282e+01,5.932208873972066954e+01,5.935315039762217282e+01,5.935315039762217282e+01,5.935315039762217282e+01,5.932208873972066954e+01,5.932208873972066954e+01,5.932208873972066954e+01,5.932208873972066954e+01,5.932208873972066954e+01,5.935315039762217282e+01,5.935315039762217282e+01,5.935315039762217282e+01,5.932208873972066954e+01,5.932208873972066954e+01,5.935315039762217282e+01,5.932208873972066954e+01,5.932208873972066954e+01,5.932208873972066954e+01,5.932208873972066954e+01,5.932208873972066954e+01,5.932208873972066954e+01,5.932208873972066954e+01,5.932208873972066954e+01,5.935315039762217282e+01,5.932208873972066954e+01,5.932208873972066954e+01,5.932208873972066954e+01,5.932208873972066954e+01,5.935315039762217282e+01,5.932208873972066954e+01,5.932208873972066954e+01,5.932208873972066954e+01,5.932208873972066954e+01,5.932208873972066954e+01,5.932208873972066954e+01,5.932208873972066954e+01,5.932208873972066954e+01,5.932208873972066954e+01,5.932208873972066954e+01,5.932208873972066954e+01,5.914533397246445645e+01,5.921220131297407363e+01,5.921220131297407363e+01,5.903538420350563598e+01,5.932208873972066954e+01,5.932208873972066954e+01,5.932208873972066954e+01,5.932208873972066954e+01,5.921220131297407363e+01,5.914533397246445645e+01,5.914533397246445645e+01,5.903538420350563598e+01,5.903538420350563598e+01,5.903538420350563598e+01,5.903538420350563598e+01,5.903538420350563598e+01,5.903538420350563598e+01,5.903538420350563598e+01,5.903538420350563598e+01,5.903538420350563598e+01,5.903538420350563598e+01,5.903538420350563598e+01,5.903538420350563598e+01,5.903538420350563598e+01,5.903538420350563598e+01,5.903538420350563598e+01,5.903538420350563598e+01,5.903538420350563598e+01,5.903538420350563598e+01,5.903538420350563598e+01,5.903538420350563598e+01,5.903538420350563598e+01,5.903538420350563598e+01,5.903538420350563598e+01,5.903538420350563598e+01,5.903538420350563598e+01,5.903538420350563598e+01,5.903538420350563598e+01,5.903538420350563598e+01,5.903538420350563598e+01,5.903538420350563598e+01,5.903538420350563598e+01,5.903538420350563598e+01,5.903538420350563598e+01,5.903538420350563598e+01,5.903538420350563598e+01,5.903538420350563598e+01,5.903538420350563598e+01,5.903538420350563598e+01,5.903538420350563598e+01,5.903538420350563598e+01,5.903538420350563598e+01,5.903538420350563598e+01,5.903538420350563598e+01,5.885706673270757960e+01,5.885706673270757960e+01,5.885706673270757960e+01,5.885706673270757960e+01,5.885706673270757960e+01,5.885706673270757960e+01,5.885706673270757960e+01,5.885706673270757960e+01,5.885706673270757960e+01,5.885706673270757960e+01,5.885706673270757960e+01,5.882603161900692612e+01,5.885706673270757960e+01,5.885706673270757960e+01,5.885706673270757960e+01,5.885706673270757960e+01,5.885706673270757960e+01,5.885706673270757960e+01,5.885706673270757960e+01,5.885706673270757960e+01,5.885706673270757960e+01,5.882603161900692612e+01,5.882603161900692612e+01,5.885706673270757960e+01,5.882603161900692612e+01,5.885706673270757960e+01,5.885706673270757960e+01,5.882603161900692612e+01,5.885706673270757960e+01,5.885706673270757960e+01,5.885706673270757960e+01,5.885706673270757960e+01,5.885706673270757960e+01,5.885706673270757960e+01,5.882603161900692612e+01,5.882603161900692612e+01,5.885706673270757960e+01,5.882603161900692612e+01,5.874599931504916839e+01,5.885706673270757960e+01,5.885706673270757960e+01,5.885706673270757960e+01,5.885706673270757960e+01,5.882603161900692612e+01,5.885706673270757960e+01,5.871498170426155383e+01,5.885706673270757960e+01,5.882603161900692612e+01,5.871498170426155383e+01,5.882603161900692612e+01,5.853553351623953205e+01,5.882603161900692612e+01,5.871498170426155383e+01,5.872905067093916642e+01,5.885706673270757960e+01,5.885706673270757960e+01,5.885706673270757960e+01,5.903538420350563598e+01,5.885706673270757960e+01,5.914533397246445645e+01,5.903538420350563598e+01,5.896782609081201798e+01,5.903538420350563598e+01,5.903538420350563598e+01,5.903538420350563598e+01,5.903538420350563598e+01,5.908498753443232232e+01,5.903538420350563598e+01,5.885706673270757960e+01,5.885706673270757960e+01,5.885706673270757960e+01,5.903538420350563598e+01,5.885706673270757960e+01,5.896709677610884626e+01,5.885706673270757960e+01,5.885706673270757960e+01,5.885706673270757960e+01,5.885706673270757960e+01,5.885706673270757960e+01,5.903538420350563598e+01,5.885706673270757960e+01,5.885706673270757960e+01,5.885706673270757960e+01,5.885706673270757960e+01,5.885706673270757960e+01,5.885706673270757960e+01,5.885706673270757960e+01,5.885706673270757960e+01,5.885706673270757960e+01,5.885706673270757960e+01,5.885706673270757960e+01,5.885706673270757960e+01,5.885706673270757960e+01,5.885706673270757960e+01,5.885706673270757960e+01,5.885706673270757960e+01,5.885706673270757960e+01,5.885706673270757960e+01,5.885706673270757960e+01,5.885706673270757960e+01,5.885706673270757960e+01,5.885706673270757960e+01,5.885706673270757960e+01,5.885706673270757960e+01,5.885706673270757960e+01,5.885706673270757960e+01,5.885706673270757960e+01,5.885706673270757960e+01,5.885706673270757960e+01,5.885706673270757960e+01,5.885706673270757960e+01,5.885706673270757960e+01,5.885706673270757960e+01,5.885706673270757960e+01,5.885706673270757960e+01,5.885706673270757960e+01,5.885706673270757960e+01,5.885706673270757960e+01,5.885706673270757960e+01,5.885706673270757960e+01,5.875837110532684449e+01,5.885706673270757960e+01,5.867729904297079457e+01,5.864669979679730005e+01,5.885706673270757960e+01,5.885706673270757960e+01,5.864669979679730005e+01,5.885706673270757960e+01,5.867729904297079457e+01,5.867729904297079457e+01,5.867729904297079457e+01,5.867729904297079457e+01,5.867729904297079457e+01,5.867729904297079457e+01,5.867729904297079457e+01,5.867729904297079457e+01,5.864669979679730005e+01,5.867729904297079457e+01,5.864669979679730005e+01,5.856610581774614843e+01,5.866058226979745882e+01,5.849612282822223364e+01,5.864669979679730005e+01,5.838479493412138055e+01,5.856610581774614843e+01,5.857782411041259962e+01,5.864669979679730005e+01,5.846595477876070390e+01,5.864669979679730005e+01,5.849612282822223364e+01,5.835466074377004020e+01,5.853553351623953205e+01,5.849612282822223364e+01,5.836833825654702679e+01,5.835466074377004020e+01,5.838479493412138055e+01,5.835466074377004020e+01,5.835466074377004020e+01,5.835466074377004020e+01,5.835466074377004020e+01,5.835466074377004020e+01,5.835466074377004020e+01,5.835466074377004020e+01,5.835466074377004020e+01,5.835466074377004020e+01,5.835466074377004020e+01,5.835466074377004020e+01,5.835466074377004020e+01,5.835466074377004020e+01,5.835466074377004020e+01,5.835466074377004020e+01,5.835466074377004020e+01,5.835466074377004020e+01,5.838479493412138055e+01,5.835466074377004020e+01,5.835466074377004020e+01,5.835466074377004020e+01,5.835466074377004020e+01,5.836833825654702679e+01,5.835466074377004020e+01,5.835466074377004020e+01,5.835466074377004020e+01,5.835466074377004020e+01,5.835466074377004020e+01,5.835466074377004020e+01,5.835466074377004020e+01,5.835466074377004020e+01,5.835466074377004020e+01,5.835466074377004020e+01,5.835466074377004020e+01,5.835466074377004020e+01,5.835466074377004020e+01,5.835466074377004020e+01,5.835466074377004020e+01,5.835466074377004020e+01,5.835466074377004020e+01,5.835466074377004020e+01,5.835466074377004020e+01,5.835466074377004020e+01,5.835466074377004020e+01,5.835466074377004020e+01,5.835466074377004020e+01,5.835466074377004020e+01,5.835466074377004020e+01,5.835466074377004020e+01,5.835466074377004020e+01,5.835466074377004020e+01,5.835466074377004020e+01,5.835466074377004020e+01,5.835466074377004020e+01,5.835466074377004020e+01,5.835466074377004020e+01,5.817240485782429005e+01,5.835466074377004020e+01,5.817240485782429005e+01,5.835466074377004020e+01,5.835466074377004020e+01,5.817240485782429005e+01,5.817240485782429005e+01,5.817240485782429005e+01,5.825458886504688394e+01,5.817240485782429005e+01,5.817240485782429005e+01,5.835466074377004020e+01,5.835466074377004020e+01,5.817240485782429005e+01,5.817240485782429005e+01,5.805987410083057654e+01,5.817240485782429005e+01,5.805987410083057654e+01,5.817240485782429005e+01,5.805987410083057654e+01,5.805987410083057654e+01,5.817240485782429005e+01,5.817240485782429005e+01,5.817240485782429005e+01,5.817240485782429005e+01,5.817240485782429005e+01,5.817240485782429005e+01,5.817240485782429005e+01,5.805987410083057654e+01,5.805987410083057654e+01,5.805987410083057654e+01,5.805987410083057654e+01,5.805987410083057654e+01,5.817240485782429005e+01,5.817240485782429005e+01,5.817240485782429005e+01,5.805987410083057654e+01,5.817240485782429005e+01,5.817240485782429005e+01,5.817240485782429005e+01,5.817240485782429005e+01,5.805987410083057654e+01,5.805987410083057654e+01,5.805987410083057654e+01,5.817240485782429005e+01,5.805987410083057654e+01,5.817240485782429005e+01,5.817240485782429005e+01,5.817240485782429005e+01,5.805987410083057654e+01,5.805987410083057654e+01,5.805987410083057654e+01,5.805987410083057654e+01,5.805987410083057654e+01,5.817240485782429005e+01,5.805987410083057654e+01,5.817240485782429005e+01,5.817240485782429005e+01,5.805987410083057654e+01,5.805987410083057654e+01,5.805987410083057654e+01,5.805987410083057654e+01,5.805987410083057654e+01,5.805987410083057654e+01,5.805987410083057654e+01,5.802926878257262189e+01,5.805987410083057654e+01,5.805987410083057654e+01,5.805987410083057654e+01,5.805987410083057654e+01,5.805987410083057654e+01,5.805987410083057654e+01,5.805987410083057654e+01,5.805987410083057654e+01,5.805987410083057654e+01,5.805987410083057654e+01,5.805987410083057654e+01,5.805987410083057654e+01
1.829760601199733117e+01,1.830680209200856368e+01,1.830680209200856368e+01,1.830680209200856368e+01,1.830680209200856368e+01,1.830680209200856368e+01,1.830680209200856368e+01,1.830680209200856368e+01,1.830680209200856368e+01,1.830680209200856368e+01,1.830680209200856368e+01,1.830680209200856368e+01,1.830680209200856368e+01,1.830680209200856368e+01,1.830680209200856368e+01,1.830680209200856368e+01,1.830680209200856368e+01,1.830680209200856368e+01,1.830680209200856368e+01,1.830680209200856368e+01,1.830680209200856368e+01,1.830680209200856368e+01,1.830680209200856368e+01,1.830680209200856368e+01,1.830680209200856368e+01,1.830680209200856368e+01,1.830680209200856368e+01,1.830680209200856368e+01,1.830680209200856368e+01,1.830680209200856368e+01,1.830680209200856368e+01,1.830680209200856368e+01,1.830680209200856368e+01,1.830680209200856368e+01,1.830680209200856368e+01,1.830680209200856368e+01,1.830680209200856368e+01,1.830680209200856368e+01,1.830680209200856368e+01,1.830680209200856368e+01,1.830680209200856368e+01,1.830680209200856368e+01,1.830680209200856368e+01,1.830680209200856368e+01,1.830680209200856368e+01,1.830680209200856368e+01,1.830680209200856368e+01,1.829760601199733117e+01,1.830680209200856368e+01,1.830680209200856368e+01,1.830680209200856368e+01,1.830680209200856368e+01,1.830680209200856368e+01,1.830680209200856368e+01,1.830680209200856368e+01,1.830680209200856368e+01,1.830680209200856368e+01,1.830680209200856368e+01,1.830680209200856368e+01,1.830680209200856368e+01,1.830680209200856368e+01,1.830680209200856368e+01,1.829760601199733117e+01,1.830680209200856368e+01,1.829760601199733117e+01,1.830680209200856368e+01,1.830680209200856368e+01,1.830680209200856368e+01,1.829760601199733117e+01,1.830680209200856368e+01,1.830680209200856368e+01,1.829944093897801949e+01,1.829760601199733117e+01,1.830680209200856368e+01,1.829760601199733117e+01,1.830680209200856368e+01,1.829760601199733117e+01,1.829760601199733117e+01,1.829760601199733117e+01,1.829760601199733117e+01,1.829760601199733117e+01,1.830680209200856368e+01,1.829760601199733117e+01,1.829760601199733117e+01,1.829760601199733117e+01,1.829760601199733117e+01,1.829760601199733117e+01,1.829760601199733117e+01,1.829760601199733117e+01,1.848836730289211516e+01,1.829760601199733117e+01,1.830680209200856368e+01,1.829760601199733117e+01,1.848836730289211516e+01,1.848836730289211516e+01,1.829760601199733117e+01,1.848836730289211516e+01,1.848836730289211516e+01,1.848836730289211516e+01,1.848836730289211516e+01,1.848836730289211516e+01,1.848836730289211516e+01,1.848836730289211516e+01,1.848836730289211516e+01,1.848836730289211516e+01,1.848836730289211516e+01,1.848836730289211516e+01,1.848836730289211516e+01,1.848836730289211516e+01,1.848836730289211516e+01,1.848836730289211516e+01,1.848836730289211516e+01,1.848836730289211516e+01,1.848836730289211516e+01,1.848836730289211516e+01,1.848836730289211516e+01,1.848836730289211516e+01,1.848836730289211516e+01,1.848836730289211516e+01,1.848836730289211516e+01,1.848836730289211516e+01,1.848836730289211516e+01,1.848836730289211516e+01,1.848836730289211516e+01,1.848836730289211516e+01,1.848836730289211516e+01,1.848836730289211516e+01,1.848836730289211516e+01,1.848836730289211516e+01,1.848836730289211516e+01,1.848836730289211516e+01,1.848836730289211516e+01,1.848836730289211516e+01,1.848836730289211516e+01,1.848836730289211516e+01,1.848836730289211516e+01,1.848836730289211516e+01,1.848836730289211516e+01,1.848836730289211516e+01,1.848836730289211516e+01,1.848836730289211516e+01,1.848836730289211516e+01,1.848836730289211516e+01,1.848836730289211516e+01,1.848836730289211516e+01,1.848836730289211516e+01,1.848836730289211516e+01,1.848836730289211516e+01,1.848836730289211516e+01,1.848836730289211516e+01,1.848836730289211516e+01,1.848836730289211516e+01,1.848836730289211516e+01,1.848836730289211516e+01,1.848836730289211516e+01,1.848836730289211516e+01,1.848836730289211516e+01,1.848836730289211516e+01,1.848836730289211516e+01,1.848836730289211516e+01,1.848836730289211516e+01,1.848836730289211516e+01,1.848836730289211516e+01,1.848836730289211516e+01,1.848836730289211516e+01,1.848836730289211516e+01,1.848836730289211516e+01,1.848836730289211516e+01,1.848836730289211516e+01,1.848836730289211516e+01,1.848836730289211516e+01,1.848836730289211516e+01,1.848836730289211516e+01,1.848836730289211516e+01,1.848836730289211516e+01,1.848836730289211516e+01,1.848836730289211516e+01,1.848836730289211516e+01,1.848836730289211516e+01,1.848836730289211516e+01,1.848836730289211516e+01,1.848836730289211516e+01,1.848836730289211516e+01,1.848836730289211516e+01,1.848836730289211516e+01,1.848836730289211516e+01,1.848836730289211516e+01,1.848836730289211516e+01,1.848836730289211516e+01,1.848836730289211516e+01,1.848836730289211516e+01,1.848836730289211516e+01,1.848836730289211516e+01,1.848836730289211516e+01,1.848836730289211516e+01,1.848836730289211516e+01,1.848836730289211516e+01,1.848836730289211516e+01,1.848836730289211516e+01,1.848836730289211516e+01,1.848836730289211516e+01,1.848836730289211516e+01,1.848836730289211516e+01,1.848836730289211516e+01,1.848836730289211516e+01,1.848836730289211516e+01,1.848836730289211516e+01,1.848836730289211516e+01,1.848836730289211516e+01,1.848836730289211516e+01,1.848836730289211516e+01,1.848836730289211516e+01,1.848836730289211516e+01,1.848836730289211516e+01,1.848836730289211516e+01,1.848836730289211516e+01,1.848836730289211516e+01,1.848836730289211516e+01,1.848836730289211516e+01,1.848836730289211516e+01,1.848836730289211516e+01,1.848836730289211516e+01,1.848836730289211516e+01,1.848836730289211516e+01,1.848836730289211516e+01,1.869671623991068543e+01,1.869671623991068543e+01,1.869671623991068543e+01,1.869671623991068543e+01,1.869671623991068543e+01,1.869671623991068543e+01,1.848836730289211516e+01,1.869671623991068543e+01,1.869671623991068543e+01,1.848836730289211516e+01,1.869671623991068543e+01,1.857993480736886838e+01,1.848836730289211516e+01,1.848836730289211516e+01,1.869671623991068543e+01,1.869671623991068543e+01,1.869671623991068543e+01,1.869671623991068543e+01,1.869671623991068543e+01,1.869671623991068543e+01,1.869671623991068543e+01,1.869671623991068543e+01,1.869671623991068543e+01,1.869671623991068543e+01,1.869671623991068543e+01,1.869671623991068543e+01,1.869671623991068543e+01,1.869671623991068543e+01,1.869671623991068543e+01,1.869671623991068543e+01,1.869671623991068543e+01,1.869671623991068543e+01,1.869671623991068543e+01,1.869671623991068543e+01,1.869671623991068543e+01,1.869671623991068543e+01,1.869671623991068543e+01,1.869671623991068543e+01,1.869671623991068543e+01,1.869671623991068543e+01,1.869671623991068543e+01,1.869671623991068543e+01,1.869671623991068543e+01,1.869671623991068543e+01,1.869671623991068543e+01,1.869671623991068543e+01,1.869671623991068543e+01,1.869671623991068543e+01,1.869671623991068543e+01,1.869671623991068543e+01,1.869671623991068543e+01,1.869671623991068543e+01,1.869671623991068543e+01,1.869671623991068543e+01,1.869671623991068543e+01,1.869671623991068543e+01,1.869671623991068543e+01,1.869671623991068543e+01,1.869671623991068543e+01,1.869671623991068543e+01,1.869671623991068543e+01,1.869671623991068543e+01,1.869671623991068543e+01,1.869671623991068543e+01,1.869671623991068543e+01,1.869671623991068543e+01,1.869671623991068543e+01,1.869671623991068543e+01,1.869671623991068543e+01,1.869671623991068543e+01,1.869671623991068543e+01,1.869671623991068543e+01,1.869671623991068543e+01,1.869671623991068543e+01,1.869671623991068543e+01,1.869671623991068543e+01,1.869671623991068543e+01,1.869671623991068543e+01,1.869671623991068543e+01,1.869671623991068543e+01,1.869671623991068543e+01,1.869671623991068543e+01,1.869671623991068543e+01,1.869671623991068543e+01,1.869671623991068543e+01,1.869671623991068543e+01,1.869671623991068543e+01,1.869671623991068543e+01,1.869671623991068543e+01,1.869671623991068543e+01,1.869671623991068543e+01,1.869671623991068543e+01,1.869671623991068543e+01,1.869671623991068543e+01,1.869671623991068543e+01,1.869671623991068543e+01,1.869671623991068543e+01,1.869671623991068543e+01,1.869671623991068543e+01,1.869671623991068543e+01,1.869671623991068543e+01,1.869671623991068543e+01,1.869671623991068543e+01,1.869671623991068543e+01,1.869671623991068543e+01,1.869671623991068543e+01,1.869671623991068543e+01,1.869671623991068543e+01,1.869671623991068543e+01,1.869671623991068543e+01,1.869671623991068543e+01,1.869671623991068543e+01,1.869671623991068543e+01,1.869671623991068543e+01,1.869671623991068543e+01,1.869671623991068543e+01,1.869671623991068543e+01,1.869671623991068543e+01,1.869671623991068543e+01,1.869671623991068543e+01,1.869671623991068543e+01,1.869671623991068543e+01,1.869671623991068543e+01,1.869671623991068543e+01,1.869671623991068543e+01,1.869671623991068543e+01,1.870801356312474439e+01,1.869671623991068543e+01,1.869671623991068543e+01,1.869671623991068543e+01,1.869671623991068543e+01,1.869671623991068543e+01,1.870801356312474439e+01,1.869671623991068543e+01,1.869671623991068543e+01,1.869671623991068543e+01,1.869671623991068543e+01,1.869671623991068543e+01,1.870801356312474439e+01,1.870801356312474439e+01,1.870801356312474439e+01,1.869671623991068543e+01,1.870801356312474439e+01,1.870801356312474439e+01,1.870801356312474439e+01,1.870801356312474439e+01,1.870801356312474439e+01,1.870801356312474439e+01,1.869671623991068543e+01,1.870801356312474439e+01,1.870801356312474439e+01,1.870801356312474439e+01,1.870801356312474439e+01,1.870801356312474439e+01,1.870801356312474439e+01,1.870801356312474439e+01,1.869671623991068543e+01,1.870801356312474439e+01,1.870801356312474439e+01,1.870801356312474439e+01,1.870801356312474439e+01,1.870801356312474439e+01,1.870801356312474439e+01,1.870801356312474439e+01,1.870801356312474439e+01,1.870801356312474439e+01,1.893561062114260807e+01,1.893561062114260807e+01,1.870801356312474439e+01,1.893561062114260807e+01,1.893561062114260807e+01,1.893561062114260807e+01,1.893561062114260807e+01,1.893561062114260807e+01,1.893561062114260807e+01,1.893561062114260807e+01,1.893561062114260807e+01,1.893561062114260807e+01,1.893561062114260807e+01,1.893561062114260807e+01,1.893561062114260807e+01,1.893561062114260807e+01,1.893561062114260807e+01,1.893561062114260807e+01,1.893561062114260807e+01,1.893561062114260807e+01,1.893561062114260807e+01,1.893561062114260807e+01,1.893561062114260807e+01,1.893561062114260807e+01,1.893561062114260807e+01,1.893561062114260807e+01,1.893561062114260807e+01,1.893561062114260807e+01,1.893561062114260807e+01,1.893561062114260807e+01,1.893561062114260807e+01,1.893561062114260807e+01,1.893561062114260807e+01,1.893561062114260807e+01,1.893561062114260807e+01,1.893561062114260807e+01,1.893561062114260807e+01,1.893561062114260807e+01,1.893561062114260807e+01,1.893561062114260807e+01,1.893561062114260807e+01,1.893561062114260807e+01,1.893561062114260807e+01,1.893561062114260807e+01,1.893561062114260807e+01,1.893561062114260807e+01,1.893561062114260807e+01,1.893561062114260807e+01,1.893561062114260807e+01,1.893561062114260807e+01,1.893561062114260807e+01,1.893561062114260807e+01,1.893561062114260807e+01,1.893561062114260807e+01,1.893561062114260807e+01,1.893561062114260807e+01,1.893561062114260807e+01,1.893561062114260807e+01,1.893561062114260807e+01,1.918057488420720702e+01,1.896965700531578136e+01,1.893561062114260807e+01,1.896965700531578136e+01,1.918057488420720702e+01,1.893561062114260807e+01,1.921451422104143703e+01,1.921451422104143703e+01,1.918057488420720702e+01,1.921451422104143703e+01,1.921451422104143703e+01,1.921451422104143703e+01,1.921451422104143703e+01,1.921451422104143703e+01,1.921451422104143703e+01,1.921451422104143703e+01,1.918057488420720702e+01,1.921451422104143703e+01,1.921451422104143703e+01,1.918057488420720702e+01,1.918057488420720702e+01,1.921451422104143703e+01,1.921451422104143703e+01,1.921451422104143703e+01,1.918057488420720702e+01,1.921451422104143703e+01,1.921451422104143703e+01,1.921451422104143703e+01,1.921451422104143703e+01,1.921451422104143703e+01,1.921451422104143703e+01,1.921451422104143703e+01,1.921451422104143703e+01,1.921451422104143703e+01,1.921451422104143703e+01,1.921451422104143703e+01,1.921451422104143703e+01,1.921451422104143703e+01,1.921451422104143703e+01,1.921451422104143703e+01,1.921451422104143703e+01,1.958641464249883768e+01,1.921451422104143703e+01,1.958641464249883768e+01,1.958641464249883768e+01,1.958641464249883768e+01,1.958641464249883768e+01,1.958641464249883768e+01,1.958641464249883768e+01,1.958641464249883768e+01,1.958641464249883768e+01,1.958641464249883768e+01,1.958641464249883768e+01,1.958641464249883768e+01,1.984617542263473311e+01,1.984617542263473311e+01,1.984617542263473311e+01,1.984617542263473311e+01,1.984617542263473311e+01,1.984617542263473311e+01,1.984617542263473311e+01,1.984617542263473311e+01,1.984617542263473311e+01,1.984617542263473311e+01,1.984617542263473311e+01,1.984617542263473311e+01,1.979740877453207304e+01,1.984617542263473311e+01,1.984617542263473311e+01,1.984617542263473311e+01,1.984617542263473311e+01,1.984617542263473311e+01,1.982228632009779545e+01,1.979740877453207304e+01,1.984617542263473311e+01,1.984617542263473311e+01,1.979740877453207304e+01,1.984617542263473311e+01,1.984617542263473311e+01,1.984617542263473311e+01,1.979740877453207304e+01,1.979740877453207304e+01,1.982228632009779545e+01,1.979740877453207304e+01,1.979740877453207304e+01,1.984617542263473311e+01,1.979740877453207304e+01,1.979740877453207304e+01,1.984617542263473311e+01,1.979740877453207304e+01,1.979740877453207304e+01,1.984617542263473311e+01,1.979740877453207304e+01,1.979740877453207304e+01,1.979740877453207304e+01,1.979740877453207304e+01,1.979740877453207304e+01,1.979740877453207304e+01,1.979740877453207304e+01,2.007546009215411686e+01,2.007546009215411686e+01,2.007546009215411686e+01,1.979740877453207304e+01,2.007546009215411686e+01,2.007546009215411686e+01,2.007546009215411686e+01,2.007546009215411686e+01,2.007546009215411686e+01,2.007546009215411686e+01,2.007546009215411686e+01,2.007546009215411686e+01,2.007546009215411686e+01,2.007546009215411686e+01,2.007546009215411686e+01,2.007546009215411686e+01,2.007546009215411686e+01,2.007546009215411686e+01,2.007546009215411686e+01,2.046738645909042020e+01,2.007546009215411686e+01,2.007546009215411686e+01,2.007546009215411686e+01,2.007546009215411686e+01,2.007546009215411686e+01,2.007546009215411686e+01,2.007546009215411686e+01,2.007546009215411686e+01,2.046738645909042020e+01,2.007546009215411686e+01,2.007546009215411686e+01,2.007546009215411686e+01,2.007546009215411686e+01,2.046738645909042020e+01,2.007546009215411686e+01,2.046738645909042020e+01,2.046738645909042020e+01,2.007546009215411686e+01,2.046738645909042020e+01,2.046738645909042020e+01,2.046738645909042020e+01,2.046738645909042020e+01,2.046738645909042020e+01,2.052925335807698559e+01,2.046738645909042020e+01,2.046738645909042020e+01,2.046738645909042020e+01,2.052925335807698559e+01,2.046738645909042020e+01,2.112318161146964357e+01,2.112318161146964357e+01,2.046738645909042020e+01,2.112318161146964357e+01,2.106767497111759724e+01,2.112318161146964357e+01,2.112318161146964357e+01,2.112318161146964357e+01,2.112318161146964357e+01,2.112318161146964357e+01,2.112318161146964357e+01,2.112318161146964357e+01,2.112318161146964357e+01,2.112318161146964357e+01,2.112318161146964357e+01,2.156297221997905922e+01,2.156297221997905922e+01,2.156297221997905922e+01,2.156297221997905922e+01,2.156297221997905922e+01,2.156297221997905922e+01,2.156297221997905922e+01,2.156297221997905922e+01,2.156297221997905922e+01,2.156297221997905922e+01,2.156297221997905922e+01,2.156297221997905922e+01,2.156297221997905922e+01,2.156297221997905922e+01,2.156297221997905922e+01,2.156297221997905922e+01,2.156297221997905922e+01,2.156297221997905922e+01,2.156297221997905922e+01,2.156297221997905922e+01,2.156297221997905922e+01,2.156297221997905922e+01,2.156297221997905922e+01,2.156297221997905922e+01,2.156297221997905922e+01,2.156297221997905922e+01,2.156297221997905922e+01,2.156297221997905922e+01,2.156297221997905922e+01,2.156297221997905922e+01,2.156297221997905922e+01,2.156297221997905922e+01,2.156297221997905922e+01,2.156297221997905922e+01,2.156297221997905922e+01,2.156297221997905922e+01,2.156297221997905922e+01,2.156297221997905922e+01,2.156297221997905922e+01,2.156297221997905922e+01,2.156297221997905922e+01,2.156297221997905922e+01,2.156297221997905922e+01,2.156297221997905922e+01,2.156297221997905922e+01,2.156297221997905922e+01,2.156297221997905922e+01,2.156297221997905922e+01,2.156297221997905922e+01,2.156297221997905922e+01,2.156297221997905922e+01,2.156297221997905922e+01,2.156297221997905922e+01,2.156297221997905922e+01,2.187835588711693191e+01,2.187835588711693191e+01,2.187835588711693191e+01,2.187835588711693191e+01,2.187835588711693191e+01,2.187835588711693191e+01,2.187835588711693191e+01,2.187835588711693191e+01,2.187835588711693191e+01,2.187835588711693191e+01,2.187835588711693191e+01,2.187835588711693191e+01,2.187835588711693191e+01,2.187835588711693191e+01,2.187835588711693191e+01,2.187835588711693191e+01,2.187835588711693191e+01,2.187835588711693191e+01,2.187835588711693191e+01,2.187835588711693191e+01,2.187835588711693191e+01,2.187835588711693191e+01,2.187835588711693191e+01,2.187835588711693191e+01,2.187835588711693191e+01,2.187835588711693191e+01,2.187835588711693191e+01,2.187835588711693191e+01,2.187835588711693191e+01,2.187835588711693191e+01,2.187835588711693191e+01,2.187835588711693191e+01,2.187835588711693191e+01,2.187835588711693191e+01,2.187835588711693191e+01,2.187835588711693191e+01,2.187835588711693191e+01,2.187835588711693191e+01,2.187835588711693191e+01,2.187835588711693191e+01,2.187835588711693191e+01,2.187835588711693191e+01,2.187835588711693191e+01,2.187835588711693191e+01,2.187835588711693191e+01,2.187835588711693191e+01,2.187835588711693191e+01,2.187835588711693191e+01,2.187835588711693191e+01,2.220652634738456399e+01,2.220652634738456399e+01,2.220652634738456399e+01,2.220652634738456399e+01,2.220652634738456399e+01,2.220652634738456399e+01,2.220652634738456399e+01,2.220652634738456399e+01,2.267619311470593857e+01,2.220652634738456399e+01,2.267619311470593857e+01,2.267619311470593857e+01,2.267619311470593857e+01,2.267619311470593857e+01,2.267619311470593857e+01,2.267619311470593857e+01,2.267619311470593857e+01,2.267619311470593857e+01,2.267619311470593857e+01,2.267619311470593857e+01,2.267619311470593857e+01,2.267619311470593857e+01,2.267619311470593857e+01,2.267619311470593857e+01,2.267619311470593857e+01,2.267619311470593857e+01,2.267619311470593857e+01,2.317954847007111852e+01,2.317954847007111852e+01,2.317954847007111852e+01,2.317954847007111852e+01,2.317954847007111852e+01,2.317954847007111852e+01,2.317954847007111852e+01,2.317954847007111852e+01,2.317954847007111852e+01,2.317954847007111852e+01,2.317954847007111852e+01,2.317954847007111852e+01,2.317954847007111852e+01,2.317954847007111852e+01,2.317954847007111852e+01,2.317954847007111852e+01,2.317954847007111852e+01,2.317954847007111852e+01,2.317954847007111852e+01,2.317954847007111852e+01,2.317954847007111852e+01,2.317954847007111852e+01,2.317954847007111852e+01,2.317954847007111852e+01,2.317954847007111852e+01,2.317954847007111852e+01,2.317954847007111852e+01,2.317954847007111852e+01,2.317954847007111852e+01,2.317954847007111852e+01,2.317954847007111852e+01,2.351198545882373381e+01,2.317954847007111852e+01,2.351198545882373381e+01,2.317954847007111852e+01,2.351198545882373381e+01,2.351198545882373381e+01,2.351198545882373381e+01,2.351198545882373381e+01,2.351198545882373381e+01,2.351198545882373381e+01,2.351198545882373381e+01,2.351198545882373381e+01,2.351198545882373381e+01,2.351198545882373381e+01,2.351198545882373381e+01,2.351198545882373381e+01,2.351198545882373381e+01,2.351198545882373381e+01,2.351198545882373381e+01,2.351198545882373381e+01,2.351198545882373381e+01,2.351198545882373381e+01,2.351198545882373381e+01,2.351198545882373381e+01,2.351198545882373381e+01,2.351198545882373381e+01,2.351198545882373381e+01,2.351198545882373381e+01,2.351198545882373381e+01,2.351198545882373381e+01,2.351198545882373381e+01,2.351198545882373381e+01,2.351198545882373381e+01,2.351198545882373381e+01,2.351198545882373381e+01,2.351198545882373381e+01,2.351198545882373381e+01,2.351198545882373381e+01,2.351198545882373381e+01,2.351198545882373381e+01,2.351198545882373381e+01,2.351198545882373381e+01,2.351198545882373381e+01,2.351198545882373381e+01,2.351198545882373381e+01,2.351198545882373381e+01,2.351198545882373381e+01,2.351198545882373381e+01,2.351198545882373381e+01,2.351198545882373381e+01,2.351198545882373381e+01,2.351198545882373381e+01,2.351198545882373381e+01,2.351198545882373381e+01,2.351198545882373381e+01,2.351198545882373381e+01,2.404110530901631648e+01,2.351198545882373381e+01,2.351198545882373381e+01,2.404110530901631648e+01,2.351198545882373381e+01,2.404110530901631648e+01,2.404110530901631648e+01,2.351198545882373381e+01,2.404110530901631648e+01,2.410626162781939641e+01,2.404110530901631648e+01,2.438016059461008567e+01,2.404110530901631648e+01,2.404110530901631648e+01,2.459673575746678509e+01,2.459673575746678509e+01,2.492997200598996344e+01,2.459673575746678509e+01,2.492997200598996344e+01,2.459673575746678509e+01,2.459673575746678509e+01,2.492997200598996344e+01,2.492997200598996344e+01,2.492997200598996344e+01,2.492997200598996344e+01,2.492997200598996344e+01,2.498706600595376770e+01,2.492997200598996344e+01,2.492997200598996344e+01,2.492997200598996344e+01,2.492997200598996344e+01,2.498706600595376770e+01,2.498706600595376770e+01,2.492997200598996344e+01,2.492997200598996344e+01,2.492997200598996344e+01,2.498706600595376770e+01,2.492997200598996344e+01,2.492997200598996344e+01,2.498706600595376770e+01,2.492997200598996344e+01,2.492997200598996344e+01,2.498706600595376770e+01,2.492997200598996344e+01,2.492997200598996344e+01,2.492997200598996344e+01,2.492997200598996344e+01,2.492997200598996344e+01,2.492997200598996344e+01,2.498706600595376770e+01,2.492997200598996344e+01,2.492997200598996344e+01,2.492997200598996344e+01,2.492997200598996344e+01,2.492997200598996344e+01,2.492997200598996344e+01,2.492997200598996344e+01,2.492997200598996344e+01,2.492997200598996344e+01,2.492997200598996344e+01,2.492997200598996344e+01,2.492997200598996344e+01,2.492997200598996344e+01,2.492997200598996344e+01,2.492997200598996344e+01,2.492997200598996344e+01,2.492997200598996344e+01,2.492997200598996344e+01,2.492997200598996344e+01,2.492997200598996344e+01,2.492997200598996344e+01,2.492997200598996344e+01,2.492997200598996344e+01,2.492997200598996344e+01,2.550061433644048847e+01,2.550061433644048847e+01,2.550061433644048847e+01,2.550061433644048847e+01,2.550061433644048847e+01,2.550061433644048847e+01,2.550061433644048847e+01,2.550061433644048847e+01,2.550061433644048847e+01,2.550061433644048847e+01,2.550061433644048847e+01,2.550061433644048847e+01,2.550061433644048847e+01,2.550061433644048847e+01,2.550061433644048847e+01,2.550061433644048847e+01,2.550061433644048847e+01,2.550061433644048847e+01,2.550061433644048847e+01,2.550061433644048847e+01,2.550061433644048847e+01,2.550061433644048847e+01,2.550061433644048847e+01,2.550061433644048847e+01,2.550061433644048847e+01,2.550061433644048847e+01,2.550061433644048847e+01,2.550061433644048847e+01,2.550061433644048847e+01,2.550061433644048847e+01,2.550061433644048847e+01,2.550061433644048847e+01,2.550061433644048847e+01,2.583962715758825368e+01,2.583962715758825368e+01,2.550061433644048847e+01,2.550061433644048847e+01,2.583962715758825368e+01,2.550061433644048847e+01,2.550061433644048847e+01,2.583962715758825368e+01,2.550061433644048847e+01,2.583962715758825368e+01,2.583962715758825368e+01,2.583962715758825368e+01,2.583962715758825368e+01,2.583962715758825368e+01,2.583962715758825368e+01,2.583962715758825368e+01,2.583962715758825368e+01,2.583962715758825368e+01,2.583962715758825368e+01,2.583962715758825368e+01,2.583962715758825368e+01,2.583962715758825368e+01,2.583962715758825368e+01,2.583962715758825368e+01,2.583962715758825368e+01,2.583962715758825368e+01,2.583962715758825368e+01,2.583962715758825368e+01,2.583962715758825368e+01,2.583962715758825368e+01,2.583962715758825368e+01,2.583962715758825368e+01,2.583962715758825368e+01,2.583962715758825368e+01,2.641963260248436640e+01,2.641963260248436640e+01,2.641963260248436640e+01,2.583962715758825368e+01,2.641963260248436640e+01,2.641963260248436640e+01,2.641963260248436640e+01,2.641963260248436640e+01,2.641963260248436640e+01,2.641963260248436640e+01,2.641963260248436640e+01,2.700901904460517144e+01,2.700901904460517144e+01,2.700901904460517144e+01,2.700901904460517144e+01,2.700901904460517144e+01,2.700901904460517144e+01,2.700901904460517144e+01,2.700901904460517144e+01,2.700901904460517144e+01,2.700901904460517144e+01,2.700901904460517144e+01,2.700901904460517144e+01,2.700901904460517144e+01,2.700901904460517144e+01,2.700901904460517144e+01,2.700901904460517144e+01,2.700901904460517144e+01,2.700901904460517144e+01,2.700901904460517144e+01,2.700901904460517144e+01,2.700901904460517144e+01,2.700901904460517144e+01,2.700901904460517144e+01,2.700901904460517144e+01,2.700901904460517144e+01,2.700901904460517144e+01,2.700901904460517144e+01,2.700901904460517144e+01,2.700901904460517144e+01,2.700901904460517144e+01,2.700901904460517144e+01,2.700901904460517144e+01,2.700901904460517144e+01,2.700901904460517144e+01,2.700901904460517144e+01,2.700901904460517144e+01,2.697310852367917988e+01,2.697310852367917988e+01,2.697310852367917988e+01,2.700901904460517144e+01,2.697310852367917988e+01,2.700901904460517144e+01,2.697310852367917988e+01,2.697310852367917988e+01,2.697310852367917988e+01,2.700901904460517144e+01,2.697310852367917988e+01,2.697310852367917988e+01,2.697310852367917988e+01,2.697310852367917988e+01,2.697310852367917988e+01,2.697310852367917988e+01,2.697310852367917988e+01,2.697310852367917988e+01,2.697310852367917988e+01,2.697310852367917988e+01,2.697310852367917988e+01,2.697310852367917988e+01,2.697310852367917988e+01,2.697310852367917988e+01,2.731451767887930160e+01,2.697310852367917988e+01,2.757093302419698944e+01,2.697310852367917988e+01,2.789978775374518349e+01,2.757093302419698944e+01,2.757093302419698944e+01,2.789978775374518349e+01,2.757093302419698944e+01,2.757093302419698944e+01,2.789978775374518349e+01,2.757093302419698944e+01,2.789978775374518349e+01,2.789978775374518349e+01,2.789978775374518349e+01,2.789978775374518349e+01,2.789978775374518349e+01,2.789978775374518349e+01,2.789978775374518349e+01,2.789978775374518349e+01,2.789978775374518349e+01,2.789978775374518349e+01,2.789978775374518349e+01,2.757093302419698944e+01,2.789978775374518349e+01,2.789978775374518349e+01,2.789978775374518349e+01,2.789978775374518349e+01,2.789978775374518349e+01,2.789978775374518349e+01,2.789978775374518349e+01,2.789978775374518349e+01,2.789978775374518349e+01,2.789978775374518349e+01,2.789978775374518349e+01,2.789978775374518349e+01,2.789978775374518349e+01,2.789978775374518349e+01,2.789978775374518349e+01,2.789978775374518349e+01,2.789978775374518349e+01,2.789978775374518349e+01,2.789978775374518349e+01,2.789978775374518349e+01,2.847027971962144832e+01,2.789978775374518349e+01,2.789978775374518349e+01,2.847027971962144832e+01,2.847027971962144832e+01,2.789978775374518349e+01,2.847027971962144832e+01,2.847027971962144832e+01,2.844836903952071339e+01,2.847027971962144832e+01,2.847027971962144832e+01,2.847027971962144832e+01,2.847027971962144832e+01,2.844836903952071339e+01,2.847027971962144832e+01,2.847027971962144832e+01,2.847027971962144832e+01,2.847027971962144832e+01,2.847027971962144832e+01,2.844836903952071339e+01,2.847027971962144832e+01,2.847027971962144832e+01,2.847027971962144832e+01,2.847027971962144832e+01,2.847027971962144832e+01,2.847027971962144832e+01,2.847027971962144832e+01,2.847027971962144832e+01,2.847027971962144832e+01,2.847027971962144832e+01,2.844836903952071339e+01,2.847027971962144832e+01,2.844836903952071339e+01,2.847027971962144832e+01,2.847027971962144832e+01,2.844836903952071339e+01,2.847027971962144832e+01,2.844836903952071339e+01,2.844836903952071339e+01,2.847027971962144832e+01,2.847027971962144832e+01,2.847027971962144832e+01,2.847027971962144832e+01,2.844836903952071339e+01,2.844836903952071339e+01,2.844836903952071339e+01,2.847027971962144832e+01,2.844836903952071339e+01,2.844836903952071339e+01,2.844836903952071339e+01,2.847027971962144832e+01,2.844836903952071339e+01,2.844836903952071339e+01,2.844836903952071339e+01,2.844836903952071339e+01,2.844836903952071339e+01,2.844836903952071339e+01,2.844836903952071339e+01,2.844836903952071339e+01,2.844836903952071339e+01,2.844836903952071339e+01,2.844836903952071339e+01,2.844836903952071339e+01,2.844836903952071339e+01,2.846095523526789606e+01,2.844836903952071339e+01,2.844836903952071339e+01,2.844836903952071339e+01,2.844836903952071339e+01,2.844836903952071339e+01,2.844836903952071339e+01,2.844836903952071339e+01,2.844836903952071339e+01,2.844836903952071339e+01,2.844836903952071339e+01,2.844836903952071339e+01,2.844836903952071339e+01,2.844836903952071339e+01,2.844836903952071339e+01,2.844836903952071339e+01,2.844836903952071339e+01,2.877299499918077785e+01,2.877299499918077785e+01,2.877299499918077785e+01,2.877299499918077785e+01,2.877299499918077785e+01,2.877299499918077785e+01,2.877299499918077785e+01,2.877299499918077785e+01,2.877299499918077785e+01,2.877299499918077785e+01,2.877299499918077785e+01,2.877299499918077785e+01,2.877299499918077785e+01,2.932297187551756323e+01,2.932297187551756323e+01,2.932297187551756323e+01,2.932297187551756323e+01,2.932297187551756323e+01,2.932297187551756323e+01,2.932297187551756323e+01,2.932297187551756323e+01,2.932297187551756323e+01,2.932297187551756323e+01,2.932297187551756323e+01,2.932297187551756323e+01,2.932297187551756323e+01,2.932297187551756323e+01,2.932297187551756323e+01,2.932297187551756323e+01,2.932297187551756323e+01,2.932297187551756323e+01,2.932297187551756323e+01,2.932297187551756323e+01,2.932297187551756323e+01,2.932297187551756323e+01,2.932297187551756323e+01,2.932297187551756323e+01,2.932297187551756323e+01,2.932297187551756323e+01,2.932297187551756323e+01,2.932297187551756323e+01,2.932297187551756323e+01,2.932297187551756323e+01,2.932297187551756323e+01,2.932297187551756323e+01,2.932297187551756323e+01,2.932297187551756323e+01,2.932297187551756323e+01,2.932297187551756323e+01,2.932297187551756323e+01,2.932297187551756323e+01,2.932297187551756323e+01,2.932297187551756323e+01,2.932297187551756323e+01,2.932297187551756323e+01,2.932297187551756323e+01,2.932297187551756323e+01,2.932297187551756323e+01,2.932297187551756323e+01,2.932297187551756323e+01,2.932297187551756323e+01,2.932297187551756323e+01,2.932297187551756323e+01,2.932297187551756323e+01,2.932297187551756323e+01,2.932297187551756323e+01,2.932297187551756323e+01,2.932297187551756323e+01,2.932297187551756323e+01,2.932297187551756323e+01,2.932297187551756323e+01,2.932297187551756323e+01,2.932297187551756323e+01,2.932297187551756323e+01,2.932297187551756323e+01,2.932297187551756323e+01,2.932297187551756323e+01,2.932297187551756323e+01,2.932297187551756323e+01,2.932297187551756323e+01,2.932297187551756323e+01,2.932297187551756323e+01,2.985531446634918140e+01,2.985531446634918140e+01,2.964004632649189830e+01,2.985531446634918140e+01,2.932297187551756323e+01,2.932297187551756323e+01,2.932297187551756323e+01,2.932297187551756323e+01,2.985531446634918140e+01,3.016215500402592653e+01,2.932297187551756323e+01,2.930764875668424452e+01,2.964004632649189830e+01,2.964004632649189830e+01,2.932297187551756323e+01,2.985531446634918140e+01,2.964004632649189830e+01,3.016215500402592653e+01,2.962795398760413690e+01,3.015733159125356977e+01,3.016215500402592653e+01,3.016215500402592653e+01,3.016215500402592653e+01,2.999301862933811691e+01,3.016215500402592653e+01,2.932297187551756323e+01,3.015733159125356977e+01,3.015733159125356977e+01,3.015733159125356977e+01,3.015733159125356977e+01,3.015733159125356977e+01,3.015733159125356977e+01,3.015733159125356977e+01,3.016215500402592653e+01,3.015733159125356977e+01,3.015733159125356977e+01,3.015733159125356977e+01,3.016215500402592653e+01,3.015733159125356977e+01,3.015733159125356977e+01,3.015733159125356977e+01,3.015733159125356977e+01,3.015733159125356977e+01,3.015733159125356977e+01,3.015733159125356977e+01,3.015733159125356977e+01,3.015733159125356977e+01,3.015733159125356977e+01,3.016215500402592653e+01,3.015733159125356977e+01,3.015733159125356977e+01,3.015733159125356977e+01,3.015733159125356977e+01,3.015733159125356977e+01,3.015733159125356977e+01,3.015733159125356977e+01,3.015733159125356977e+01,3.015733159125356977e+01,3.015733159125356977e+01,3.015733159125356977e+01,3.015733159125356977e+01,3.015733159125356977e+01,3.015733159125356977e+01,3.015733159125356977e+01,3.015733159125356977e+01,3.015733159125356977e+01,3.015733159125356977e+01,3.015733159125356977e+01,3.015733159125356977e+01,3.015733159125356977e+01,3.015733159125356977e+01,3.015733159125356977e+01,3.015733159125356977e+01,3.015733159125356977e+01,3.015733159125356977e+01,3.015733159125356977e+01,3.066866378527134174e+01,3.015733159125356977e+01,3.066866378527134174e+01,3.066866378527134174e+01,3.066866378527134174e+01,3.066866378527134174e+01,3.066866378527134174e+01,3.066866378527134174e+01,3.066866378527134174e+01,3.066866378527134174e+01,3.066866378527134174e+01,3.066866378527134174e+01,3.066866378527134174e+01,3.066866378527134174e+01,3.066866378527134174e+01,3.066866378527134174e+01,3.066866378527134174e+01,3.066866378527134174e+01,3.066866378527134174e+01,3.066866378527134174e+01,3.066866378527134174e+01,3.066866378527134174e+01,3.066866378527134174e+01,3.066866378527134174e+01,3.066866378527134174e+01,3.066866378527134174e+01,3.066866378527134174e+01,3.066866378527134174e+01,3.066866378527134174e+01,3.066866378527134174e+01,3.066748380676606445e+01,3.066866378527134174e+01,3.066866378527134174e+01,3.066866378527134174e+01,3.066866378527134174e+01,3.066866378527134174e+01,3.066866378527134174e+01,3.066866378527134174e+01,3.066866378527134174e+01,3.066866378527134174e+01,3.066748380676606445e+01,3.066748380676606445e+01,3.066866378527134174e+01,3.066866378527134174e+01,3.066866378527134174e+01,3.066866378527134174e+01,3.066866378527134174e+01,3.066748380676606445e+01,3.066748380676606445e+01,3.066748380676606445e+01,3.066748380676606445e+01,3.066748380676606445e+01,3.066866378527134174e+01,3.066748380676606445e+01,3.066748380676606445e+01,3.066748380676606445e+01,3.066748380676606445e+01,3.066748380676606445e+01,3.066748380676606445e+01,3.066748380676606445e+01,3.066748380676606445e+01,3.066748380676606445e+01,3.066748380676606445e+01,3.066748380676606445e+01,3.066866378527134174e+01,3.066748380676606445e+01,3.066748380676606445e+01,3.116722800496512136e+01,3.066748380676606445e+01,3.066748380676606445e+01,3.116722800496512136e+01,3.116722800496512136e+01,3.116722800496512136e+01,3.146436188565816749e+01,3.116722800496512136e+01,3.116722800496512136e+01,3.116722800496512136e+01,3.116722800496512136e+01,3.116722800496512136e+01
2.229517725556563335e+01,2.229517725556563335e+01,2.229517725556563335e+01,2.251844738774753196e+01,2.229517725556563335e+01,2.229517725556563335e+01,2.251844738774753196e+01,2.229517725556563335e+01,2.251844738774753196e+01,2.251844738774753196e+01,2.304595867991581670e+01,2.239363784302817351e+01,2.340763690854063128e+01,2.366932692028263574e+01,2.345001160471244717e+01,2.345001160471244717e+01,2.366932692028263574e+01,2.372473869627251730e+01,2.372473869627251730e+01,2.372473869627251730e+01,2.372473869627251730e+01,2.372473869627251730e+01,2.372473869627251730e+01,2.372473869627251730e+01,2.372473869627251730e+01,2.372473869627251730e+01,2.372473869627251730e+01,2.378374245536637588e+01,2.378374245536637588e+01,2.426693563291777522e+01,2.426693563291777522e+01,2.432060642404730899e+01,2.426693563291777522e+01,2.491168845001666909e+01,2.491168845001666909e+01,2.491168845001666909e+01,2.553681523179142943e+01,2.553681523179142943e+01,2.553681523179142943e+01,2.553681523179142943e+01,2.553681523179142943e+01,2.553681523179142943e+01,2.553681523179142943e+01,2.553681523179142943e+01,2.553681523179142943e+01,2.553681523179142943e+01,2.579592149733818829e+01,2.553681523179142943e+01,2.579592149733818829e+01,2.553681523179142943e+01,2.553681523179142943e+01,2.579592149733818829e+01,2.579592149733818829e+01,2.579592149733818829e+01,2.579592149733818829e+01,2.579592149733818829e+01,2.579592149733818829e+01,2.583710283562058763e+01,2.579592149733818829e+01,2.579592149733818829e+01,2.583710283562058763e+01,2.579592149733818829e+01,2.583710283562058763e+01,2.583710283562058763e+01,2.583710283562058763e+01,2.579592149733818829e+01,2.583710283562058763e+01,2.583710283562058763e+01,2.583710283562058763e+01,2.583710283562058763e+01,2.583710283562058763e+01,2.583710283562058763e+01,2.583710283562058763e+01,2.583710283562058763e+01,2.583710283562058763e+01,2.583710283562058763e+01,2.583710283562058763e+01,2.583710283562058763e+01,2.583710283562058763e+01,2.583710283562058763e+01,2.583710283562058763e+01,2.583710283562058763e+01,2.583710283562058763e+01,2.583710283562058763e+01,2.583710283562058763e+01,2.583710283562058763e+01,2.583710283562058763e+01,2.583710283562058763e+01,2.583710283562058763e+01,2.583710283562058763e+01,2.583710283562058763e+01,2.610108196492273080e+01,2.583710283562058763e+01,2.583710283562058763e+01,2.610108196492273080e+01,2.610108196492273080e+01,2.610108196492273080e+01,2.610108196492273080e+01,2.610108196492273080e+01,2.610108196492273080e+01,2.610108196492273080e+01,2.673564981839956900e+01,2.673564981839956900e+01,2.676371011686095613e+01,2.673564981839956900e+01,2.676371011686095613e+01,2.673564981839956900e+01,2.613108843296584283e+01,2.676371011686095613e+01,2.676371011686095613e+01,2.676371011686095613e+01,2.676371011686095613e+01,2.673564981839956900e+01,2.676371011686095613e+01,2.676371011686095613e+01,2.676371011686095613e+01,2.676371011686095613e+01,2.676371011686095613e+01,2.676371011686095613e+01,2.676371011686095613e+01,2.676371011686095613e+01,2.702856953235131243e+01,2.702856953235131243e+01,2.702856953235131243e+01,2.702856953235131243e+01,2.702856953235131243e+01,2.702856953235131243e+01,2.702856953235131243e+01,2.702856953235131243e+01,2.702856953235131243e+01,2.702856953235131243e+01,2.702856953235131243e+01,2.702856953235131243e+01,2.702856953235131243e+01,2.702856953235131243e+01,2.702856953235131243e+01,2.702856953235131243e+01,2.702856953235131243e+01,2.702856953235131243e+01,2.702856953235131243e+01,2.702856953235131243e+01,2.702856953235131243e+01,2.767068774211594828e+01,2.767068774211594828e+01,2.767068774211594828e+01,2.767068774211594828e+01,2.767068774211594828e+01,2.767068774211594828e+01,2.794138865650000980e+01,2.794138865650000980e+01,2.794138865650000980e+01,2.794138865650000980e+01,2.794138865650000980e+01,2.794138865650000980e+01,2.794138865650000980e+01,2.794138865650000980e+01,2.794138865650000980e+01,2.794138865650000980e+01,2.794138865650000980e+01,2.794138865650000980e+01,2.794138865650000980e+01,2.794138865650000980e+01,2.794138865650000980e+01,2.794138865650000980e+01,2.794138865650000980e+01,2.794138865650000980e+01,2.794138865650000980e+01,2.794138865650000980e+01,2.794138865650000980e+01,2.794138865650000980e+01,2.794138865650000980e+01,2.794138865650000980e+01,2.794138865650000980e+01,2.794138865650000980e+01,2.821758213186489428e+01,2.821758213186489428e+01,2.821758213186489428e+01,2.821758213186489428e+01,2.821758213186489428e+01,2.821758213186489428e+01,2.821758213186489428e+01,2.821758213186489428e+01,2.821758213186489428e+01,2.821758213186489428e+01,2.821758213186489428e+01,2.886188584086664832e+01,2.886188584086664832e+01,2.886188584086664832e+01,2.886188584086664832e+01,2.886188584086664832e+01,2.886188584086664832e+01,2.886188584086664832e+01,2.886188584086664832e+01,2.886188584086664832e+01,2.886188584086664832e+01,2.886188584086664832e+01,2.886188584086664832e+01,2.886188584086664832e+01,2.886188584086664832e+01,2.886188584086664832e+01,2.914197292056123700e+01,2.886188584086664832e+01,2.914197292056123700e+01,2.914197292056123700e+01,2.914197292056123700e+01,2.914197292056123700e+01,2.914197292056123700e+01,2.914197292056123700e+01,2.914197292056123700e+01,2.914197292056123700e+01,2.914197292056123700e+01,2.914197292056123700e+01,2.914197292056123700e+01,2.914197292056123700e+01,2.914197292056123700e+01,2.914197292056123700e+01,2.977871638406212895e+01,2.977871638406212895e+01,2.977871638406212895e+01,2.977871638406212895e+01,2.977871638406212895e+01,2.977871638406212895e+01,2.977871638406212895e+01,2.977871638406212895e+01,2.977871638406212895e+01,2.977871638406212895e+01,2.977871638406212895e+01,3.006165029936272504e+01,3.006165029936272504e+01,3.006165029936272504e+01,3.006165029936272504e+01,3.006165029936272504e+01,3.006165029936272504e+01,3.006165029936272504e+01,3.006165029936272504e+01,3.006165029936272504e+01,3.006165029936272504e+01,3.006165029936272504e+01,3.006165029936272504e+01,3.006165029936272504e+01,3.006165029936272504e+01,3.006165029936272504e+01,3.006165029936272504e+01,3.006165029936272504e+01,3.006165029936272504e+01,3.006165029936272504e+01,3.006165029936272504e+01,3.067883416803584851e+01,3.006165029936272504e+01,3.006165029936272504e+01,3.096366252122221141e+01,3.096366252122221141e+01,3.096366252122221141e+01,3.096366252122221141e+01,3.096366252122221141e+01,3.096366252122221141e+01,3.096366252122221141e+01,3.096366252122221141e+01,3.096366252122221141e+01,3.096366252122221141e+01,3.096366252122221141e+01,3.096366252122221141e+01,3.096366252122221141e+01,3.096366252122221141e+01,3.096366252122221141e+01,3.096366252122221141e+01,3.096366252122221141e+01,3.096366252122221141e+01,3.109208645846872088e+01,3.096366252122221141e+01,3.096366252122221141e+01,3.096366252122221141e+01,3.124912103876765812e+01,3.124912103876765812e+01,3.124912103876765812e+01,3.124912103876765812e+01,3.124912103876765812e+01,3.124912103876765812e+01,3.183689503703419632e+01,3.124912103876765812e+01,3.124912103876765812e+01,3.124912103876765812e+01,3.183689503703419632e+01,3.183689503703419632e+01,3.183689503703419632e+01,3.183689503703419632e+01,3.183689503703419632e+01,3.183689503703419632e+01,3.183689503703419632e+01,3.183689503703419632e+01,3.183689503703419632e+01,3.183689503703419632e+01,3.183689503703419632e+01,3.183689503703419632e+01,3.183689503703419632e+01,3.183689503703419632e+01,3.212263717363012461e+01,3.212263717363012461e+01,3.212263717363012461e+01,3.212263717363012461e+01,3.212263717363012461e+01,3.212263717363012461e+01,3.212263717363012461e+01,3.212263717363012461e+01,3.212263717363012461e+01,3.212263717363012461e+01,3.212263717363012461e+01,3.212263717363012461e+01,3.212263717363012461e+01,3.212263717363012461e+01,3.212263717363012461e+01,3.267471196113334031e+01,3.267471196113334031e+01,3.267471196113334031e+01,3.267471196113334031e+01,3.267471196113334031e+01,3.267471196113334031e+01,3.267471196113334031e+01,3.264165857786593250e+01,3.267471196113334031e+01,3.293264433202417507e+01,3.267471196113334031e+01,3.296052417310332316e+01,3.296052417310332316e+01,3.296052417310332316e+01,3.296052417310332316e+01,3.296052417310332316e+01,3.296052417310332316e+01,3.293264433202417507e+01,3.296052417310332316e+01,3.296052417310332316e+01,3.296052417310332316e+01,3.293264433202417507e+01,3.296052417310332316e+01,3.296052417310332316e+01,3.296052417310332316e+01,3.293264433202417507e+01,3.293264433202417507e+01,3.293264433202417507e+01,3.293264433202417507e+01,3.296052417310332316e+01,3.293264433202417507e+01,3.293264433202417507e+01,3.293264433202417507e+01,3.293264433202417507e+01,3.293264433202417507e+01,3.293264433202417507e+01,3.293264433202417507e+01,3.293264433202417507e+01,3.293264433202417507e+01,3.293264433202417507e+01,3.293264433202417507e+01,3.372545320510123901e+01,3.372545320510123901e+01,3.372545320510123901e+01,3.322346205998523772e+01,3.372545320510123901e+01,3.372545320510123901e+01,3.372545320510123901e+01,3.372545320510123901e+01,3.372545320510123901e+01,3.372545320510123901e+01,3.372545320510123901e+01,3.372545320510123901e+01,3.372545320510123901e+01,3.372545320510123901e+01,3.372545320510123901e+01,3.372545320510123901e+01,3.372545320510123901e+01,3.372545320510123901e+01,3.372545320510123901e+01,3.368989266798686089e+01,3.372545320510123901e+01,3.372545320510123901e+01,3.372545320510123901e+01,3.368989266798686089e+01,3.368989266798686089e+01,3.368989266798686089e+01,3.368989266798686089e+01,3.368989266798686089e+01,3.368989266798686089e+01,3.368989266798686089e+01,3.368989266798686089e+01,3.372545320510123901e+01,3.368989266798686089e+01,3.368989266798686089e+01,3.368989266798686089e+01,3.368989266798686089e+01,3.368989266798686089e+01,3.368989266798686089e+01,3.368989266798686089e+01,3.368989266798686089e+01,3.368989266798686089e+01,3.368989266798686089e+01,3.368989266798686089e+01,3.368989266798686089e+01,3.368989266798686089e+01,3.368989266798686089e+01,3.368989266798686089e+01,3.368989266798686089e+01,3.368989266798686089e+01,3.368989266798686089e+01,3.368989266798686089e+01,3.368989266798686089e+01,3.368989266798686089e+01,3.368989266798686089e+01,3.368989266798686089e+01,3.368989266798686089e+01,3.368989266798686089e+01,3.398322770756767142e+01,3.368989266798686089e+01,3.368989266798686089e+01,3.368989266798686089e+01,3.398322770756767142e+01,3.368989266798686089e+01,3.368989266798686089e+01,3.368989266798686089e+01,3.398322770756767142e+01,3.398322770756767142e+01,3.398322770756767142e+01,3.398322770756767142e+01,3.398322770756767142e+01,3.398322770756767142e+01,3.398322770756767142e+01,3.398322770756767142e+01,3.368989266798686089e+01,3.368989266798686089e+01,3.398322770756767142e+01,3.349491897976619725e+01,3.398322770756767142e+01,3.349491897976619725e+01,3.398322770756767142e+01,3.319936140676016834e+01,3.347370543542763954e+01,3.395041084970368672e+01,3.349491897976619725e+01,3.349491897976619725e+01,3.347370543542763954e+01,3.395041084970368672e+01,3.349491897976619725e+01,3.347370543542763954e+01,3.347370543542763954e+01,3.347370543542763954e+01,3.347370543542763954e+01,3.347370543542763954e+01,3.347370543542763954e+01,3.349491897976619725e+01,3.347370543542763954e+01,3.347370543542763954e+01,3.347370543542763954e+01,3.347370543542763954e+01,3.347370543542763954e+01,3.347370543542763954e+01,3.347370543542763954e+01,3.347370543542763954e+01,3.347370543542763954e+01,3.347370543542763954e+01,3.347370543542763954e+01,3.347370543542763954e+01,3.347370543542763954e+01,3.347370543542763954e+01,3.347370543542763954e+01,3.347370543542763954e+01,3.347370543542763954e+01,3.347370543542763954e+01,3.347370543542763954e+01,3.347370543542763954e+01,3.347370543542763954e+01,3.347370543542763954e+01,3.347370543542763954e+01,3.347370543542763954e+01,3.347370543542763954e+01,3.347370543542763954e+01,3.347370543542763954e+01,3.347370543542763954e+01,3.347370543542763954e+01,3.345070975668445357e+01,3.347370543542763954e+01,3.345070975668445357e+01,3.347370543542763954e+01,3.345070975668445357e+01,3.345070975668445357e+01,3.345070975668445357e+01,3.345070975668445357e+01,3.347370543542763954e+01,3.345070975668445357e+01,3.345070975668445357e+01,3.345070975668445357e+01,3.345070975668445357e+01,3.345070975668445357e+01,3.345070975668445357e+01,3.345070975668445357e+01,3.345070975668445357e+01,3.345070975668445357e+01,3.345070975668445357e+01,3.345070975668445357e+01,3.345070975668445357e+01,3.345070975668445357e+01,3.345070975668445357e+01,3.345070975668445357e+01,3.345070975668445357e+01,3.345070975668445357e+01,3.342640008550277742e+01,3.345070975668445357e+01,3.345070975668445357e+01,3.345070975668445357e+01,3.342640008550277742e+01,3.342640008550277742e+01,3.342640008550277742e+01,3.342640008550277742e+01,3.342640008550277742e+01,3.342640008550277742e+01,3.342640008550277742e+01,3.342640008550277742e+01,3.342640008550277742e+01,3.342640008550277742e+01,3.342640008550277742e+01,3.342640008550277742e+01,3.342640008550277742e+01,3.342640008550277742e+01,3.342640008550277742e+01,3.342640008550277742e+01,3.342640008550277742e+01,3.342640008550277742e+01,3.342640008550277742e+01,3.342640008550277742e+01,3.342640008550277742e+01,3.342640008550277742e+01,3.342640008550277742e+01,3.342640008550277742e+01,3.342640008550277742e+01,3.342640008550277742e+01,3.342640008550277742e+01,3.372892418117574209e+01,3.342640008550277742e+01,3.342640008550277742e+01,3.342640008550277742e+01,3.342640008550277742e+01,3.342640008550277742e+01,3.342640008550277742e+01,3.342640008550277742e+01,3.372892418117574209e+01,3.342640008550277742e+01,3.342640008550277742e+01,3.342640008550277742e+01,3.342640008550277742e+01,3.342640008550277742e+01,3.342640008550277742e+01,3.372892418117574209e+01,3.372892418117574209e+01,3.342640008550277742e+01,3.342640008550277742e+01,3.342640008550277742e+01,3.372892418117574209e+01,3.372892418117574209e+01,3.372892418117574209e+01,3.356257324334353598e+01,3.372892418117574209e+01,3.372892418117574209e+01,3.372892418117574209e+01,3.372892418117574209e+01,3.372892418117574209e+01,3.372892418117574209e+01,3.372892418117574209e+01,3.372892418117574209e+01,3.372892418117574209e+01,3.370310783123801457e+01,3.370310783123801457e+01,3.372892418117574209e+01,3.370310783123801457e+01,3.370310783123801457e+01,3.370310783123801457e+01,3.370310783123801457e+01,3.372892418117574209e+01,3.370310783123801457e+01,3.372892418117574209e+01,3.370310783123801457e+01,3.372892418117574209e+01,3.370310783123801457e+01,3.370310783123801457e+01,3.372892418117574209e+01,3.370310783123801457e+01,3.370310783123801457e+01,3.370310783123801457e+01,3.370310783123801457e+01,3.370310783123801457e+01,3.370310783123801457e+01,3.370310783123801457e+01,3.370310783123801457e+01,3.370310783123801457e+01,3.370310783123801457e+01,3.414583835866920936e+01,3.370310783123801457e+01,3.370310783123801457e+01,3.414583835866920936e+01,3.370310783123801457e+01,3.370310783123801457e+01,3.370310783123801457e+01,3.370310783123801457e+01,3.370310783123801457e+01,3.414583835866920936e+01,3.370310783123801457e+01,3.370310783123801457e+01,3.414583835866920936e+01,3.370310783123801457e+01,3.370310783123801457e+01,3.414583835866920936e+01,3.414583835866920936e+01,3.414583835866920936e+01,3.414583835866920936e+01,3.414583835866920936e+01,3.414583835866920936e+01,3.414583835866920936e+01,3.414583835866920936e+01,3.414583835866920936e+01,3.414583835866920936e+01,3.444067854756369229e+01,3.414583835866920936e+01,3.444067854756369229e+01,3.444067854756369229e+01,3.444067854756369229e+01,3.444067854756369229e+01,3.444067854756369229e+01,3.444067854756369229e+01,3.444067854756369229e+01,3.444067854756369229e+01,3.414583835866920936e+01,3.444067854756369229e+01,3.444067854756369229e+01,3.444067854756369229e+01,3.444067854756369229e+01,3.411083743290402737e+01,3.411083743290402737e+01,3.411083743290402737e+01,3.411083743290402737e+01,3.411083743290402737e+01,3.411083743290402737e+01,3.411083743290402737e+01,3.411083743290402737e+01,3.440343857367012959e+01,3.440343857367012959e+01,3.440343857367012959e+01,3.440343857367012959e+01,3.444067854756369229e+01,3.440343857367012959e+01,3.440343857367012959e+01,3.440343857367012959e+01,3.440343857367012959e+01,3.440343857367012959e+01,3.440343857367012959e+01,3.440343857367012959e+01,3.440343857367012959e+01,3.440343857367012959e+01,3.440343857367012959e+01,3.440343857367012959e+01,3.440343857367012959e+01,3.440343857367012959e+01,3.440343857367012959e+01,3.440343857367012959e+01,3.481315627808681512e+01,3.481315627808681512e+01,3.481315627808681512e+01,3.481315627808681512e+01,3.481315627808681512e+01,3.481315627808681512e+01,3.481315627808681512e+01,3.481315627808681512e+01,3.481315627808681512e+01,3.481315627808681512e+01,3.481315627808681512e+01,3.481315627808681512e+01,3.481315627808681512e+01,3.481315627808681512e+01,3.481315627808681512e+01,3.481315627808681512e+01,3.481315627808681512e+01,3.481315627808681512e+01,3.481315627808681512e+01,3.520653129785402058e+01,3.481315627808681512e+01,3.520653129785402058e+01,3.548487895222740462e+01,3.548487895222740462e+01,3.548487895222740462e+01,3.548487895222740462e+01,3.548487895222740462e+01,3.520653129785402058e+01,3.548487895222740462e+01,3.548487895222740462e+01,3.548487895222740462e+01,3.548487895222740462e+01,3.548487895222740462e+01,3.548487895222740462e+01,3.548487895222740462e+01,3.548487895222740462e+01,3.548487895222740462e+01,3.548487895222740462e+01,3.548487895222740462e+01,3.548487895222740462e+01,3.553378760320484986e+01,3.553378760320484986e+01,3.548487895222740462e+01,3.548487895222740462e+01,3.553378760320484986e+01,3.548487895222740462e+01,3.548487895222740462e+01,3.553378760320484986e+01,3.548487895222740462e+01,3.548487895222740462e+01,3.548487895222740462e+01,3.585826649041728587e+01,3.548487895222740462e+01,3.548487895222740462e+01,3.553378760320484986e+01,3.548487895222740462e+01,3.581286177014857941e+01,3.581286177014857941e+01,3.553378760320484986e+01,3.618254877689552984e+01,3.612886422704217892e+01,3.612886422704217892e+01,3.618254877689552984e+01,3.618254877689552984e+01,3.612886422704217892e+01,3.618254877689552984e+01,3.618254877689552984e+01,3.618254877689552984e+01,3.612886422704217892e+01,3.612886422704217892e+01,3.612886422704217892e+01,3.612886422704217892e+01,3.612886422704217892e+01,3.612886422704217892e+01,3.612886422704217892e+01,3.618254877689552984e+01,3.618254877689552984e+01,3.618254877689552984e+01,3.618254877689552984e+01,3.618254877689552984e+01,3.612886422704217892e+01,3.612886422704217892e+01,3.618254877689552984e+01,3.618254877689552984e+01,3.653932042473626041e+01,3.653932042473626041e+01,3.653932042473626041e+01,3.680506706953910623e+01,3.680506706953910623e+01,3.680506706953910623e+01,3.680506706953910623e+01,3.680506706953910623e+01,3.680506706953910623e+01,3.680506706953910623e+01,3.680506706953910623e+01,3.680506706953910623e+01,3.680506706953910623e+01,3.680506706953910623e+01,3.680506706953910623e+01,3.680506706953910623e+01,3.680506706953910623e+01,3.680506706953910623e+01,3.680506706953910623e+01,3.714603491223272158e+01,3.714603491223272158e+01,3.714603491223272158e+01,3.714603491223272158e+01,3.714603491223272158e+01,3.714603491223272158e+01,3.714603491223272158e+01,3.714603491223272158e+01,3.714603491223272158e+01,3.714603491223272158e+01,3.714603491223272158e+01,3.714603491223272158e+01,3.740413882286825498e+01,3.714603491223272158e+01,3.740413882286825498e+01,3.714603491223272158e+01,3.740413882286825498e+01,3.740413882286825498e+01,3.740413882286825498e+01,3.740413882286825498e+01,3.740413882286825498e+01,3.740413882286825498e+01,3.740413882286825498e+01,3.740413882286825498e+01,3.740413882286825498e+01,3.740413882286825498e+01,3.740413882286825498e+01,3.740413882286825498e+01,3.740413882286825498e+01,3.740413882286825498e+01,3.773169906062162937e+01,3.773169906062162937e+01,3.773169906062162937e+01,3.773169906062162937e+01,3.773169906062162937e+01,3.773169906062162937e+01,3.773169906062162937e+01,3.773169906062162937e+01,3.773169906062162937e+01,3.773169906062162937e+01,3.773169906062162937e+01,3.773169906062162937e+01,3.822939046731961810e+01,3.773169906062162937e+01,3.854193628203045563e+01,3.854193628203045563e+01,3.854193628203045563e+01,3.854193628203045563e+01,3.854193628203045563e+01,3.854193628203045563e+01,3.854193628203045563e+01,3.854193628203045563e+01,3.854193628203045563e+01,3.854193628203045563e+01,3.854193628203045563e+01,3.854193628203045563e+01,3.854193628203045563e+01,3.854193628203045563e+01,3.854193628203045563e+01,3.854193628203045563e+01,3.884854383183643023e+01,3.884854383183643023e+01,3.884854383183643023e+01,3.884854383183643023e+01,3.890963332626955662e+01,3.890963332626955662e+01,3.890963332626955662e+01,3.890963332626955662e+01,3.890963332626955662e+01,3.890963332626955662e+01,3.914842494378455484e+01,3.914842494378455484e+01,3.914842494378455484e+01,3.914842494378455484e+01,3.914842494378455484e+01,3.914842494378455484e+01,3.914842494378455484e+01,3.914842494378455484e+01,3.914842494378455484e+01,3.914842494378455484e+01,3.914842494378455484e+01,3.914842494378455484e+01,3.914842494378455484e+01,3.914842494378455484e+01,3.947216935396895821e+01,3.921347386958463233e+01,3.944423875319525763e+01,3.950675175502930614e+01,3.944423875319525763e+01,3.950675175502930614e+01,3.921347386958463233e+01,3.950675175502930614e+01,3.950675175502930614e+01,3.950675175502930614e+01,3.950675175502930614e+01,3.950675175502930614e+01,3.974090222837331510e+01,3.974090222837331510e+01,3.961258762830294700e+01,3.974090222837331510e+01,3.974090222837331510e+01,3.974090222837331510e+01,3.974090222837331510e+01,3.974090222837331510e+01,3.974090222837331510e+01,3.974090222837331510e+01,3.974090222837331510e+01,3.974090222837331510e+01,3.974090222837331510e+01,3.974090222837331510e+01,4.002666881983231661e+01,4.002666881983231661e+01,4.002666881983231661e+01,4.002666881983231661e+01,4.002666881983231661e+01,4.002666881983231661e+01,4.002666881983231661e+01,4.002666881983231661e+01,4.002666881983231661e+01,4.002666881983231661e+01,4.002666881983231661e+01,4.025420861912211734e+01,4.025420861912211734e+01,4.002666881983231661e+01,4.002666881983231661e+01,4.025420861912211734e+01,4.025420861912211734e+01,4.025420861912211734e+01,4.025420861912211734e+01,4.025420861912211734e+01,4.025420861912211734e+01,4.025420861912211734e+01,4.025420861912211734e+01,4.025420861912211734e+01,4.025420861912211734e+01,4.025420861912211734e+01,4.031946113880979965e+01,4.025420861912211734e+01,4.031946113880979965e+01,4.053369423115923809e+01,4.031946113880979965e+01,4.031946113880979965e+01,4.059593578841688100e+01,4.059593578841688100e+01,4.031946113880979965e+01,4.059593578841688100e+01,4.059593578841688100e+01,4.109005990240153494e+01,4.059593578841688100e+01,4.081902260270366867e+01,4.081902260270366867e+01,4.109005990240153494e+01,4.109005990240153494e+01,4.109005990240153494e+01,4.109005990240153494e+01,4.109005990240153494e+01,4.109005990240153494e+01,4.109005990240153494e+01,4.109005990240153494e+01,4.109005990240153494e+01,4.109005990240153494e+01,4.109005990240153494e+01,4.109005990240153494e+01,4.109005990240153494e+01,4.109005990240153494e+01,4.109005990240153494e+01,4.109005990240153494e+01,4.109005990240153494e+01,4.109005990240153494e+01,4.109005990240153494e+01,4.109005990240153494e+01,4.109005990240153494e+01,4.109005990240153494e+01,4.135876290068549821e+01,4.109005990240153494e+01,4.135876290068549821e+01,4.135876290068549821e+01,4.135876290068549821e+01,4.157352668168690002e+01,4.157352668168690002e+01,4.157352668168690002e+01,4.157352668168690002e+01,4.157352668168690002e+01,4.157352668168690002e+01,4.157352668168690002e+01,4.157352668168690002e+01,4.157352668168690002e+01,4.157352668168690002e+01,4.157352668168690002e+01,4.157352668168690002e+01,4.157352668168690002e+01,4.183819287290045708e+01,4.183819287290045708e+01,4.183819287290045708e+01,4.183819287290045708e+01,4.183819287290045708e+01,4.183819287290045708e+01,4.183819287290045708e+01,4.183819287290045708e+01,4.183819287290045708e+01,4.183819287290045708e+01,4.183819287290045708e+01,4.204733724626846225e+01,4.183819287290045708e+01,4.204733724626846225e+01,4.204733724626846225e+01,4.230855764235158745e+01,4.230855764235158745e+01,4.236424485848183252e+01,4.236424485848183252e+01,4.230855764235158745e+01,4.236424485848183252e+01,4.230855764235158745e+01,4.230855764235158745e+01,4.236424485848183252e+01,4.236424485848183252e+01,4.236424485848183252e+01,4.256885019160264960e+01,4.256885019160264960e+01,4.262132999185752169e+01,4.262132999185752169e+01,4.262132999185752169e+01,4.262132999185752169e+01,4.262132999185752169e+01,4.262132999185752169e+01,4.262132999185752169e+01,4.262132999185752169e+01,4.262132999185752169e+01,4.262132999185752169e+01,4.262132999185752169e+01,4.262132999185752169e+01,4.262132999185752169e+01,4.262132999185752169e+01,4.262132999185752169e+01,4.282465027980938999e+01,4.282465027980938999e+01,4.262132999185752169e+01,4.282465027980938999e+01,4.282465027980938999e+01,4.282465027980938999e+01,4.282465027980938999e+01,4.282465027980938999e+01,4.307905737199205021e+01,4.307905737199205021e+01,4.307905737199205021e+01,4.307905737199205021e+01,4.307905737199205021e+01,4.307905737199205021e+01,4.307905737199205021e+01,4.307905737199205021e+01,4.307905737199205021e+01,4.307905737199205021e+01,4.307905737199205021e+01,4.307905737199205021e+01,4.307905737199205021e+01,4.307905737199205021e+01,4.313068682010664645e+01,4.307905737199205021e+01,4.338176759534098181e+01,4.338176759534098181e+01,4.338176759534098181e+01,4.338176759534098181e+01,4.338176759534098181e+01,4.338176759534098181e+01,4.357946685211739890e+01,4.357946685211739890e+01,4.357946685211739890e+01,4.338176759534098181e+01,4.352937235897450563e+01,4.357946685211739890e+01,4.357946685211739890e+01,4.357946685211739890e+01,4.357946685211739890e+01,4.357946685211739890e+01,4.357946685211739890e+01,4.357946685211739890e+01,4.357946685211739890e+01,4.357946685211739890e+01,4.357946685211739890e+01,4.357946685211739890e+01,4.357946685211739890e+01,4.357946685211739890e+01,4.357946685211739890e+01,4.357946685211739890e+01,4.382840983589987616e+01,4.357946685211739890e+01,4.382840983589987616e+01,4.382840983589987616e+01,4.382840983589987616e+01,4.382840983589987616e+01,4.382840983589987616e+01,4.382840983589987616e+01,4.382840983589987616e+01,4.382840983589987616e+01,4.382840983589987616e+01,4.382840983589987616e+01,4.382840983589987616e+01,4.382840983589987616e+01,4.382840983589987616e+01,4.382840983589987616e+01,4.382840983589987616e+01,4.382840983589987616e+01,4.402137109005411730e+01,4.382840983589987616e+01,4.382840983589987616e+01,4.382840983589987616e+01,4.402137109005411730e+01,4.402137109005411730e+01,4.382840983589987616e+01,4.402137109005411730e+01,4.426835574525588157e+01,4.426835574525588157e+01,4.431449254197429610e+01,4.426835574525588157e+01,4.426835574525588157e+01,4.426835574525588157e+01,4.426835574525588157e+01,4.431449254197429610e+01,4.431449254197429610e+01,4.426835574525588157e+01,4.426835574525588157e+01,4.455899415102420846e+01,4.431449254197429610e+01,4.431449254197429610e+01,4.455899415102420846e+01,4.431449254197429610e+01,4.455899415102420846e+01,4.455899415102420846e+01,4.455899415102420846e+01,4.455899415102420846e+01,4.455899415102420846e+01,4.455899415102420846e+01,4.455899415102420846e+01,4.455899415102420846e+01,4.455899415102420846e+01,4.455899415102420846e+01,4.455899415102420846e+01,4.455899415102420846e+01,4.455899415102420846e+01,4.455899415102420846e+01,4.455899415102420846e+01,4.455899415102420846e+01,4.455899415102420846e+01,4.455899415102420846e+01,4.455899415102420846e+01,4.455899415102420846e+01,4.455899415102420846e+01,4.455899415102420846e+01,4.455899415102420846e+01,4.455899415102420846e+01,4.455899415102420846e+01,4.455899415102420846e+01,4.474681297595452634e+01,4.498959881438240416e+01,4.498959881438240416e+01,4.498959881438240416e+01,4.498959881438240416e+01,4.498959881438240416e+01,4.498959881438240416e+01,4.498959881438240416e+01,4.498959881438240416e+01,4.498959881438240416e+01,4.498959881438240416e+01,4.498959881438240416e+01,4.498959881438240416e+01,4.498959881438240416e+01,4.498959881438240416e+01,4.503195490987176441e+01,4.503195490987176441e+01,4.503195490987176441e+01,4.498959881438240416e+01,4.498959881438240416e+01,4.503195490987176441e+01,4.503195490987176441e+01,4.503195490987176441e+01,4.503195490987176441e+01,4.503195490987176441e+01,4.503195490987176441e+01,4.503195490987176441e+01,4.503195490987176441e+01,4.503195490987176441e+01,4.503195490987176441e+01,4.507406433137288104e+01,4.503195490987176441e+01,4.503195490987176441e+01,4.503195490987176441e+01,4.527274169141086446e+01,4.531249514829878677e+01,4.531249514829878677e+01,4.507406433137288104e+01,4.507406433137288104e+01,4.531249514829878677e+01,4.531249514829878677e+01,4.531249514829878677e+01,4.531249514829878677e+01,4.555160428836273923e+01,4.531249514829878677e+01,4.555160428836273923e+01,4.531249514829878677e+01,4.555160428836273923e+01,4.555160428836273923e+01,4.563375561253644008e+01,4.573364397631777223e+01,4.573364397631777223e+01,4.573364397631777223e+01,4.555160428836273923e+01,4.573364397631777223e+01,4.573364397631777223e+01,4.577196358307062951e+01,4.577196358307062951e+01,4.577196358307062951e+01,4.577196358307062951e+01,4.577196358307062951e+01,4.580966486865522569e+01,4.577196358307062951e+01,4.604315949934638041e+01,4.600752474101268064e+01,4.604315949934638041e+01,4.604315949934638041e+01,4.609608537540586326e+01,4.622355034493606496e+01,4.604315949934638041e+01,4.604315949934638041e+01,4.604315949934638041e+01,4.604315949934638041e+01,4.604315949934638041e+01,4.604315949934638041e+01,4.604315949934638041e+01,4.622355034493606496e+01,4.622355034493606496e+01,4.622355034493606496e+01,4.622355034493606496e+01,4.622355034493606496e+01,4.622355034493606496e+01,4.622355034493606496e+01,4.622355034493606496e+01,4.622355034493606496e+01,4.622355034493606496e+01,4.625949357468244472e+01,4.622355034493606496e+01,4.622355034493606496e+01,4.645589038263886295e+01,4.648992813250283263e+01,4.648992813250283263e+01,4.648992813250283263e+01,4.648992813250283263e+01,4.648992813250283263e+01,4.648992813250283263e+01,4.648992813250283263e+01,4.648992813250283263e+01,4.648992813250283263e+01,4.648992813250283263e+01,4.648992813250283263e+01,4.648992813250283263e+01,4.648992813250283263e+01,4.648992813250283263e+01,4.659391892974419136e+01,4.648992813250283263e+01,4.672123827308001864e+01,4.672123827308001864e+01,4.672123827308001864e+01,4.672123827308001864e+01,4.672123827308001864e+01,4.672123827308001864e+01,4.672123827308001864e+01,4.672123827308001864e+01,4.672123827308001864e+01,4.672123827308001864e+01,4.672123827308001864e+01,4.672123827308001864e+01,4.672123827308001864e+01,4.675258319315584288e+01,4.675258319315584288e+01,4.672123827308001864e+01,4.675258319315584288e+01,4.675258319315584288e+01,4.692927819511881182e+01,4.683231745696992476e+01,4.692927819511881182e+01,4.692927819511881182e+01,4.692927819511881182e+01,4.692927819511881182e+01,4.698310697256378177e+01,4.715784727247423547e+01,4.715784727247423547e+01,4.718749267288855265e+01,4.715784727247423547e+01,4.718749267288855265e+01,4.715784727247423547e+01,4.715784727247423547e+01,4.718749267288855265e+01,4.718749267288855265e+01,4.718749267288855265e+01,4.718749267288855265e+01,4.718749267288855265e+01,4.715784727247423547e+01,4.718749267288855265e+01,4.718749267288855265e+01,4.718749267288855265e+01,4.718749267288855265e+01,4.718749267288855265e+01,4.718749267288855265e+01,4.718749267288855265e+01,4.718749267288855265e+01,4.718749267288855265e+01,4.718749267288855265e+01,4.721584328463664804e+01,4.718749267288855265e+01,4.718749267288855265e+01,4.744244230389443828e+01,4.741543465777205313e+01,4.744244230389443828e+01,4.744244230389443828e+01,4.744244230389443828e+01,4.744244230389443828e+01,4.744244230389443828e+01,4.744244230389443828e+01,4.744244230389443828e+01,4.744244230389443828e+01,4.761546068043602986e+01,4.744244230389443828e+01,4.744244230389443828e+01,4.764187115304063980e+01,4.744244230389443828e+01,4.761546068043602986e+01,4.764187115304063980e+01,4.764187115304063980e+01,4.764187115304063980e+01,4.764187115304063980e+01,4.784110164212191307e+01,4.786635866692827079e+01,4.786635866692827079e+01,4.786635866692827079e+01,4.786635866692827079e+01,4.786635866692827079e+01,4.786635866692827079e+01,4.786635866692827079e+01,4.786635866692827079e+01,4.786635866692827079e+01,4.786635866692827079e+01,4.786635866692827079e+01,4.786635866692827079e+01,4.786635866692827079e+01,4.786635866692827079e+01,4.786635866692827079e+01,4.786635866692827079e+01,4.789002551079749281e+01,4.789002551079749281e+01,4.789002551079749281e+01,4.789002551079749281e+01,4.789002551079749281e+01,4.789002551079749281e+01,4.789002551079749281e+01,4.789002551079749281e+01,4.789002551079749281e+01,4.789002551079749281e+01,4.811444870873883417e+01,4.811444870873883417e+01,4.789002551079749281e+01,4.819084543903610296e+01,4.811444870873883417e+01,4.811444870873883417e+01,4.811444870873883417e+01,4.828381245818574286e+01,4.836001040883929392e+01,4.830552888093385633e+01,4.836001040883929392e+01,4.850727337203541367e+01,4.850727337203541367e+01,4.852823899030630628e+01,4.852823899030630628e+01,4.852823899030630628e+01,4.852823899030630628e+01,4.852823899030630628e+01,4.852823899030630628e+01,4.852823899030630628e+01,4.852823899030630628e+01,4.852823899030630628e+01,4.852823899030630628e+01,4.852823899030630628e+01,4.852823899030630628e+01,4.852823899030630628e+01,4.852823899030630628e+01,4.852823899030630628e+01,4.875172568374161131e+01,4.875172568374161131e+01,4.875172568374161131e+01,4.875172568374161131e+01,4.875172568374161131e+01,4.875172568374161131e+01,4.875172568374161131e+01,4.875172568374161131e+01,4.877030095395056009e+01,4.893603606020837304e+01,4.877030095395056009e+01,4.893603606020837304e+01,4.893603606020837304e+01,4.893603606020837304e+01,4.893603606020837304e+01,4.893603606020837304e+01,4.893603606020837304e+01,4.917481011176672467e+01,4.917481011176672467e+01,4.917481011176672467e+01,4.917481011176672467e+01,4.917481011176672467e+01,4.917481011176672467e+01,4.917481011176672467e+01,4.917481011176672467e+01,4.917481011176672467e+01,4.917481011176672467e+01,4.955866197322640687e+01,4.955866197322640687e+01,4.955866197322640687e+01,4.939701198931884818e+01,4.955866197322640687e+01,4.955866197322640687e+01,4.955866197322640687e+01,4.957377662104312321e+01,4.957377662104312321e+01,4.957377662104312321e+01,4.955866197322640687e+01,4.957377662104312321e+01,4.957377662104312321e+01,4.957377662104312321e+01,4.957377662104312321e+01,4.957377662104312321e+01,4.957377662104312321e+01,4.957377662104312321e+01,4.957377662104312321e+01,4.979471408346094563e+01,4.979471408346094563e+01,4.979471408346094563e+01,4.996743417651021701e+01,4.996743417651021701e+01,4.996743417651021701e+01,4.996743417651021701e+01,4.996743417651021701e+01,4.996743417651021701e+01,4.996743417651021701e+01,4.996743417651021701e+01,4.996743417651021701e+01
2.053416416678262024e+01,2.207666229679324488e+01,2.438760648629491001e+01,2.990494282468406695e+01,3.394274898259313744e+01,3.668252656173276449e+01,3.893605645932623105e+01,4.077949510449806070e+01,4.207334431808933317e+01,4.287781551798123303e+01,4.359805629426189455e+01,4.404051790192984583e+01,4.473426207120117226e+01,4.490512832222707118e+01,4.490512832222707118e+01,4.507406768839813083e+01,4.516002889287140221e+01,4.532787197931107670e+01,4.532787197931107670e+01,4.532787197931107670e+01,4.532787197931107670e+01,4.532787197931107670e+01,4.532787197931107670e+01,4.532787197931107670e+01,4.532787197931107670e+01,4.532787197931107670e+01,4.532787197931107670e+01,4.532787197931107670e+01,4.537172955009010167e+01,4.532787197931107670e+01,4.502592810274445867e+01,4.494931813637649753e+01,4.494931813637649753e+01,4.494931813637649753e+01,4.494931813637649753e+01,4.494931813637649753e+01,4.494931813637649753e+01,4.469355785569135975e+01,4.452062680498068659e+01,4.452062680498068659e+01,4.426174071201235449e+01,4.426174071201235449e+01,4.426174071201235449e+01,4.408536917770261709e+01,4.408536917770261709e+01,4.408536917770261709e+01,4.382325650603149114e+01,4.382325650603149114e+01,4.355929953930884579e+01,4.345977886758529962e+01,4.337779945693927885e+01,4.337779945693927885e+01,4.337779945693927885e+01,4.337779945693927885e+01,4.337779945693927885e+01,4.337779945693927885e+01,4.319394240105620497e+01,4.311054653356436717e+01,4.292504276722819867e+01,4.297306161146594405e+01,4.292504276722819867e+01,4.297306161146594405e+01,4.297306161146594405e+01,4.297306161146594405e+01,4.278376802336227058e+01,4.251330205996449507e+01,4.251330205996449507e+01,4.251330205996449507e+01,4.251330205996449507e+01,4.251330205996449507e+01,4.251330205996449507e+01,4.251330205996449507e+01,4.224124188264703861e+01,4.204552687762185315e+01,4.204552687762185315e+01,4.204552687762185315e+01,4.204552687762185315e+01,4.204552687762185315e+01,4.209596320318739515e+01,4.209596320318739515e+01,4.209596320318739515e+01,4.182280434625666032e+01,4.171193666669736899e+01,4.162057425649253872e+01,4.162057425649253872e+01,4.162057425649253872e+01,4.162057425649253872e+01,4.162057425649253872e+01,4.134358696541143274e+01,4.162057425649253872e+01,4.162057425649253872e+01,4.134358696541143274e+01,4.139900960861742618e+01,4.113618339839104010e+01,4.118975010966387629e+01,4.113618339839104010e+01,4.118975010966387629e+01,4.118975010966387629e+01,4.118975010966387629e+01,4.118975010966387629e+01,4.118975010966387629e+01,4.118975010966387629e+01,4.118975010966387629e+01,4.118975010966387629e+01,4.097764465226203612e+01,4.118975010966387629e+01,4.069667567498773764e+01,4.069667567498773764e+01,4.069667567498773764e+01,4.069667567498773764e+01,4.069667567498773764e+01,4.069667567498773764e+01,4.069667567498773764e+01,4.069667567498773764e+01,4.069667567498773764e+01,4.069667567498773764e+01,4.041370341222987150e+01,4.041370341222987150e+01,4.041370341222987150e+01,4.019309265447052582e+01,4.019309265447052582e+01,4.019309265447052582e+01,4.019309265447052582e+01,4.019309265447052582e+01,4.019309265447052582e+01,4.019309265447052582e+01,4.019309265447052582e+01,4.019309265447052582e+01,4.019309265447052582e+01,4.019309265447052582e+01,4.019309265447052582e+01,4.019309265447052582e+01,4.019309265447052582e+01,4.019309265447052582e+01,4.019309265447052582e+01,4.019309265447052582e+01,4.019309265447052582e+01,4.019309265447052582e+01,4.019309265447052582e+01,4.019309265447052582e+01,4.019309265447052582e+01,4.019309265447052582e+01,4.019309265447052582e+01,4.019309265447052582e+01,4.019309265447052582e+01,4.019309265447052582e+01,3.967805011037672358e+01,3.996967570928764957e+01,3.996967570928764957e+01,3.996967570928764957e+01,3.996967570928764957e+01,3.967805011037672358e+01,3.967805011037672358e+01,3.973596086525953552e+01,3.973596086525953552e+01,3.973596086525953552e+01,3.973596086525953552e+01,3.973596086525953552e+01,3.973596086525953552e+01,3.973596086525953552e+01,3.973596086525953552e+01,3.973596086525953552e+01,3.973596086525953552e+01,3.973596086525953552e+01,3.973596086525953552e+01,3.973596086525953552e+01,3.973596086525953552e+01,3.973596086525953552e+01,3.973596086525953552e+01,3.973596086525953552e+01,3.973596086525953552e+01,3.973596086525953552e+01,3.976259136905486002e+01,3.973596086525953552e+01,3.979559865690529108e+01,3.979559865690529108e+01,3.979559865690529108e+01,3.979559865690529108e+01,3.992444231583445458e+01,3.973596086525953552e+01,3.979559865690529108e+01,4.008113982822487742e+01,3.979559865690529108e+01,3.979559865690529108e+01,4.008113982822487742e+01,4.008113982822487742e+01,3.979559865690529108e+01,3.979559865690529108e+01,4.008113982822487742e+01,3.979559865690529108e+01,4.008113982822487742e+01,4.008113982822487742e+01,4.008113982822487742e+01,4.008113982822487742e+01,3.979559865690529108e+01,3.979559865690529108e+01,4.008113982822487742e+01,4.008113982822487742e+01,3.979559865690529108e+01,4.008113982822487742e+01,4.008113982822487742e+01,4.008113982822487742e+01,4.008113982822487742e+01,4.008113982822487742e+01,4.008113982822487742e+01,4.008113982822487742e+01,4.008113982822487742e+01,4.030892011013710174e+01,4.030892011013710174e+01,4.030892011013710174e+01,4.030892011013710174e+01,4.030892011013710174e+01,4.036916874331542004e+01,4.030892011013710174e+01,4.036916874331542004e+01,4.036916874331542004e+01,4.036916874331542004e+01,4.036916874331542004e+01,4.036916874331542004e+01,4.036916874331542004e+01,4.036916874331542004e+01,4.036916874331542004e+01,4.036916874331542004e+01,4.036916874331542004e+01,4.036916874331542004e+01,4.036916874331542004e+01,4.036916874331542004e+01,4.064563280183451610e+01,4.036916874331542004e+01,4.064563280183451610e+01,4.064563280183451610e+01,4.064563280183451610e+01,4.064563280183451610e+01,4.064563280183451610e+01,4.064563280183451610e+01,4.086942249711651698e+01,4.064563280183451610e+01,4.064563280183451610e+01,4.074669467566967285e+01,4.086942249711651698e+01,4.086942249711651698e+01,4.086942249711651698e+01,4.086942249711651698e+01,4.086942249711651698e+01,4.086942249711651698e+01,4.086942249711651698e+01,4.086942249711651698e+01,4.086942249711651698e+01,4.092974131103966329e+01,4.086942249711651698e+01,4.092974131103966329e+01,4.086942249711651698e+01,4.092974131103966329e+01,4.119784229822497679e+01,4.114083526389625689e+01,4.119784229822497679e+01,4.092974131103966329e+01,4.119784229822497679e+01,4.119784229822497679e+01,4.119784229822497679e+01,4.141762442666203725e+01,4.141762442666203725e+01,4.141762442666203725e+01,4.141762442666203725e+01,4.141762442666203725e+01,4.141762442666203725e+01,4.141762442666203725e+01,4.141762442666203725e+01,4.141762442666203725e+01,4.141762442666203725e+01,4.141762442666203725e+01,4.141762442666203725e+01,4.141762442666203725e+01,4.141762442666203725e+01,4.141762442666203725e+01,4.141762442666203725e+01,4.141762442666203725e+01,4.168142085807416208e+01,4.194426945330743450e+01,4.168142085807416208e+01,4.173795260780224936e+01,4.168142085807416208e+01,4.199742662357124345e+01,4.195372707308841598e+01,4.221055064661806000e+01,4.215566297506217808e+01,4.221055064661806000e+01,4.221055064661806000e+01,4.221055064661806000e+01,4.221055064661806000e+01,4.221055064661806000e+01,4.221055064661806000e+01,4.221055064661806000e+01,4.221055064661806000e+01,4.221055064661806000e+01,4.246678971335765596e+01,4.246678971335765596e+01,4.246678971335765596e+01,4.246678971335765596e+01,4.246678971335765596e+01,4.246678971335765596e+01,4.246678971335765596e+01,4.267456883018498104e+01,4.267456883018498104e+01,4.267456883018498104e+01,4.267456883018498104e+01,4.267456883018498104e+01,4.267456883018498104e+01,4.267456883018498104e+01,4.267456883018498104e+01,4.292804892461229116e+01,4.267456883018498104e+01,4.292804892461229116e+01,4.292804892461229116e+01,4.292804892461229116e+01,4.292804892461229116e+01,4.313068682010664645e+01,4.297866113309948588e+01,4.313068682010664645e+01,4.313068682010664645e+01,4.313068682010664645e+01,4.318283849576488365e+01,4.318283849576488365e+01,4.313068682010664645e+01,4.343078110547617854e+01,4.343078110547617854e+01,4.343078110547617854e+01,4.343078110547617854e+01,4.343078110547617854e+01,4.343078110547617854e+01,4.343078110547617854e+01,4.343078110547617854e+01,4.362995521761698114e+01,4.362995521761698114e+01,4.387592402108303702e+01,4.367901097441276193e+01,4.387592402108303702e+01,4.387592402108303702e+01,4.387592402108303702e+01,4.387592402108303702e+01,4.387592402108303702e+01,4.387592402108303702e+01,4.387592402108303702e+01,4.387592402108303702e+01,4.387592402108303702e+01,4.387592402108303702e+01,4.387592402108303702e+01,4.407029300094216495e+01,4.407029300094216495e+01,4.407029300094216495e+01,4.407029300094216495e+01,4.407029300094216495e+01,4.431449254197429610e+01,4.407029300094216495e+01,4.436069759301989990e+01,4.431449254197429610e+01,4.431449254197429610e+01,4.431449254197429610e+01,4.431449254197429610e+01,4.436069759301989990e+01,4.455899415102420846e+01,4.479164684939429719e+01,4.455899415102420846e+01,4.479164684939429719e+01,4.479164684939429719e+01,4.479164684939429719e+01,4.479164684939429719e+01,4.479164684939429719e+01,4.479164684939429719e+01,4.479164684939429719e+01,4.479164684939429719e+01,4.479164684939429719e+01,4.479164684939429719e+01,4.479164684939429719e+01,4.503195490987176441e+01,4.521676177213745262e+01,4.503195490987176441e+01,4.521676177213745262e+01,4.521676177213745262e+01,4.521676177213745262e+01,4.521676177213745262e+01,4.521676177213745262e+01,4.521676177213745262e+01,4.521676177213745262e+01,4.521676177213745262e+01,4.526010700293879552e+01,4.526010700293879552e+01,4.526010700293879552e+01,4.526010700293879552e+01,4.544358101213321532e+01,4.567842752132968798e+01,4.563626423930665510e+01,4.567842752132968798e+01,4.567842752132968798e+01,4.567842752132968798e+01,4.567842752132968798e+01,4.567842752132968798e+01,4.591367746555354046e+01,4.591367746555354046e+01,4.591367746555354046e+01,4.591367746555354046e+01,4.591367746555354046e+01,4.591367746555354046e+01,4.591367746555354046e+01,4.591367746555354046e+01,4.609147644171675040e+01,4.609147644171675040e+01,4.609147644171675040e+01,4.609147644171675040e+01,4.609147644171675040e+01,4.609147644171675040e+01,4.609147644171675040e+01,4.609147644171675040e+01,4.613204716865521959e+01,4.632545448122154141e+01,4.636402948004712243e+01,4.653901338184106606e+01,4.653901338184106606e+01,4.653901338184106606e+01,4.649940284851543737e+01,4.653901338184106606e+01,4.664287541886544375e+01,4.676989104470473535e+01,4.676989104470473535e+01,4.676989104470473535e+01,4.676989104470473535e+01,4.676989104470473535e+01,4.676989104470473535e+01,4.700098737356366030e+01,4.717083948122763104e+01,4.700098737356366030e+01,4.717083948122763104e+01,4.700098737356366030e+01,4.720717719576150273e+01,4.717083948122763104e+01,4.720717719576150273e+01,4.720717719576150273e+01,4.720717719576150273e+01,4.720717719576150273e+01,4.720717719576150273e+01,4.743547621580542284e+01,4.743547621580542284e+01,4.720717719576150273e+01,4.743547621580542284e+01,4.760278687893430316e+01,4.760278687893430316e+01,4.760278687893430316e+01,4.760278687893430316e+01,4.760278687893430316e+01,4.760278687893430316e+01,4.760278687893430316e+01,4.760278687893430316e+01,4.760278687893430316e+01,4.760278687893430316e+01,4.782982482492238319e+01,4.782982482492238319e+01,4.782982482492238319e+01,4.799380732459249543e+01,4.782982482492238319e+01,4.782982482492238319e+01,4.799380732459249543e+01,4.799380732459249543e+01,4.821950528744810072e+01,4.821950528744810072e+01,4.821950528744810072e+01,4.821950528744810072e+01,4.821950528744810072e+01,4.821950528744810072e+01,4.821950528744810072e+01,4.821950528744810072e+01,4.821950528744810072e+01,4.821950528744810072e+01,4.821950528744810072e+01,4.821950528744810072e+01,4.838032499560841870e+01,4.838032499560841870e+01,4.838032499560841870e+01,4.838032499560841870e+01,4.838032499560841870e+01,4.841430086880693295e+01,4.841430086880693295e+01,4.860461871498355180e+01,4.860461871498355180e+01,4.863767401512254196e+01,4.863767401512254196e+01,4.879617812207076355e+01,4.879617812207076355e+01,4.863767401512254196e+01,4.879617812207076355e+01,4.879617812207076355e+01,4.879617812207076355e+01,4.879617812207076355e+01,4.876243398381441096e+01,4.879617812207076355e+01,4.879617812207076355e+01,4.879617812207076355e+01,4.901824444138879500e+01,4.879617812207076355e+01,4.879617812207076355e+01,4.901824444138879500e+01,4.932737378300234354e+01,4.901824444138879500e+01,4.932737378300234354e+01,4.932737378300234354e+01,4.932737378300234354e+01,4.932737378300234354e+01,4.932737378300234354e+01,4.932737378300234354e+01,4.954733227620958047e+01,4.954733227620958047e+01,4.954733227620958047e+01,4.954733227620958047e+01,4.954733227620958047e+01,4.954733227620958047e+01,4.954733227620958047e+01,4.954733227620958047e+01,4.954733227620958047e+01,4.973091567905941446e+01,4.957956636828215125e+01,4.957956636828215125e+01,4.969814140120561774e+01,4.979832500086615710e+01,4.994899318551512835e+01,4.994899318551512835e+01,4.994899318551512835e+01,4.979832500086615710e+01,4.994899318551512835e+01,4.994899318551512835e+01,5.016642878809263095e+01,5.016642878809263095e+01,5.016642878809263095e+01,5.016642878809263095e+01,5.016642878809263095e+01,5.016642878809263095e+01,5.016642878809263095e+01,5.016642878809263095e+01,5.016642878809263095e+01,5.016642878809263095e+01,5.031450987285314369e+01,5.023329968098637011e+01,5.016642878809263095e+01,5.016642878809263095e+01,5.016642878809263095e+01,5.031450987285314369e+01,5.031450987285314369e+01,5.031450987285314369e+01,5.031450987285314369e+01,5.031450987285314369e+01,5.053059263736727047e+01,5.031450987285314369e+01,5.053059263736727047e+01,5.053059263736727047e+01,5.062757618252704361e+01,5.053059263736727047e+01,5.053059263736727047e+01,5.053059263736727047e+01,5.074589290720806645e+01,5.074589290720806645e+01,5.074589290720806645e+01,5.074589290720806645e+01,5.074589290720806645e+01,5.081136504205889537e+01,5.089090895954013405e+01,5.092157652118964251e+01,5.081136504205889537e+01,5.089090895954013405e+01,5.089090895954013405e+01,5.074589290720806645e+01,5.089090895954013405e+01,5.089090895954013405e+01,5.089090895954013405e+01,5.089090895954013405e+01,5.089090895954013405e+01,5.092157652118964251e+01,5.089090895954013405e+01,5.092157652118964251e+01,5.110476100898464580e+01,5.113521889399823550e+01,5.110476100898464580e+01,5.124746670840077201e+01,5.124746670840077201e+01,5.113521889399823550e+01,5.127830134460519673e+01,5.127830134460519673e+01,5.127830134460519673e+01,5.127830134460519673e+01,5.127830134460519673e+01,5.149054464268418485e+01,5.149054464268418485e+01,5.149054464268418485e+01,5.149054464268418485e+01,5.149054464268418485e+01,5.149054464268418485e+01,5.149054464268418485e+01,5.149054464268418485e+01,5.149054464268418485e+01,5.149054464268418485e+01,5.149054464268418485e+01,5.149054464268418485e+01,5.184220115106728599e+01,5.170192493700750447e+01,5.163136493799552085e+01,5.158577281020264138e+01,5.163136493799552085e+01,5.184220115106728599e+01,5.184220115106728599e+01,5.184220115106728599e+01,5.184220115106728599e+01,5.184220115106728599e+01,5.184220115106728599e+01,5.184220115106728599e+01,5.184220115106728599e+01,5.184220115106728599e+01,5.184220115106728599e+01,5.184220115106728599e+01,5.184220115106728599e+01,5.184220115106728599e+01,5.198084272181168330e+01,5.184220115106728599e+01,5.198084272181168330e+01,5.198084272181168330e+01,5.198084272181168330e+01,5.201078396357734590e+01,5.219026554750209357e+01,5.219026554750209357e+01,5.219026554750209357e+01,5.222016664327146884e+01,5.219026554750209357e+01,5.222016664327146884e+01,5.222016664327146884e+01,5.219026554750209357e+01,5.219026554750209357e+01,5.205212195997988545e+01,5.184220115106728599e+01,5.205212195997988545e+01,5.205212195997988545e+01,5.184220115106728599e+01,5.205212195997988545e+01,5.205212195997988545e+01,5.205212195997988545e+01,5.205212195997988545e+01,5.219026554750209357e+01,5.242862738738323003e+01,5.256498978150082735e+01,5.222016664327146884e+01,5.239872741305967452e+01,5.219026554750209357e+01,5.219026554750209357e+01,5.219026554750209357e+01,5.219026554750209357e+01,5.219026554750209357e+01,5.239872741305967452e+01,5.239872741305967452e+01,5.219026554750209357e+01,5.239872741305967452e+01,5.239872741305967452e+01,5.239872741305967452e+01,5.239872741305967452e+01,5.242862738738323003e+01,5.239872741305967452e+01,5.239872741305967452e+01,5.242862738738323003e+01,5.242862738738323003e+01,5.239872741305967452e+01,5.242862738738323003e+01,5.239872741305967452e+01,5.242862738738323003e+01,5.239872741305967452e+01,5.256498978150082735e+01,5.253480960400796107e+01,5.242862738738323003e+01,5.242862738738323003e+01,5.256498978150082735e+01,5.256498978150082735e+01,5.274181237985563087e+01,5.256498978150082735e+01,5.277202071773493941e+01,5.277202071773493941e+01,5.277202071773493941e+01,5.277202071773493941e+01,5.277202071773493941e+01,5.277202071773493941e+01,5.277202071773493941e+01,5.277202071773493941e+01,5.277202071773493941e+01,5.277202071773493941e+01,5.277202071773493941e+01,5.277202071773493941e+01,5.277202071773493941e+01,5.277202071773493941e+01,5.277202071773493941e+01,5.290636148968282981e+01,5.277202071773493941e+01,5.277202071773493941e+01,5.290636148968282981e+01,5.290636148968282981e+01,5.311195905863116451e+01,5.290636148968282981e+01,5.311195905863116451e+01,5.311195905863116451e+01,5.311195905863116451e+01,5.311195905863116451e+01,5.311195905863116451e+01,5.311195905863116451e+01,5.311195905863116451e+01,5.311195905863116451e+01,5.311195905863116451e+01,5.331656056844650493e+01,5.331656056844650493e+01,5.311195905863116451e+01,5.331656056844650493e+01,5.331656056844650493e+01,5.331656056844650493e+01,5.331656056844650493e+01,5.331656056844650493e+01,5.344850394545684225e+01,5.344850394545684225e+01,5.344850394545684225e+01,5.344850394545684225e+01,5.331656056844650493e+01,5.344850394545684225e+01,5.344850394545684225e+01,5.344850394545684225e+01,5.347817250704431302e+01,5.344850394545684225e+01,5.365163409561444752e+01,5.365163409561444752e+01,5.365163409561444752e+01,5.365163409561444752e+01,5.365163409561444752e+01,5.365163409561444752e+01,5.365163409561444752e+01,5.365163409561444752e+01,5.368143798391300692e+01,5.368143798391300692e+01,5.368143798391300692e+01,5.365163409561444752e+01,5.365163409561444752e+01,5.365163409561444752e+01,5.368143798391300692e+01,5.385374618197887031e+01,5.385374618197887031e+01,5.398337101968381546e+01,5.381173114353286735e+01,5.368143798391300692e+01,5.398337101968381546e+01,5.401354215253825686e+01,5.401354215253825686e+01,5.398337101968381546e+01,5.368143798391300692e+01,5.401354215253825686e+01,5.401354215253825686e+01,5.390267476799344593e+01,5.401354215253825686e+01,5.401354215253825686e+01,5.401354215253825686e+01,5.401354215253825686e+01,5.401354215253825686e+01,5.401354215253825686e+01,5.401354215253825686e+01,5.401354215253825686e+01,5.401354215253825686e+01,5.401354215253825686e+01,5.401354215253825686e+01,5.401354215253825686e+01,5.401354215253825686e+01,5.401354215253825686e+01,5.401354215253825686e+01,5.421431809226648113e+01,5.401354215253825686e+01,5.421431809226648113e+01,5.421431809226648113e+01,5.434236045537640791e+01,5.421431809226648113e+01,5.421431809226648113e+01,5.421431809226648113e+01,5.421431809226648113e+01,5.421431809226648113e+01,5.434236045537640791e+01,5.434236045537640791e+01,5.421431809226648113e+01,5.434236045537640791e+01,5.434236045537640791e+01,5.434236045537640791e+01,5.434236045537640791e+01,5.434236045537640791e+01,5.434236045537640791e+01,5.434236045537640791e+01,5.434236045537640791e+01,5.434236045537640791e+01,5.434236045537640791e+01,5.434236045537640791e+01,5.434236045537640791e+01,5.454164791890715236e+01,5.437177851719868471e+01,5.454164791890715236e+01,5.454164791890715236e+01,5.454164791890715236e+01,5.454164791890715236e+01,5.454164791890715236e+01,5.454164791890715236e+01,5.454164791890715236e+01,5.454164791890715236e+01,5.457128402842720760e+01,5.454164791890715236e+01,5.454164791890715236e+01,5.454164791890715236e+01,5.454164791890715236e+01,5.469776335218972463e+01,5.466794559689279254e+01,5.466794559689279254e+01,5.457128402842720760e+01,5.466794559689279254e+01,5.469776335218972463e+01,5.468150120337128328e+01,5.457128402842720760e+01,5.466794559689279254e+01,5.469776335218972463e+01,5.469776335218972463e+01,5.469776335218972463e+01,5.466794559689279254e+01,5.466794559689279254e+01,5.469776335218972463e+01,5.469776335218972463e+01,5.469776335218972463e+01,5.469776335218972463e+01,5.469776335218972463e+01,5.469776335218972463e+01,5.469776335218972463e+01,5.489579177441689239e+01,5.489579177441689239e+01,5.469776335218972463e+01,5.489579177441689239e+01,5.489579177441689239e+01,5.489579177441689239e+01,5.489579177441689239e+01,5.486574397517605917e+01,5.489579177441689239e+01,5.489579177441689239e+01,5.489579177441689239e+01,5.489579177441689239e+01,5.489579177441689239e+01,5.489579177441689239e+01,5.489579177441689239e+01,5.489579177441689239e+01,5.489579177441689239e+01,5.502055995620398932e+01,5.489579177441689239e+01,5.502055995620398932e+01,5.502055995620398932e+01,5.509273761241232847e+01,5.489579177441689239e+01,5.521711012239053673e+01,5.521711012239053673e+01,5.521711012239053673e+01,5.521711012239053673e+01,5.521711012239053673e+01,5.514885922843447474e+01,5.521711012239053673e+01,5.521711012239053673e+01,5.521711012239053673e+01,5.521711012239053673e+01,5.521711012239053673e+01,5.521711012239053673e+01,5.521711012239053673e+01,5.521711012239053673e+01,5.521711012239053673e+01,5.521711012239053673e+01,5.521711012239053673e+01,5.521711012239053673e+01,5.521711012239053673e+01,5.521711012239053673e+01,5.521711012239053673e+01,5.521711012239053673e+01,5.541254756085672284e+01,5.521711012239053673e+01,5.521711012239053673e+01,5.541254756085672284e+01,5.521711012239053673e+01,5.521711012239053673e+01,5.521711012239053673e+01,5.541254756085672284e+01,5.541254756085672284e+01,5.541254756085672284e+01,5.541254756085672284e+01,5.541254756085672284e+01,5.541254756085672284e+01,5.521711012239053673e+01,5.541254756085672284e+01,5.541254756085672284e+01,5.541254756085672284e+01,5.541254756085672284e+01,5.541254756085672284e+01,5.541254756085672284e+01,5.541254756085672284e+01,5.553528957453659842e+01,5.553528957453659842e+01,5.541254756085672284e+01,5.553528957453659842e+01,5.553528957453659842e+01,5.553528957453659842e+01,5.553528957453659842e+01,5.553528957453659842e+01,5.553528957453659842e+01,5.553528957453659842e+01,5.553528957453659842e+01,5.553528957453659842e+01,5.556510356530092309e+01,5.556510356530092309e+01,5.553528957453659842e+01,5.553528957453659842e+01,5.553528957453659842e+01,5.553528957453659842e+01,5.553528957453659842e+01,5.553528957453659842e+01,5.556510356530092309e+01,5.553528957453659842e+01,5.553528957453659842e+01,5.572921927280349763e+01,5.553528957453659842e+01,5.556510356530092309e+01,5.572921927280349763e+01,5.553528957453659842e+01,5.575932382050145009e+01,5.572921927280349763e+01,5.556510356530092309e+01,5.572921927280349763e+01,5.575932382050145009e+01,5.575932382050145009e+01,5.572921927280349763e+01,5.575932382050145009e+01,5.575932382050145009e+01,5.575932382050145009e+01,5.572921927280349763e+01,5.575932382050145009e+01,5.575932382050145009e+01,5.575932382050145009e+01,5.575932382050145009e+01,5.572921927280349763e+01,5.592200197441854925e+01,5.578389107227639698e+01,5.575932382050145009e+01,5.607334144856954339e+01,5.572921927280349763e+01,5.604280365805430364e+01,5.607334144856954339e+01,5.588062049977611423e+01,5.607334144856954339e+01,5.604280365805430364e+01,5.604280365805430364e+01,5.588062049977611423e+01,5.595240340148944114e+01,5.607334144856954339e+01,5.607334144856954339e+01,5.607334144856954339e+01,5.604280365805430364e+01,5.604280365805430364e+01,5.607334144856954339e+01,5.607334144856954339e+01,5.604280365805430364e+01,5.607334144856954339e+01,5.607334144856954339e+01,5.607334144856954339e+01,5.607334144856954339e+01,5.607334144856954339e+01,5.607334144856954339e+01,5.607334144856954339e+01,5.607334144856954339e+01,5.607334144856954339e+01,5.607334144856954339e+01,5.607334144856954339e+01,5.607334144856954339e+01,5.607334144856954339e+01,5.607334144856954339e+01,5.607334144856954339e+01,5.607334144856954339e+01,5.607334144856954339e+01,5.607334144856954339e+01,5.607334144856954339e+01,5.607334144856954339e+01,5.607334144856954339e+01,5.607334144856954339e+01,5.607334144856954339e+01,5.607334144856954339e+01,5.607334144856954339e+01,5.607334144856954339e+01,5.607334144856954339e+01,5.607334144856954339e+01,5.626489169748538188e+01,5.607334144856954339e+01,5.607334144856954339e+01,5.607334144856954339e+01,5.607334144856954339e+01,5.607334144856954339e+01,5.607334144856954339e+01,5.626489169748538188e+01,5.607334144856954339e+01,5.607334144856954339e+01,5.607334144856954339e+01,5.626489169748538188e+01,5.607334144856954339e+01,5.626489169748538188e+01,5.607334144856954339e+01,5.638431249348275998e+01,5.626489169748538188e+01,5.626489169748538188e+01,5.638431249348275998e+01,5.626489169748538188e+01,5.626489169748538188e+01,5.638431249348275998e+01,5.638431249348275998e+01,5.638431249348275998e+01,5.638431249348275998e+01,5.638431249348275998e+01,5.638431249348275998e+01,5.638431249348275998e+01,5.638431249348275998e+01,5.638431249348275998e+01,5.638431249348275998e+01,5.638431249348275998e+01,5.638431249348275998e+01,5.638431249348275998e+01,5.638431249348275998e+01,5.638431249348275998e+01,5.657433592663127087e+01,5.638431249348275998e+01,5.638431249348275998e+01,5.638431249348275998e+01,5.638431249348275998e+01,5.657433592663127087e+01,5.638431249348275998e+01,5.638431249348275998e+01,5.638431249348275998e+01,5.657433592663127087e+01,5.657433592663127087e+01,5.657433592663127087e+01,5.657433592663127087e+01,5.657433592663127087e+01,5.657433592663127087e+01,5.657433592663127087e+01,5.657433592663127087e+01,5.657433592663127087e+01,5.657433592663127087e+01,5.657433592663127087e+01,5.657433592663127087e+01,5.657433592663127087e+01,5.657433592663127087e+01,5.657433592663127087e+01,5.646997231535612372e+01,5.657433592663127087e+01,5.657433592663127087e+01,5.657433592663127087e+01,5.657433592663127087e+01,5.657433592663127087e+01,5.657433592663127087e+01,5.657433592663127087e+01,5.657433592663127087e+01,5.660464138723473582e+01,5.657433592663127087e+01,5.657433592663127087e+01,5.657433592663127087e+01,5.657433592663127087e+01,5.657433592663127087e+01,5.657433592663127087e+01,5.657433592663127087e+01,5.657433592663127087e+01,5.657433592663127087e+01,5.657433592663127087e+01,5.657433592663127087e+01,5.657433592663127087e+01,5.660464138723473582e+01,5.657433592663127087e+01,5.657433592663127087e+01,5.660464138723473582e+01,5.657433592663127087e+01,5.657433592663127087e+01,5.657433592663127087e+01,5.669228857298512736e+01,5.657433592663127087e+01,5.660464138723473582e+01,5.660464138723473582e+01,5.679379331486734372e+01,5.657433592663127087e+01,5.658809620564477427e+01,5.660464138723473582e+01,5.657433592663127087e+01,5.679379331486734372e+01,5.657433592663127087e+01,5.676314298324094665e+01,5.665945092079833501e+01,5.660464138723473582e+01,5.691154448700578428e+01,5.688078874711919752e+01,5.676314298324094665e+01,5.688078874711919752e+01,5.676314298324094665e+01,5.669228857298512736e+01,5.672270106394622502e+01,5.691154448700578428e+01,5.691154448700578428e+01,5.688078874711919752e+01,5.691154448700578428e+01,5.691154448700578428e+01,5.691154448700578428e+01,5.676314298324094665e+01,5.688078874711919752e+01,5.676314298324094665e+01,5.679379331486734372e+01,5.691154448700578428e+01,5.691154448700578428e+01,5.688078874711919752e+01,5.688078874711919752e+01,5.691154448700578428e+01,5.691154448700578428e+01,5.679379331486734372e+01,5.691154448700578428e+01,5.691154448700578428e+01,5.691154448700578428e+01,5.691154448700578428e+01,5.684691897965939944e+01,5.688078874711919752e+01,5.691154448700578428e+01,5.691154448700578428e+01,5.691154448700578428e+01,5.691154448700578428e+01,5.691154448700578428e+01,5.691154448700578428e+01,5.691154448700578428e+01,5.688078874711919752e+01,5.691154448700578428e+01,5.691154448700578428e+01,5.691154448700578428e+01,5.691154448700578428e+01,5.691154448700578428e+01,5.691154448700578428e+01,5.691154448700578428e+01,5.691154448700578428e+01,5.691154448700578428e+01,5.691154448700578428e+01,5.691154448700578428e+01,5.691154448700578428e+01,5.691154448700578428e+01,5.691154448700578428e+01,5.691154448700578428e+01,5.691154448700578428e+01,5.691154448700578428e+01,5.691154448700578428e+01,5.709914637496802214e+01,5.691154448700578428e+01,5.691154448700578428e+01,5.691154448700578428e+01,5.691154448700578428e+01,5.699612030896469861e+01,5.709914637496802214e+01,5.699612030896469861e+01,5.709914637496802214e+01,5.709914637496802214e+01,5.709914637496802214e+01,5.709914637496802214e+01,5.691154448700578428e+01,5.709914637496802214e+01,5.709914637496802214e+01,5.709914637496802214e+01,5.709914637496802214e+01,5.709914637496802214e+01,5.709914637496802214e+01,5.709914637496802214e+01,5.709914637496802214e+01,5.709914637496802214e+01,5.721549617838909541e+01,5.721549617838909541e+01,5.740155291494596668e+01,5.740155291494596668e+01,5.728548124273930853e+01,5.743217234030130669e+01,5.724573623503397357e+01,5.743217234030130669e+01,5.743217234030130669e+01,5.740155291494596668e+01,5.743217234030130669e+01,5.743217234030130669e+01,5.740155291494596668e+01,5.740155291494596668e+01,5.740155291494596668e+01,5.724573623503397357e+01,5.740155291494596668e+01,5.740155291494596668e+01,5.740155291494596668e+01,5.741544924193867416e+01,5.740155291494596668e+01,5.740155291494596668e+01,5.740155291494596668e+01,5.743217234030130669e+01,5.740155291494596668e+01,5.743217234030130669e+01,5.740155291494596668e+01,5.743217234030130669e+01,5.740155291494596668e+01,5.740155291494596668e+01,5.740155291494596668e+01,5.740155291494596668e+01,5.740155291494596668e+01,5.740155291494596668e+01,5.743217234030130669e+01,5.743217234030130669e+01,5.743217234030130669e+01,5.743217234030130669e+01,5.740155291494596668e+01,5.743217234030130669e+01,5.743217234030130669e+01,5.740155291494596668e+01,5.743217234030130669e+01,5.740155291494596668e+01,5.740155291494596668e+01,5.740155291494596668e+01,5.740155291494596668e+01,5.743217234030130669e+01,5.740155291494596668e+01,5.743217234030130669e+01,5.743217234030130669e+01,5.743217234030130669e+01,5.743217234030130669e+01,5.740155291494596668e+01,5.743217234030130669e+01,5.743217234030130669e+01,5.743217234030130669e+01,5.743217234030130669e+01,5.743217234030130669e+01,5.743217234030130669e+01,5.761731469047526843e+01,5.740155291494596668e+01,5.743217234030130669e+01,5.743217234030130669e+01,5.743217234030130669e+01,5.766120488860998705e+01,5.743217234030130669e+01,5.761731469047526843e+01,5.743217234030130669e+01,5.743217234030130669e+01,5.761731469047526843e+01,5.758630930542881288e+01,5.740155291494596668e+01,5.743217234030130669e+01,5.743217234030130669e+01,5.743217234030130669e+01,5.743217234030130669e+01,5.743217234030130669e+01,5.743217234030130669e+01,5.743217234030130669e+01,5.766120488860998705e+01,5.743217234030130669e+01,5.743217234030130669e+01,5.761731469047526843e+01,5.761731469047526843e+01,5.761731469047526843e+01,5.761731469047526843e+01,5.784589957218499023e+01,5.761731469047526843e+01,5.761731469047526843e+01,5.743217234030130669e+01,5.761731469047526843e+01,5.784589957218499023e+01,5.761731469047526843e+01,5.761731469047526843e+01,5.761731469047526843e+01,5.784589957218499023e+01,5.784589957218499023e+01,5.761731469047526843e+01,5.761731469047526843e+01,5.761731469047526843e+01,5.761731469047526843e+01,5.784589957218499023e+01,5.761731469047526843e+01,5.784589957218499023e+01,5.784589957218499023e+01,5.761731469047526843e+01,5.784589957218499023e+01,5.784589957218499023e+01,5.784589957218499023e+01,5.761731469047526843e+01,5.766120488860998705e+01,5.784589957218499023e+01,5.784589957218499023e+01,5.784589957218499023e+01,5.784589957218499023e+01,5.772071013005889739e+01,5.784589957218499023e+01,5.784589957218499023e+01,5.784589957218499023e+01,5.784589957218499023e+01,5.761731469047526843e+01,5.784589957218499023e+01,5.784589957218499023e+01,5.784589957218499023e+01,5.784589957218499023e+01,5.784589957218499023e+01,5.784589957218499023e+01,5.761731469047526843e+01,5.784589957218499023e+01,5.784589957218499023e+01,5.784589957218499023e+01,5.784589957218499023e+01,5.784589957218499023e+01,5.761731469047526843e+01,5.784589957218499023e+01,5.784589957218499023e+01,5.784589957218499023e+01,5.784589957218499023e+01,5.784589957218499023e+01,5.784589957218499023e+01,5.784589957218499023e+01,5.784589957218499023e+01,5.784589957218499023e+01,5.784589957218499023e+01,5.784589957218499023e+01,5.784589957218499023e+01,5.784589957218499023e+01,5.784589957218499023e+01,5.784589957218499023e+01,5.784589957218499023e+01,5.784589957218499023e+01,5.784589957218499023e+01,5.784589957218499023e+01,5.784589957218499023e+01,5.784589957218499023e+01,5.784589957218499023e+01,5.784589957218499023e+01,5.784589957218499023e+01,5.784589957218499023e+01,5.784589957218499023e+01,5.784589957218499023e+01,5.784589957218499023e+01,5.784589957218499023e+01,5.784589957218499023e+01,5.784589957218499023e+01,5.784589957218499023e+01,5.784589957218499023e+01,5.784589957218499023e+01,5.784589957218499023e+01,5.784589957218499023e+01,5.784589957218499023e+01,5.784589957218499023e+01,5.784589957218499023e+01,5.784589957218499023e+01,5.784589957218499023e+01,5.784589957218499023e+01,5.784589957218499023e+01,5.784589957218499023e+01,5.784589957218499023e+01,5.784589957218499023e+01,5.784589957218499023e+01,5.784589957218499023e+01,5.784589957218499023e+01,5.802926878257262189e+01,5.784589957218499023e+01,5.802926878257262189e+01,5.802926878257262189e+01,5.792858148639296445e+01,5.802926878257262189e+01,5.784589957218499023e+01,5.802926878257262189e+01,5.784589957218499023e+01,5.784589957218499023e+01,5.802926878257262189e+01,5.784589957218499023e+01,5.784589957218499023e+01,5.802926878257262189e+01,5.784589957218499023e+01,5.784589957218499023e+01,5.802926878257262189e+01,5.802926878257262189e+01,5.784589957218499023e+01,5.802926878257262189e+01,5.802926878257262189e+01,5.802926878257262189e+01,5.802926878257262189e+01,5.802926878257262189e+01,5.802926878257262189e+01,5.802926878257262189e+01,5.802926878257262189e+01,5.808002061814173089e+01,5.802926878257262189e+01,5.802926878257262189e+01,5.802926878257262189e+01,5.802926878257262189e+01,5.802926878257262189e+01,5.802926878257262189e+01,5.802926878257262189e+01,5.802926878257262189e+01,5.802926878257262189e+01,5.802926878257262189e+01,5.802926878257262189e+01,5.802926878257262189e+01,5.802926878257262189e+01,5.802926878257262189e+01,5.802926878257262189e+01,5.802926878257262189e+01,5.802926878257262189e+01,5.802926878257262189e+01,5.802926878257262189e+01,5.802926878257262189e+01,5.802926878257262189e+01,5.802926878257262189e+01,5.802926878257262189e+01
6.165882489703921010e+01,6.119867933589100062e+01,6.087543629016104774e+01,6.060383485090034839e+01,6.036480438919600289e+01,6.008839796864845795e+01,5.974704989850829406e+01,5.963809277927763475e+01,5.935505599735109428e+01,5.918026734943021694e+01,5.906939581726621213e+01,5.871498170426155383e+01,5.842333353047046529e+01,5.801447683968000035e+01,5.801447683968000035e+01,5.801447683968000035e+01,5.771592187800555962e+01,5.753140069460688721e+01,5.750143677842163470e+01,5.738454344500876658e+01,5.722822946851162840e+01,5.722822946851162840e+01,5.719879279946341910e+01,5.708055268932381665e+01,5.692203581636616150e+01,5.692203581636616150e+01,5.670447790795747522e+01,5.670447790795747522e+01,5.658443020460570239e+01,5.658443020460570239e+01,5.639414192900516554e+01,5.639414192900516554e+01,5.639414192900516554e+01,5.639414192900516554e+01,5.627260657268818278e+01,5.608069064552822169e+01,5.608069064552822169e+01,5.608069064552822169e+01,5.609314307241670861e+01,5.608069064552822169e+01,5.588762833126025953e+01,5.576407335106907226e+01,5.576407335106907226e+01,5.576407335106907226e+01,5.576407335106907226e+01,5.576407335106907226e+01,5.576407335106907226e+01,5.556941715510698998e+01,5.556941715510698998e+01,5.556941715510698998e+01,5.544423955710742291e+01,5.544423955710742291e+01,5.544423955710742291e+01,5.524798629895082058e+01,5.524798629895082058e+01,5.524798629895082058e+01,5.524798629895082058e+01,5.524798629895082058e+01,5.524798629895082058e+01,5.524798629895082058e+01,5.524798629895082058e+01,5.524798629895082058e+01,5.524798629895082058e+01,5.512113849918365815e+01,5.512113849918365815e+01,5.492328447885478226e+01,5.492328447885478226e+01,5.492328447885478226e+01,5.492328447885478226e+01,5.492328447885478226e+01,5.472441283848139904e+01,5.472441283848139904e+01,5.472441283848139904e+01,5.472441283848139904e+01,5.472441283848139904e+01,5.459525937946146001e+01,5.459525937946146001e+01,5.472441283848139904e+01,5.459525937946146001e+01,5.439482019559302728e+01,5.439482019559302728e+01,5.439482019559302728e+01,5.439482019559302728e+01,5.439482019559302728e+01,5.439482019559302728e+01,5.439482019559302728e+01,5.439482019559302728e+01,5.439482019559302728e+01,5.439482019559302728e+01,5.419341356642553365e+01,5.419341356642553365e+01,5.439482019559302728e+01,5.419341356642553365e+01,5.419341356642553365e+01,5.406184614793850329e+01,5.406184614793850329e+01,5.406184614793850329e+01,5.406184614793850329e+01,5.406184614793850329e+01,5.406184614793850329e+01,5.406184614793850329e+01,5.406184614793850329e+01,5.406184614793850329e+01,5.406184614793850329e+01,5.406184614793850329e+01,5.406184614793850329e+01,5.385890767673876667e+01,5.385890767673876667e+01,5.385890767673876667e+01,5.385890767673876667e+01,5.385890767673876667e+01,5.385890767673876667e+01,5.385890767673876667e+01,5.385890767673876667e+01,5.385890767673876667e+01,5.372543395427852175e+01,5.372543395427852175e+01,5.372543395427852175e+01,5.352096076176223960e+01,5.352096076176223960e+01,5.372543395427852175e+01,5.352096076176223960e+01,5.352096076176223960e+01,5.352096076176223960e+01,5.352096076176223960e+01,5.352096076176223960e+01,5.352096076176223960e+01,5.352096076176223960e+01,5.352096076176223960e+01,5.352096076176223960e+01,5.352096076176223960e+01,5.352096076176223960e+01,5.352096076176223960e+01,5.352096076176223960e+01,5.352096076176223960e+01,5.352096076176223960e+01,5.338552441280011607e+01,5.352096076176223960e+01,5.338552441280011607e+01,5.352096076176223960e+01,5.352096076176223960e+01,5.338552441280011607e+01,5.338552441280011607e+01,5.338552441280011607e+01,5.338552441280011607e+01,5.338552441280011607e+01,5.317951320556024086e+01,5.315620007696603722e+01,5.317951320556024086e+01,5.317951320556024086e+01,5.317951320556024086e+01,5.317951320556024086e+01,5.317951320556024086e+01,5.317951320556024086e+01,5.317951320556024086e+01,5.317951320556024086e+01,5.317951320556024086e+01,5.297268244392720504e+01,5.297268244392720504e+01,5.315620007696603722e+01,5.297268244392720504e+01,5.297268244392720504e+01,5.294969957852882914e+01,5.294969957852882914e+01,5.294969957852882914e+01,5.294969957852882914e+01,5.294969957852882914e+01,5.294969957852882914e+01,5.294969957852882914e+01,5.283450296315012196e+01,5.294969957852882914e+01,5.281182938797641668e+01,5.281182938797641668e+01,5.281182938797641668e+01,5.281182938797641668e+01,5.260383312681268109e+01,5.260383312681268109e+01,5.260383312681268109e+01,5.260383312681268109e+01,5.260383312681268109e+01,5.260383312681268109e+01,5.260383312681268109e+01,5.260383312681268109e+01,5.260383312681268109e+01,5.260383312681268109e+01,5.260383312681268109e+01,5.260383312681268109e+01,5.260383312681268109e+01,5.260383312681268109e+01,5.260383312681268109e+01,5.260383312681268109e+01,5.260383312681268109e+01,5.260383312681268109e+01,5.260383312681268109e+01,5.260383312681268109e+01,5.260383312681268109e+01,5.260383312681268109e+01,5.260383312681268109e+01,5.260383312681268109e+01,5.260383312681268109e+01,5.260383312681268109e+01,5.260383312681268109e+01,5.260383312681268109e+01,5.246384452417809285e+01,5.260383312681268109e+01,5.225435256255131833e+01,5.239507624098915528e+01,5.239507624098915528e+01,5.225435256255131833e+01,5.239507624098915528e+01,5.225435256255131833e+01,5.225435256255131833e+01,5.225435256255131833e+01,5.225435256255131833e+01,5.225435256255131833e+01,5.225435256255131833e+01,5.225435256255131833e+01,5.225435256255131833e+01,5.225435256255131833e+01,5.225435256255131833e+01,5.225435256255131833e+01,5.225435256255131833e+01,5.225435256255131833e+01,5.225435256255131833e+01,5.225435256255131833e+01,5.225435256255131833e+01,5.225435256255131833e+01,5.225435256255131833e+01,5.225435256255131833e+01,5.225435256255131833e+01,5.225435256255131833e+01,5.225435256255131833e+01,5.225435256255131833e+01,5.225435256255131833e+01,5.225435256255131833e+01,5.225435256255131833e+01,5.225435256255131833e+01,5.225435256255131833e+01,5.225435256255131833e+01,5.225435256255131833e+01,5.225435256255131833e+01,5.204416609783401526e+01,5.225435256255131833e+01,5.204416609783401526e+01,5.225435256255131833e+01,5.204416609783401526e+01,5.204416609783401526e+01,5.204416609783401526e+01,5.204416609783401526e+01,5.204416609783401526e+01,5.204416609783401526e+01,5.204416609783401526e+01,5.204416609783401526e+01,5.204416609783401526e+01,5.204416609783401526e+01,5.190119067700494071e+01,5.190119067700494071e+01,5.190119067700494071e+01,5.187834259890756528e+01,5.204416609783401526e+01,5.190119067700494071e+01,5.190119067700494071e+01,5.190119067700494071e+01,5.188883710084672174e+01,5.190119067700494071e+01,5.190119067700494071e+01,5.190119067700494071e+01,5.190119067700494071e+01,5.190119067700494071e+01,5.190119067700494071e+01,5.187834259890756528e+01,5.187834259890756528e+01,5.190119067700494071e+01,5.190119067700494071e+01,5.190119067700494071e+01,5.187834259890756528e+01,5.190119067700494071e+01,5.190119067700494071e+01,5.187834259890756528e+01,5.190119067700494071e+01,5.190119067700494071e+01,5.190119067700494071e+01,5.187834259890756528e+01,5.166691770348128898e+01,5.166691770348128898e+01,5.166691770348128898e+01,5.190119067700494071e+01,5.166691770348128898e+01,5.166691770348128898e+01,5.168958670452251170e+01,5.187834259890756528e+01,5.166691770348128898e+01,5.166691770348128898e+01,5.166691770348128898e+01,5.166691770348128898e+01,5.166691770348128898e+01,5.166691770348128898e+01,5.166691770348128898e+01,5.166691770348128898e+01,5.166691770348128898e+01,5.168958670452251170e+01,5.166691770348128898e+01,5.166691770348128898e+01,5.166691770348128898e+01,5.166691770348128898e+01,5.166691770348128898e+01,5.166691770348128898e+01,5.166691770348128898e+01,5.166691770348128898e+01,5.168958670452251170e+01,5.152201489447522675e+01,5.152201489447522675e+01,5.168958670452251170e+01,5.152201489447522675e+01,5.152201489447522675e+01,5.152201489447522675e+01,5.152201489447522675e+01,5.152201489447522675e+01,5.152201489447522675e+01,5.130915183470345653e+01,5.152201489447522675e+01,5.152201489447522675e+01,5.130915183470345653e+01,5.130915183470345653e+01,5.130915183470345653e+01,5.152201489447522675e+01,5.130915183470345653e+01,5.152201489447522675e+01,5.130915183470345653e+01,5.130915183470345653e+01,5.130915183470345653e+01,5.130915183470345653e+01,5.130915183470345653e+01,5.130915183470345653e+01,5.130915183470345653e+01,5.130915183470345653e+01,5.130915183470345653e+01,5.130915183470345653e+01,5.130915183470345653e+01,5.130915183470345653e+01,5.130915183470345653e+01,5.130915183470345653e+01,5.130915183470345653e+01,5.130915183470345653e+01,5.130915183470345653e+01,5.130915183470345653e+01,5.130915183470345653e+01,5.130915183470345653e+01,5.130915183470345653e+01,5.130915183470345653e+01,5.130915183470345653e+01,5.130915183470345653e+01,5.130915183470345653e+01,5.130915183470345653e+01,5.130915183470345653e+01,5.130915183470345653e+01,5.130915183470345653e+01,5.130915183470345653e+01,5.130915183470345653e+01,5.130915183470345653e+01,5.130915183470345653e+01,5.130915183470345653e+01,5.130915183470345653e+01,5.130915183470345653e+01,5.130915183470345653e+01,5.130915183470345653e+01,5.109576371057028865e+01,5.109576371057028865e+01,5.130915183470345653e+01,5.130915183470345653e+01,5.130915183470345653e+01,5.109576371057028865e+01,5.109576371057028865e+01,5.109576371057028865e+01,5.109576371057028865e+01,5.130915183470345653e+01,5.109576371057028865e+01,5.109576371057028865e+01,5.109576371057028865e+01,5.109576371057028865e+01,5.094757700974832204e+01,5.109576371057028865e+01,5.094757700974832204e+01,5.094757700974832204e+01,5.094757700974832204e+01,5.094757700974832204e+01,5.094757700974832204e+01,5.109576371057028865e+01,5.094757700974832204e+01,5.094757700974832204e+01,5.094757700974832204e+01,5.073287750144680786e+01,5.094757700974832204e+01,5.094757700974832204e+01,5.094757700974832204e+01,5.073287750144680786e+01,5.073287750144680786e+01,5.073287750144680786e+01,5.073287750144680786e+01,5.094757700974832204e+01,5.073287750144680786e+01,5.073287750144680786e+01,5.073287750144680786e+01,5.073287750144680786e+01,5.073287750144680786e+01,5.073287750144680786e+01,5.073287750144680786e+01,5.073287750144680786e+01,5.073287750144680786e+01,5.073287750144680786e+01,5.073287750144680786e+01,5.073287750144680786e+01,5.073287750144680786e+01,5.073287750144680786e+01,5.073287750144680786e+01,5.073287750144680786e+01,5.073287750144680786e+01,5.073287750144680786e+01,5.073287750144680786e+01,5.073287750144680786e+01,5.073287750144680786e+01,5.073287750144680786e+01,5.073287750144680786e+01,5.073287750144680786e+01,5.073287750144680786e+01,5.073287750144680786e+01,5.073287750144680786e+01,5.073287750144680786e+01,5.073287750144680786e+01,5.073287750144680786e+01,5.073287750144680786e+01,5.073287750144680786e+01,5.073287750144680786e+01,5.073287750144680786e+01,5.073287750144680786e+01,5.073287750144680786e+01,5.073287750144680786e+01,5.073287750144680786e+01,5.073287750144680786e+01,5.073287750144680786e+01,5.073287750144680786e+01,5.073287750144680786e+01,5.073287750144680786e+01,5.073287750144680786e+01,5.073287750144680786e+01,5.073287750144680786e+01,5.073287750144680786e+01,5.073287750144680786e+01,5.073287750144680786e+01,5.073287750144680786e+01,5.073287750144680786e+01,5.073287750144680786e+01,5.073287750144680786e+01,5.073287750144680786e+01,5.073287750144680786e+01,5.073287750144680786e+01,5.073287750144680786e+01,5.073287750144680786e+01,5.073287750144680786e+01,5.073287750144680786e+01,5.073287750144680786e+01,5.073287750144680786e+01,5.073287750144680786e+01,5.073287750144680786e+01,5.073287750144680786e+01,5.073287750144680786e+01,5.073287750144680786e+01,5.073287750144680786e+01,5.073287750144680786e+01,5.073287750144680786e+01,5.073287750144680786e+01,5.073287750144680786e+01,5.073287750144680786e+01,5.051786399300544872e+01,5.058212714122860376e+01,5.058212714122860376e+01,5.058212714122860376e+01,5.051786399300544872e+01,5.058212714122860376e+01,5.036616105359746598e+01,5.051786399300544872e+01,5.051786399300544872e+01,5.036616105359746598e+01,5.036616105359746598e+01,5.036616105359746598e+01,5.036616105359746598e+01,5.051786399300544872e+01,5.036616105359746598e+01,5.036616105359746598e+01,5.036616105359746598e+01,5.036616105359746598e+01,5.036616105359746598e+01,5.036616105359746598e+01,5.036616105359746598e+01,5.036616105359746598e+01,5.036616105359746598e+01,5.036616105359746598e+01,5.036616105359746598e+01,5.036616105359746598e+01,5.036616105359746598e+01,5.036616105359746598e+01,5.036616105359746598e+01,5.036616105359746598e+01,5.036616105359746598e+01,5.036616105359746598e+01,5.036616105359746598e+01,5.036616105359746598e+01,5.036616105359746598e+01,5.036616105359746598e+01,5.036616105359746598e+01,5.036616105359746598e+01,5.036616105359746598e+01,5.036616105359746598e+01,5.036616105359746598e+01,5.036616105359746598e+01,5.036616105359746598e+01,5.036616105359746598e+01,5.036616105359746598e+01,5.036616105359746598e+01,5.036616105359746598e+01,5.036616105359746598e+01,5.036616105359746598e+01,5.036616105359746598e+01,5.036616105359746598e+01,5.036616105359746598e+01,5.036616105359746598e+01,5.036616105359746598e+01,5.036616105359746598e+01,5.036616105359746598e+01,5.036616105359746598e+01,5.036616105359746598e+01,5.036616105359746598e+01,5.036616105359746598e+01,5.036616105359746598e+01,5.036616105359746598e+01,5.036616105359746598e+01,5.036616105359746598e+01,5.036616105359746598e+01,5.036616105359746598e+01,5.036616105359746598e+01,5.036616105359746598e+01,5.036616105359746598e+01,5.036616105359746598e+01,5.036616105359746598e+01,5.036616105359746598e+01,5.036616105359746598e+01,5.036616105359746598e+01,5.036616105359746598e+01,5.036616105359746598e+01,5.036616105359746598e+01,5.036616105359746598e+01,5.036616105359746598e+01,5.036616105359746598e+01,5.036616105359746598e+01,5.036616105359746598e+01,5.036616105359746598e+01,5.036616105359746598e+01,5.036616105359746598e+01,5.036616105359746598e+01,5.036616105359746598e+01,5.036616105359746598e+01,5.036616105359746598e+01,5.036616105359746598e+01,5.036616105359746598e+01,5.015003763779524348e+01,5.015003763779524348e+01,5.036616105359746598e+01,5.015003763779524348e+01,5.015003763779524348e+01,5.015003763779524348e+01,5.015003763779524348e+01,5.024730436266234079e+01,5.015003763779524348e+01,5.015003763779524348e+01,5.015003763779524348e+01,5.036616105359746598e+01,5.015003763779524348e+01,4.999556973696523698e+01,5.015003763779524348e+01,5.015003763779524348e+01,5.015003763779524348e+01,5.015003763779524348e+01,5.015003763779524348e+01,5.015003763779524348e+01,5.012672121976378037e+01,4.999556973696523698e+01,5.015003763779524348e+01,4.999556973696523698e+01,5.015003763779524348e+01,4.999556973696523698e+01,4.999556973696523698e+01,4.999556973696523698e+01,5.012672121976378037e+01,4.999556973696523698e+01,4.999556973696523698e+01,5.015003763779524348e+01,4.999556973696523698e+01,4.999556973696523698e+01,4.999556973696523698e+01,4.999556973696523698e+01,4.999556973696523698e+01,4.999556973696523698e+01,4.999556973696523698e+01,4.999556973696523698e+01,4.999556973696523698e+01,4.977842038022714632e+01,5.015003763779524348e+01,4.999556973696523698e+01,4.999556973696523698e+01,4.999556973696523698e+01,4.999556973696523698e+01,4.999556973696523698e+01,4.999556973696523698e+01,4.999556973696523698e+01,4.999556973696523698e+01,4.999556973696523698e+01,4.999556973696523698e+01,4.999556973696523698e+01,4.999556973696523698e+01,4.999556973696523698e+01,4.977842038022714632e+01,4.999556973696523698e+01,4.977842038022714632e+01,4.999556973696523698e+01,4.977842038022714632e+01,4.977842038022714632e+01,4.977842038022714632e+01,4.977842038022714632e+01,4.977842038022714632e+01,4.977842038022714632e+01,4.977842038022714632e+01,4.975531645493842348e+01,4.975531645493842348e+01,4.975531645493842348e+01,4.944008806311889970e+01,4.944008806311889970e+01,4.944008806311889970e+01,4.944008806311889970e+01,4.944008806311889970e+01,4.944008806311889970e+01,4.944008806311889970e+01,4.975531645493842348e+01,4.975531645493842348e+01,4.977842038022714632e+01,4.975531645493842348e+01,4.975531645493842348e+01,4.944008806311889970e+01,4.944008806311889970e+01,4.944008806311889970e+01,4.944008806311889970e+01,4.944008806311889970e+01,4.944008806311889970e+01,4.944008806311889970e+01,4.944008806311889970e+01,4.944008806311889970e+01,4.944008806311889970e+01,4.944008806311889970e+01,4.944008806311889970e+01,4.944008806311889970e+01,4.944008806311889970e+01,4.944008806311889970e+01,4.944008806311889970e+01,4.944008806311889970e+01,4.944008806311889970e+01,4.944008806311889970e+01,4.944008806311889970e+01,4.944008806311889970e+01,4.944008806311889970e+01,4.944008806311889970e+01,4.944008806311889970e+01,4.944008806311889970e+01,4.944008806311889970e+01,4.944008806311889970e+01,4.944008806311889970e+01,4.944008806311889970e+01,4.944008806311889970e+01,4.944008806311889970e+01,4.944008806311889970e+01,4.944008806311889970e+01,4.944008806311889970e+01,4.944008806311889970e+01,4.944008806311889970e+01,4.944008806311889970e+01,4.944008806311889970e+01,4.944008806311889970e+01,4.944008806311889970e+01,4.944008806311889970e+01,4.944008806311889970e+01,4.944008806311889970e+01,4.944008806311889970e+01,4.944008806311889970e+01,4.944008806311889970e+01,4.944008806311889970e+01,4.944008806311889970e+01,4.944008806311889970e+01,4.944008806311889970e+01,4.944008806311889970e+01,4.944008806311889970e+01,4.944008806311889970e+01,4.944008806311889970e+01,4.944008806311889970e+01,4.944008806311889970e+01,4.944008806311889970e+01,4.922029587075110157e+01,4.944008806311889970e+01,4.944008806311889970e+01,4.922029587075110157e+01,4.944008806311889970e+01,4.922029587075110157e+01,4.944008806311889970e+01,4.922029587075110157e+01,4.944008806311889970e+01,4.944008806311889970e+01,4.944008806311889970e+01,4.944008806311889970e+01,4.944008806311889970e+01,4.922029587075110157e+01,4.922029587075110157e+01,4.944008806311889970e+01,4.944008806311889970e+01,4.922029587075110157e+01,4.944008806311889970e+01,4.922029587075110157e+01,4.922029587075110157e+01,4.944008806311889970e+01,4.922029587075110157e+01,4.944008806311889970e+01,4.922029587075110157e+01,4.944008806311889970e+01,4.944008806311889970e+01,4.922029587075110157e+01,4.922029587075110157e+01,4.922029587075110157e+01,4.944008806311889970e+01,4.922029587075110157e+01,4.922029587075110157e+01,4.922029587075110157e+01,4.922029587075110157e+01,4.922029587075110157e+01,4.922029587075110157e+01,4.922029587075110157e+01,4.922029587075110157e+01,4.919613251339841042e+01,4.922029587075110157e+01,4.922029587075110157e+01,4.922029587075110157e+01,4.922029587075110157e+01,4.922029587075110157e+01,4.922029587075110157e+01,4.922029587075110157e+01,4.922029587075110157e+01,4.922029587075110157e+01,4.922029587075110157e+01,4.922029587075110157e+01,4.922029587075110157e+01,4.922029587075110157e+01,4.922029587075110157e+01,4.922029587075110157e+01,4.919613251339841042e+01,4.922029587075110157e+01,4.922029587075110157e+01,4.905883809840211995e+01,4.922029587075110157e+01,4.922029587075110157e+01,4.922029587075110157e+01,4.922029587075110157e+01,4.922029587075110157e+01,4.922029587075110157e+01,4.922029587075110157e+01,4.922029587075110157e+01,4.919613251339841042e+01,4.905883809840211995e+01,4.905883809840211995e+01,4.922029587075110157e+01,4.922029587075110157e+01,4.905883809840211995e+01,4.922029587075110157e+01,4.905883809840211995e+01,4.919613251339841042e+01,4.905883809840211995e+01,4.905883809840211995e+01,4.922029587075110157e+01,4.922029587075110157e+01,4.922029587075110157e+01,4.905883809840211995e+01,4.903534098282946019e+01,4.922029587075110157e+01,4.922029587075110157e+01,4.903534098282946019e+01,4.919613251339841042e+01,4.905883809840211995e+01,4.903534098282946019e+01,4.905883809840211995e+01,4.905883809840211995e+01,4.922029587075110157e+01,4.905883809840211995e+01,4.903534098282946019e+01,4.905883809840211995e+01,4.903534098282946019e+01,4.905883809840211995e+01,4.905883809840211995e+01,4.905883809840211995e+01,4.905883809840211995e+01,4.903534098282946019e+01,4.903534098282946019e+01,4.905883809840211995e+01,4.905883809840211995e+01,4.903534098282946019e+01,4.905883809840211995e+01,4.903534098282946019e+01,4.903534098282946019e+01,4.905883809840211995e+01,4.903534098282946019e+01,4.883797799024578268e+01,4.903534098282946019e+01,4.903534098282946019e+01,4.903534098282946019e+01,4.903534098282946019e+01,4.905883809840211995e+01,4.905883809840211995e+01,4.903534098282946019e+01,4.903534098282946019e+01,4.903534098282946019e+01,4.881386183977691928e+01,4.903534098282946019e+01,4.881386183977691928e+01,4.882492968843720149e+01,4.881386183977691928e+01,4.883797799024578268e+01,4.882492968843720149e+01,4.903534098282946019e+01,4.881386183977691928e+01,4.881386183977691928e+01,4.881386183977691928e+01,4.881386183977691928e+01,4.881386183977691928e+01,4.881386183977691928e+01,4.881386183977691928e+01,4.881386183977691928e+01,4.881386183977691928e+01,4.881386183977691928e+01,4.903534098282946019e+01,4.891349721020450403e+01,4.881386183977691928e+01,4.881386183977691928e+01,4.881386183977691928e+01,4.881386183977691928e+01,4.881386183977691928e+01,4.881386183977691928e+01,4.881386183977691928e+01,4.881386183977691928e+01,4.882492968843720149e+01,4.881386183977691928e+01,4.881386183977691928e+01,4.881386183977691928e+01,4.881386183977691928e+01,4.881386183977691928e+01,4.881386183977691928e+01,4.881386183977691928e+01,4.881386183977691928e+01,4.881386183977691928e+01,4.881386183977691928e+01,4.881386183977691928e+01,4.881386183977691928e+01,4.881386183977691928e+01,4.881386183977691928e+01,4.881386183977691928e+01,4.881386183977691928e+01,4.881386183977691928e+01,4.881386183977691928e+01,4.881386183977691928e+01,4.881386183977691928e+01,4.881386183977691928e+01,4.881386183977691928e+01,4.881386183977691928e+01,4.881386183977691928e+01,4.881386183977691928e+01,4.881386183977691928e+01,4.881386183977691928e+01,4.881386183977691928e+01,4.881386183977691928e+01,4.881386183977691928e+01,4.881386183977691928e+01,4.881386183977691928e+01,4.881386183977691928e+01,4.881386183977691928e+01,4.881386183977691928e+01,4.881386183977691928e+01,4.881386183977691928e+01,4.881386183977691928e+01,4.881386183977691928e+01,4.881386183977691928e+01,4.881386183977691928e+01,4.881386183977691928e+01,4.881386183977691928e+01,4.881386183977691928e+01,4.881386183977691928e+01,4.881386183977691928e+01,4.881386183977691928e+01,4.881386183977691928e+01,4.881386183977691928e+01,4.881386183977691928e+01,4.881386183977691928e+01,4.881386183977691928e+01,4.881386183977691928e+01,4.881386183977691928e+01,4.881386183977691928e+01,4.881386183977691928e+01,4.881386183977691928e+01,4.881386183977691928e+01,4.881386183977691928e+01,4.881386183977691928e+01,4.881386183977691928e+01,4.881386183977691928e+01,4.881386183977691928e+01,4.881386183977691928e+01,4.881386183977691928e+01,4.881386183977691928e+01,4.881386183977691928e+01,4.881386183977691928e+01,4.881386183977691928e+01,4.881386183977691928e+01,4.881386183977691928e+01,4.881386183977691928e+01,4.881386183977691928e+01,4.881386183977691928e+01,4.881386183977691928e+01,4.881386183977691928e+01,4.881386183977691928e+01,4.881386183977691928e+01,4.881386183977691928e+01,4.881386183977691928e+01,4.881386183977691928e+01,4.881386183977691928e+01,4.881386183977691928e+01,4.881386183977691928e+01,4.881386183977691928e+01,4.881386183977691928e+01,4.881386183977691928e+01,4.881386183977691928e+01,4.881386183977691928e+01,4.881386183977691928e+01,4.881386183977691928e+01,4.881386183977691928e+01,4.881386183977691928e+01,4.881386183977691928e+01,4.881386183977691928e+01,4.881386183977691928e+01,4.881386183977691928e+01,4.881386183977691928e+01,4.881386183977691928e+01,4.881386183977691928e+01,4.881386183977691928e+01,4.881386183977691928e+01,4.881386183977691928e+01,4.881386183977691928e+01,4.881386183977691928e+01,4.881386183977691928e+01,4.881386183977691928e+01,4.881386183977691928e+01,4.881386183977691928e+01,4.881386183977691928e+01,4.881386183977691928e+01,4.881386183977691928e+01,4.881386183977691928e+01,4.881386183977691928e+01,4.881386183977691928e+01,4.881386183977691928e+01,4.881386183977691928e+01,4.881386183977691928e+01,4.881386183977691928e+01,4.881386183977691928e+01,4.881386183977691928e+01,4.881386183977691928e+01,4.881386183977691928e+01,4.881386183977691928e+01,4.881386183977691928e+01,4.881386183977691928e+01,4.881386183977691928e+01,4.881386183977691928e+01,4.881386183977691928e+01,4.881386183977691928e+01,4.881386183977691928e+01,4.881386183977691928e+01,4.881386183977691928e+01,4.881386183977691928e+01,4.881386183977691928e+01,4.881386183977691928e+01,4.881386183977691928e+01,4.881386183977691928e+01,4.859271973021473912e+01,4.881386183977691928e+01,4.881386183977691928e+01,4.881386183977691928e+01,4.881386183977691928e+01,4.881386183977691928e+01,4.881386183977691928e+01,4.881386183977691928e+01,4.881386183977691928e+01,4.881386183977691928e+01,4.881386183977691928e+01,4.859271973021473912e+01,4.859271973021473912e+01,4.881386183977691928e+01,4.881386183977691928e+01,4.859271973021473912e+01,4.881386183977691928e+01,4.859271973021473912e+01,4.865000342299673264e+01,4.881386183977691928e+01,4.859271973021473912e+01,4.881386183977691928e+01,4.859271973021473912e+01,4.881386183977691928e+01,4.881386183977691928e+01,4.859271973021473912e+01,4.859271973021473912e+01,4.881386183977691928e+01,4.859271973021473912e+01,4.859271973021473912e+01,4.859271973021473912e+01,4.859271973021473912e+01,4.842740537660959887e+01,4.881386183977691928e+01,4.859271973021473912e+01,4.859271973021473912e+01,4.842740537660959887e+01,4.859271973021473912e+01,4.859271973021473912e+01,4.859271973021473912e+01,4.859271973021473912e+01,4.859271973021473912e+01,4.842740537660959887e+01,4.859271973021473912e+01,4.842740537660959887e+01,4.859271973021473912e+01,4.842740537660959887e+01,4.859271973021473912e+01,4.842740537660959887e+01,4.850202268503629455e+01,4.865000342299673264e+01,4.842740537660959887e+01,4.842740537660959887e+01,4.842740537660959887e+01,4.859271973021473912e+01,4.842740537660959887e+01,4.859271973021473912e+01,4.859271973021473912e+01,4.842740537660959887e+01,4.842740537660959887e+01,4.859271973021473912e+01,4.859271973021473912e+01,4.842740537660959887e+01,4.842740537660959887e+01,4.842740537660959887e+01,4.865000342299673264e+01,4.842740537660959887e+01,4.859271973021473912e+01,4.842740537660959887e+01,4.842740537660959887e+01,4.842740537660959887e+01,4.842740537660959887e+01,4.859271973021473912e+01,4.842740537660959887e+01,4.842740537660959887e+01,4.842740537660959887e+01,4.842740537660959887e+01,4.842740537660959887e+01,4.842740537660959887e+01,4.842740537660959887e+01,4.842740537660959887e+01,4.842740537660959887e+01,4.842740537660959887e+01,4.842740537660959887e+01,4.842740537660959887e+01,4.842740537660959887e+01,4.842740537660959887e+01,4.842740537660959887e+01,4.842740537660959887e+01,4.842740537660959887e+01,4.842740537660959887e+01,4.842740537660959887e+01,4.842740537660959887e+01,4.842740537660959887e+01,4.842740537660959887e+01,4.842740537660959887e+01,4.842740537660959887e+01,4.842740537660959887e+01,4.842740537660959887e+01,4.842740537660959887e+01,4.842740537660959887e+01,4.842740537660959887e+01,4.842740537660959887e+01,4.842740537660959887e+01,4.842740537660959887e+01,4.842740537660959887e+01,4.842740537660959887e+01,4.842740537660959887e+01,4.842740537660959887e+01,4.842740537660959887e+01,4.842740537660959887e+01,4.842740537660959887e+01,4.842740537660959887e+01,4.842740537660959887e+01,4.842740537660959887e+01,4.842740537660959887e+01,4.842740537660959887e+01,4.842740537660959887e+01,4.842740537660959887e+01,4.842740537660959887e+01,4.842740537660959887e+01,4.842740537660959887e+01,4.842740537660959887e+01,4.842740537660959887e+01,4.842740537660959887e+01,4.842740537660959887e+01,4.842740537660959887e+01,4.842740537660959887e+01,4.842740537660959887e+01,4.842740537660959887e+01,4.842740537660959887e+01,4.842740537660959887e+01,4.842740537660959887e+01,4.842740537660959887e+01,4.842740537660959887e+01,4.842740537660959887e+01,4.842740537660959887e+01,4.842740537660959887e+01,4.842740537660959887e+01,4.842740537660959887e+01,4.842740537660959887e+01,4.842740537660959887e+01,4.842740537660959887e+01,4.842740537660959887e+01,4.842740537660959887e+01,4.842740537660959887e+01,4.842740537660959887e+01,4.842740537660959887e+01,4.842740537660959887e+01,4.842740537660959887e+01,4.842740537660959887e+01,4.842740537660959887e+01,4.842740537660959887e+01,4.842740537660959887e+01,4.842740537660959887e+01,4.842740537660959887e+01,4.842740537660959887e+01,4.842740537660959887e+01,4.842740537660959887e+01,4.842740537660959887e+01,4.842740537660959887e+01,4.842740537660959887e+01,4.842740537660959887e+01,4.842740537660959887e+01,4.842740537660959887e+01,4.842740537660959887e+01,4.842740537660959887e+01,4.842740537660959887e+01,4.842740537660959887e+01,4.842740537660959887e+01,4.842740537660959887e+01,4.842740537660959887e+01,4.842740537660959887e+01,4.842740537660959887e+01,4.842740537660959887e+01,4.842740537660959887e+01,4.842740537660959887e+01,4.842740537660959887e+01,4.842740537660959887e+01,4.842740537660959887e+01,4.842740537660959887e+01,4.859271973021473912e+01,4.859271973021473912e+01,4.859271973021473912e+01,4.859271973021473912e+01,4.859271973021473912e+01,4.859271973021473912e+01,4.859271973021473912e+01,4.859271973021473912e+01,4.859271973021473912e+01,4.859271973021473912e+01,4.859271973021473912e+01,4.859271973021473912e+01,4.859271973021473912e+01,4.859271973021473912e+01,4.859271973021473912e+01,4.859271973021473912e+01,4.859271973021473912e+01,4.859271973021473912e+01,4.859271973021473912e+01,4.859271973021473912e+01,4.859271973021473912e+01,4.859271973021473912e+01,4.859271973021473912e+01,4.859271973021473912e+01,4.859271973021473912e+01,4.859271973021473912e+01,4.859271973021473912e+01,4.859271973021473912e+01,4.859271973021473912e+01,4.859271973021473912e+01,4.859271973021473912e+01,4.859271973021473912e+01,4.859271973021473912e+01,4.859271973021473912e+01,4.859271973021473912e+01,4.859271973021473912e+01,4.859271973021473912e+01,4.859271973021473912e+01,4.842740537660959887e+01,4.842740537660959887e+01,4.859271973021473912e+01,4.859271973021473912e+01,4.859271973021473912e+01,4.859271973021473912e+01,4.842740537660959887e+01,4.859271973021473912e+01,4.859271973021473912e+01,4.859271973021473912e+01,4.859271973021473912e+01,4.859271973021473912e+01,4.859271973021473912e+01,4.859271973021473912e+01,4.859271973021473912e+01,4.859271973021473912e+01,4.859271973021473912e+01,4.842740537660959887e+01,4.842740537660959887e+01,4.859271973021473912e+01,4.859271973021473912e+01,4.859271973021473912e+01,4.859271973021473912e+01,4.859271973021473912e+01,4.859271973021473912e+01,4.859271973021473912e+01,4.859271973021473912e+01,4.859271973021473912e+01,4.859271973021473912e+01,4.859271973021473912e+01,4.859271973021473912e+01,4.859271973021473912e+01,4.859271973021473912e+01,4.859271973021473912e+01,4.859271973021473912e+01,4.859271973021473912e+01,4.842740537660959887e+01,4.859271973021473912e+01,4.859271973021473912e+01,4.859271973021473912e+01,4.842740537660959887e+01,4.859271973021473912e+01,4.859271973021473912e+01,4.859271973021473912e+01,4.842740537660959887e+01,4.850202268503629455e+01,4.859271973021473912e+01,4.842740537660959887e+01,4.859271973021473912e+01,4.842740537660959887e+01,4.842740537660959887e+01,4.859271973021473912e+01,4.842740537660959887e+01,4.859271973021473912e+01,4.859271973021473912e+01,4.842740537660959887e+01,4.859271973021473912e+01,4.859271973021473912e+01,4.842740537660959887e+01,4.842740537660959887e+01,4.842740537660959887e+01,4.859271973021473912e+01,4.842740537660959887e+01,4.859271973021473912e+01,4.859271973021473912e+01,4.842740537660959887e+01,4.842740537660959887e+01,4.842740537660959887e+01,4.842740537660959887e+01,4.842740537660959887e+01,4.842740537660959887e+01,4.842740537660959887e+01,4.842740537660959887e+01,4.842740537660959887e+01,4.842740537660959887e+01,4.842740537660959887e+01,4.842740537660959887e+01,4.859271973021473912e+01,4.859271973021473912e+01,4.842740537660959887e+01,4.842740537660959887e+01,4.842740537660959887e+01,4.859271973021473912e+01,4.842740537660959887e+01,4.859271973021473912e+01,4.842740537660959887e+01,4.842740537660959887e+01,4.842740537660959887e+01,4.842740537660959887e+01,4.842740537660959887e+01,4.842740537660959887e+01,4.842740537660959887e+01,4.859271973021473912e+01,4.842740537660959887e+01,4.842740537660959887e+01,4.842740537660959887e+01,4.842740537660959887e+01,4.842740537660959887e+01,4.842740537660959887e+01,4.842740537660959887e+01,4.842740537660959887e+01,4.859271973021473912e+01,4.842740537660959887e+01,4.842740537660959887e+01,4.842740537660959887e+01,4.842740537660959887e+01,4.842740537660959887e+01,4.842740537660959887e+01,4.842740537660959887e+01,4.842740537660959887e+01,4.842740537660959887e+01,4.842740537660959887e+01,4.842740537660959887e+01,4.842740537660959887e+01,4.842740537660959887e+01,4.842740537660959887e+01,4.842740537660959887e+01,4.842740537660959887e+01,4.842740537660959887e+01,4.842740537660959887e+01,4.842740537660959887e+01,4.842740537660959887e+01,4.842740537660959887e+01,4.842740537660959887e+01,4.842740537660959887e+01,4.842740537660959887e+01,4.842740537660959887e+01,4.842740537660959887e+01,4.842740537660959887e+01,4.842740537660959887e+01,4.842740537660959887e+01,4.842740537660959887e+01,4.842740537660959887e+01,4.842740537660959887e+01,4.842740537660959887e+01,4.842740537660959887e+01,4.842740537660959887e+01,4.842740537660959887e+01,4.842740537660959887e+01,4.842740537660959887e+01,4.842740537660959887e+01,4.842740537660959887e+01,4.842740537660959887e+01,4.842740537660959887e+01,4.842740537660959887e+01,4.842740537660959887e+01,4.842740537660959887e+01,4.842740537660959887e+01,4.842740537660959887e+01,4.842740537660959887e+01,4.842740537660959887e+01,4.842740537660959887e+01,4.842740537660959887e+01,4.842740537660959887e+01,4.842740537660959887e+01,4.842740537660959887e+01,4.842740537660959887e+01,4.842740537660959887e+01,4.842740537660959887e+01,4.842740537660959887e+01,4.842740537660959887e+01,4.842740537660959887e+01,4.842740537660959887e+01,4.842740537660959887e+01,4.842740537660959887e+01,4.842740537660959887e+01,4.842740537660959887e+01,4.842740537660959887e+01,4.842740537660959887e+01,4.842740537660959887e+01,4.842740537660959887e+01,4.842740537660959887e+01,4.842740537660959887e+01,4.842740537660959887e+01,4.842740537660959887e+01,4.842740537660959887e+01,4.842740537660959887e+01,4.842740537660959887e+01,4.842740537660959887e+01,4.842740537660959887e+01,4.842740537660959887e+01,4.842740537660959887e+01,4.842740537660959887e+01,4.842740537660959887e+01,4.842740537660959887e+01,4.842740537660959887e+01,4.842740537660959887e+01,4.842740537660959887e+01,4.859271973021473912e+01,4.842740537660959887e+01,4.842740537660959887e+01,4.842740537660959887e+01,4.842740537660959887e+01,4.842740537660959887e+01,4.842740537660959887e+01
2.083351746988917341e+01,2.040696705083523810e+01,2.040696705083523810e+01,2.040696705083523810e+01,2.040696705083523810e+01,2.040696705083523810e+01,2.040696705083523810e+01,2.083351746988917341e+01,2.083351746988917341e+01,2.040696705083523810e+01,2.083351746988917341e+01,2.040696705083523810e+01,2.083351746988917341e+01,2.083351746988917341e+01,2.083351746988917341e+01,2.083351746988917341e+01,2.083351746988917341e+01,2.083351746988917341e+01,2.083351746988917341e+01,2.083351746988917341e+01,2.083351746988917341e+01,2.083351746988917341e+01,2.108456471319882652e+01,2.108456471319882652e+01,2.108456471319882652e+01,2.108456471319882652e+01,2.108456471319882652e+01,2.108456471319882652e+01,2.108456471319882652e+01,2.108456471319882652e+01,2.108456471319882652e+01,2.108456471319882652e+01,2.108456471319882652e+01,2.108456471319882652e+01,2.108456471319882652e+01,2.108456471319882652e+01,2.108456471319882652e+01,2.108456471319882652e+01,2.108456471319882652e+01,2.154021252508690765e+01,2.108456471319882652e+01,2.154021252508690765e+01,2.154021252508690765e+01,2.154021252508690765e+01,2.154021252508690765e+01,2.154021252508690765e+01,2.154021252508690765e+01,2.154021252508690765e+01,2.154021252508690765e+01,2.154021252508690765e+01,2.154021252508690765e+01,2.154021252508690765e+01,2.154021252508690765e+01,2.154021252508690765e+01,2.154021252508690765e+01,2.154021252508690765e+01,2.154021252508690765e+01,2.154021252508690765e+01,2.154021252508690765e+01,2.154021252508690765e+01,2.154021252508690765e+01,2.154021252508690765e+01,2.173609641384199165e+01,2.154021252508690765e+01,2.173609641384199165e+01,2.154021252508690765e+01,2.173609641384199165e+01,2.173609641384199165e+01,2.154021252508690765e+01,2.173609641384199165e+01,2.173609641384199165e+01,2.173609641384199165e+01,2.173609641384199165e+01,2.173609641384199165e+01,2.173609641384199165e+01,2.173609641384199165e+01,2.173609641384199165e+01,2.173609641384199165e+01,2.173609641384199165e+01,2.173609641384199165e+01,2.173609641384199165e+01,2.173609641384199165e+01,2.173609641384199165e+01,2.173609641384199165e+01,2.222110828958227202e+01,2.222110828958227202e+01,2.173609641384199165e+01,2.222110828958227202e+01,2.173609641384199165e+01,2.173609641384199165e+01,2.173609641384199165e+01,2.222110828958227202e+01,2.222110828958227202e+01,2.222110828958227202e+01,2.222110828958227202e+01,2.222110828958227202e+01,2.228522781193808555e+01,2.228522781193808555e+01,2.222110828958227202e+01,2.222110828958227202e+01,2.222110828958227202e+01,2.228522781193808555e+01,2.222110828958227202e+01,2.242938115243060437e+01,2.242938115243060437e+01,2.242938115243060437e+01,2.249269148080562886e+01,2.242938115243060437e+01,2.242938115243060437e+01,2.242938115243060437e+01,2.242938115243060437e+01,2.242938115243060437e+01,2.249269148080562886e+01,2.242938115243060437e+01,2.249269148080562886e+01,2.242938115243060437e+01,2.249269148080562886e+01,2.249269148080562886e+01,2.249269148080562886e+01,2.249269148080562886e+01,2.249269148080562886e+01,2.242938115243060437e+01,2.249269148080562886e+01,2.249269148080562886e+01,2.249269148080562886e+01,2.301045913786576236e+01,2.294752596083481677e+01,2.301045913786576236e+01,2.301045913786576236e+01,2.301045913786576236e+01,2.301045913786576236e+01,2.301045913786576236e+01,2.301045913786576236e+01,2.323116165149130907e+01,2.301045913786576236e+01,2.323116165149130907e+01,2.323116165149130907e+01,2.323116165149130907e+01,2.323116165149130907e+01,2.378374245536637588e+01,2.323116165149130907e+01,2.378374245536637588e+01,2.378374245536637588e+01,2.323116165149130907e+01,2.378374245536637588e+01,2.347539585702078568e+01,2.378374245536637588e+01,2.378374245536637588e+01,2.378374245536637588e+01,2.378374245536637588e+01,2.378374245536637588e+01,2.378374245536637588e+01,2.378374245536637588e+01,2.378374245536637588e+01,2.378374245536637588e+01,2.378374245536637588e+01,2.378374245536637588e+01,2.378374245536637588e+01,2.378374245536637588e+01,2.378374245536637588e+01,2.378374245536637588e+01,2.378374245536637588e+01,2.426693563291777522e+01,2.426693563291777522e+01,2.426693563291777522e+01,2.426693563291777522e+01,2.426693563291777522e+01,2.426693563291777522e+01,2.426693563291777522e+01,2.426693563291777522e+01,2.426693563291777522e+01,2.426693563291777522e+01,2.426693563291777522e+01,2.426693563291777522e+01,2.426693563291777522e+01,2.421032274316401356e+01,2.426693563291777522e+01,2.426693563291777522e+01,2.426693563291777522e+01,2.426693563291777522e+01,2.426693563291777522e+01,2.421032274316401356e+01,2.485928755256556499e+01,2.421032274316401356e+01,2.485928755256556499e+01,2.512324754372753333e+01,2.507403496982922775e+01,2.512324754372753333e+01,2.512324754372753333e+01,2.507403496982922775e+01,2.507403496982922775e+01,2.507403496982922775e+01,2.507403496982922775e+01,2.507403496982922775e+01,2.507403496982922775e+01,2.507403496982922775e+01,2.507403496982922775e+01,2.507403496982922775e+01,2.507403496982922775e+01,2.507403496982922775e+01,2.571361550984406463e+01,2.507403496982922775e+01,2.512324754372753333e+01,2.507403496982922775e+01,2.575285531974914122e+01,2.571361550984406463e+01,2.571361550984406463e+01,2.575285531974914122e+01,2.571361550984406463e+01,2.571361550984406463e+01,2.571361550984406463e+01,2.599057444392107286e+01,2.571361550984406463e+01,2.599057444392107286e+01,2.599057444392107286e+01,2.599057444392107286e+01,2.599057444392107286e+01,2.599057444392107286e+01,2.599057444392107286e+01,2.599057444392107286e+01,2.664601486140275100e+01,2.599057444392107286e+01,2.664601486140275100e+01,2.664601486140275100e+01,2.664601486140275100e+01,2.664601486140275100e+01,2.664601486140275100e+01,2.664601486140275100e+01,2.664601486140275100e+01,2.664601486140275100e+01,2.664601486140275100e+01,2.664601486140275100e+01,2.664601486140275100e+01,2.664601486140275100e+01,2.664601486140275100e+01,2.692847744131391963e+01,2.692847744131391963e+01,2.664601486140275100e+01,2.692847744131391963e+01,2.692847744131391963e+01,2.692847744131391963e+01,2.692847744131391963e+01,2.692847744131391963e+01,2.692847744131391963e+01,2.692847744131391963e+01,2.692847744131391963e+01,2.692847744131391963e+01,2.692847744131391963e+01,2.692847744131391963e+01,2.692847744131391963e+01,2.692847744131391963e+01,2.692847744131391963e+01,2.692847744131391963e+01,2.692847744131391963e+01,2.692847744131391963e+01,2.692847744131391963e+01,2.692847744131391963e+01,2.692847744131391963e+01,2.758372963370197795e+01,2.722177910457606487e+01,2.787072238845051686e+01,2.758372963370197795e+01,2.787072238845051686e+01,2.787072238845051686e+01,2.787072238845051686e+01,2.787072238845051686e+01,2.787072238845051686e+01,2.787072238845051686e+01,2.787072238845051686e+01,2.787072238845051686e+01,2.787072238845051686e+01,2.787072238845051686e+01,2.787072238845051686e+01,2.787072238845051686e+01,2.787072238845051686e+01,2.787072238845051686e+01,2.787072238845051686e+01,2.787072238845051686e+01,2.787072238845051686e+01,2.816114489720999003e+01,2.851224567690660194e+01,2.851224567690660194e+01,2.851224567690660194e+01,2.851224567690660194e+01,2.880265056487371922e+01,2.880265056487371922e+01,2.880265056487371922e+01,2.880265056487371922e+01,2.880265056487371922e+01,2.880265056487371922e+01,2.880265056487371922e+01,2.880265056487371922e+01,2.880265056487371922e+01,2.880265056487371922e+01,2.880265056487371922e+01,2.880265056487371922e+01,2.880265056487371922e+01,2.880265056487371922e+01,2.880265056487371922e+01,2.880265056487371922e+01,2.880265056487371922e+01,2.880265056487371922e+01,2.879892681114084141e+01,2.880265056487371922e+01,2.880265056487371922e+01,2.910072122681342677e+01,2.880265056487371922e+01,2.879892681114084141e+01,2.910072122681342677e+01,2.910072122681342677e+01,2.909925749473120860e+01,2.971267749205093622e+01,2.971267749205093622e+01,2.971267749205093622e+01,2.971267749205093622e+01,2.970556443048835149e+01,2.971267749205093622e+01,2.971267749205093622e+01,2.971267749205093622e+01,2.971267749205093622e+01,2.970556443048835149e+01,2.970556443048835149e+01,2.970556443048835149e+01,2.971267749205093622e+01,2.970556443048835149e+01,2.970556443048835149e+01,2.971267749205093622e+01,2.971267749205093622e+01,2.971267749205093622e+01,3.000624875663864088e+01,3.000624875663864088e+01,3.001162373679208173e+01,3.058060129020406492e+01,3.001162373679208173e+01,3.059333645047418315e+01,3.059333645047418315e+01,3.059333645047418315e+01,3.000624875663864088e+01,3.059333645047418315e+01,3.059333645047418315e+01,3.059333645047418315e+01,3.058060129020406492e+01,3.059333645047418315e+01,3.059333645047418315e+01,3.059333645047418315e+01,3.059333645047418315e+01,3.059333645047418315e+01,3.059333645047418315e+01,3.089226572600936649e+01,3.089226572600936649e+01,3.059333645047418315e+01,3.089226572600936649e+01,3.089226572600936649e+01,3.089226572600936649e+01,3.089226572600936649e+01,3.089226572600936649e+01,3.088072382586003428e+01,3.144072149648170011e+01,3.144072149648170011e+01,3.144072149648170011e+01,3.144072149648170011e+01,3.144072149648170011e+01,3.142147041523352868e+01,3.144072149648170011e+01,3.173874230009429809e+01,3.144072149648170011e+01,3.144072149648170011e+01,3.172009794699973284e+01,3.173874230009429809e+01,3.173874230009429809e+01,3.173874230009429809e+01,3.172009794699973284e+01,3.173874230009429809e+01,3.173874230009429809e+01,3.173874230009429809e+01,3.173874230009429809e+01,3.173874230009429809e+01,3.173874230009429809e+01,3.173874230009429809e+01,3.173874230009429809e+01,3.173874230009429809e+01,3.173874230009429809e+01,3.173874230009429809e+01,3.173874230009429809e+01,3.225344245911060881e+01,3.254963611035864091e+01,3.254963611035864091e+01,3.254963611035864091e+01,3.252375713809088609e+01,3.254963611035864091e+01,3.254963611035864091e+01,3.254963611035864091e+01,3.254963611035864091e+01,3.254963611035864091e+01,3.254963611035864091e+01,3.254963611035864091e+01,3.254963611035864091e+01,3.254963611035864091e+01,3.254963611035864091e+01,3.303170234253920512e+01,3.254963611035864091e+01,3.254963611035864091e+01,3.303170234253920512e+01,3.284847281507133943e+01,3.284847281507133943e+01,3.332513484161761852e+01,3.332513484161761852e+01,3.332513484161761852e+01,3.332513484161761852e+01,3.332513484161761852e+01,3.332513484161761852e+01,3.332513484161761852e+01,3.332513484161761852e+01,3.332513484161761852e+01,3.332513484161761852e+01,3.332513484161761852e+01,3.332513484161761852e+01,3.332513484161761852e+01,3.332513484161761852e+01,3.362054083971277407e+01,3.362054083971277407e+01,3.362054083971277407e+01,3.362054083971277407e+01,3.362054083971277407e+01,3.362054083971277407e+01,3.358735930608327891e+01,3.362054083971277407e+01,3.362054083971277407e+01,3.362054083971277407e+01,3.362054083971277407e+01,3.402743599609749481e+01,3.406643465044584929e+01,3.406643465044584929e+01,3.406643465044584929e+01,3.402743599609749481e+01,3.406643465044584929e+01,3.402743599609749481e+01,3.431748542430425886e+01,3.477536929937568999e+01,3.431748542430425886e+01,3.477536929937568999e+01,3.473097610692251891e+01,3.477536929937568999e+01,3.477536929937568999e+01,3.477536929937568999e+01,3.473097610692251891e+01,3.477536929937568999e+01,3.477536929937568999e+01,3.477536929937568999e+01,3.477536929937568999e+01,3.473097610692251891e+01,3.477536929937568999e+01,3.473097610692251891e+01,3.477536929937568999e+01,3.506135954055581294e+01,3.506135954055581294e+01,3.545416429953326087e+01,3.545416429953326087e+01,3.540531602212433171e+01,3.545416429953326087e+01,3.545416429953326087e+01,3.540531602212433171e+01,3.540531602212433171e+01,3.545416429953326087e+01,3.545416429953326087e+01,3.545416429953326087e+01,3.540531602212433171e+01,3.540531602212433171e+01,3.545416429953326087e+01,3.545416429953326087e+01,3.545416429953326087e+01,3.545416429953326087e+01,3.573437584868950978e+01,3.573437584868950978e+01,3.573437584868950978e+01,3.568355408433522058e+01,3.573437584868950978e+01,3.573437584868950978e+01,3.573437584868950978e+01,3.573437584868950978e+01,3.573437584868950978e+01,3.573437584868950978e+01,3.573437584868950978e+01,3.610525153531683173e+01,3.605291062595954799e+01,3.573437584868950978e+01,3.610525153531683173e+01,3.610525153531683173e+01,3.610525153531683173e+01,3.610525153531683173e+01,3.610525153531683173e+01,3.605291062595954799e+01,3.610525153531683173e+01,3.637918673552157145e+01,3.637918673552157145e+01,3.637918673552157145e+01,3.653904334602462711e+01,3.653904334602462711e+01,3.673112053347524864e+01,3.632460270659566959e+01,3.673112053347524864e+01,3.673112053347524864e+01,3.673112053347524864e+01,3.673112053347524864e+01,3.673112053347524864e+01,3.673112053347524864e+01,3.673112053347524864e+01,3.673112053347524864e+01,3.673112053347524864e+01,3.699845699869168669e+01,3.673112053347524864e+01,3.673112053347524864e+01,3.699845699869168669e+01,3.699845699869168669e+01,3.699845699869168669e+01,3.699845699869168669e+01,3.699845699869168669e+01,3.699845699869168669e+01,3.699845699869168669e+01,3.699845699869168669e+01,3.699845699869168669e+01,3.699845699869168669e+01,3.699845699869168669e+01,3.733420327822668838e+01,3.699845699869168669e+01,3.699845699869168669e+01,3.733420327822668838e+01,3.733420327822668838e+01,3.733420327822668838e+01,3.733420327822668838e+01,3.759477618824760015e+01,3.759477618824760015e+01,3.733420327822668838e+01,3.733420327822668838e+01,3.759477618824760015e+01,3.759477618824760015e+01,3.759477618824760015e+01,3.759477618824760015e+01,3.759477618824760015e+01,3.759477618824760015e+01,3.759477618824760015e+01,3.759477618824760015e+01,3.759477618824760015e+01,3.759477618824760015e+01,3.759477618824760015e+01,3.791679321405863590e+01,3.791679321405863590e+01,3.791679321405863590e+01,3.791679321405863590e+01,3.791679321405863590e+01,3.791679321405863590e+01,3.791679321405863590e+01,3.791679321405863590e+01,3.791679321405863590e+01,3.817056657970534417e+01,3.817056657970534417e+01,3.817056657970534417e+01,3.817056657970534417e+01,3.817056657970534417e+01,3.817056657970534417e+01,3.848099583321060635e+01,3.848099583321060635e+01,3.848099583321060635e+01,3.848099583321060635e+01,3.848099583321060635e+01,3.848099583321060635e+01,3.848099583321060635e+01,3.848099583321060635e+01,3.848099583321060635e+01,3.870343502802310809e+01,3.897242784510131486e+01,3.848099583321060635e+01,3.897242784510131486e+01,3.897242784510131486e+01,3.897242784510131486e+01,3.926913435108918549e+01,3.897242784510131486e+01,3.926913435108918549e+01,3.926913435108918549e+01,3.926913435108918549e+01,3.926913435108918549e+01,3.926913435108918549e+01,3.926913435108918549e+01,3.926913435108918549e+01,3.926913435108918549e+01,3.926913435108918549e+01,3.926913435108918549e+01,3.926913435108918549e+01,3.926913435108918549e+01,3.926913435108918549e+01,3.950675175502930614e+01,3.950675175502930614e+01,3.957075308354350796e+01,3.950675175502930614e+01,3.950675175502930614e+01,3.953538449417609257e+01,3.950675175502930614e+01,3.957075308354350796e+01,3.957075308354350796e+01,3.950675175502930614e+01,3.950675175502930614e+01,3.950675175502930614e+01,3.985681883787963642e+01,3.979559865690529108e+01,3.985681883787963642e+01,3.985681883787963642e+01,3.996214778806157142e+01,4.008996690633212978e+01,4.008996690633212978e+01,4.008996690633212978e+01,4.008996690633212978e+01,4.008996690633212978e+01,4.008996690633212978e+01,4.008996690633212978e+01,4.008996690633212978e+01,4.008996690633212978e+01,4.008996690633212978e+01,4.008996690633212978e+01,4.008996690633212978e+01,4.008996690633212978e+01,4.008996690633212978e+01,4.008996690633212978e+01,4.031946113880979965e+01,4.031946113880979965e+01,4.031946113880979965e+01,4.059593578841688100e+01,4.044431173434637117e+01,4.059593578841688100e+01,4.059593578841688100e+01,4.059593578841688100e+01,4.059593578841688100e+01,4.059593578841688100e+01,4.053369423115923809e+01,4.059593578841688100e+01,4.053369423115923809e+01,4.053369423115923809e+01,4.053369423115923809e+01,4.053369423115923809e+01,4.059593578841688100e+01,4.081038537307307479e+01,4.102912238993830840e+01,4.109005990240153494e+01,4.109005990240153494e+01,4.109005990240153494e+01,4.109005990240153494e+01,4.109005990240153494e+01,4.105638316989414704e+01,4.109005990240153494e+01,4.109005990240153494e+01,4.102912238993830840e+01,4.102912238993830840e+01,4.109005990240153494e+01,4.109005990240153494e+01,4.102912238993830840e+01,4.130702656056342903e+01,4.151405240452027812e+01,4.157352668168690002e+01,4.157352668168690002e+01,4.151405240452027812e+01,4.157352668168690002e+01,4.157352668168690002e+01,4.157352668168690002e+01,4.157352668168690002e+01,4.157352668168690002e+01,4.157352668168690002e+01,4.157352668168690002e+01,4.204733724626846225e+01,4.204733724626846225e+01,4.204733724626846225e+01,4.204733724626846225e+01,4.204733724626846225e+01,4.204733724626846225e+01,4.204733724626846225e+01,4.204733724626846225e+01,4.230855764235158745e+01,4.230855764235158745e+01,4.230855764235158745e+01,4.230855764235158745e+01,4.230855764235158745e+01,4.251233137764807424e+01,4.277056571319022282e+01,4.251233137764807424e+01,4.277056571319022282e+01,4.277056571319022282e+01,4.277056571319022282e+01,4.277056571319022282e+01,4.277056571319022282e+01,4.277056571319022282e+01,4.277056571319022282e+01,4.286035691585646390e+01,4.296921045428618413e+01,4.277056571319022282e+01,4.296921045428618413e+01,4.296921045428618413e+01,4.296921045428618413e+01,4.296921045428618413e+01,4.296921045428618413e+01,4.322480831480039853e+01,4.327733746116756208e+01,4.322480831480039853e+01,4.322480831480039853e+01,4.322480831480039853e+01,4.322480831480039853e+01,4.347975413028608926e+01,4.347250112700829305e+01,4.361678524658633194e+01,4.372282923503728114e+01,4.372282923503728114e+01,4.372282923503728114e+01,4.372282923503728114e+01,4.372282923503728114e+01,4.367177736901543028e+01,4.372282923503728114e+01,4.372282923503728114e+01,4.372282923503728114e+01,4.372282923503728114e+01,4.372282923503728114e+01,4.372282923503728114e+01,4.372282923503728114e+01,4.391324154648762601e+01,4.391324154648762601e+01,4.391324154648762601e+01,4.416155710289626768e+01,4.416155710289626768e+01,4.416155710289626768e+01,4.416155710289626768e+01,4.440943164789070607e+01,4.440943164789070607e+01,4.440943164789070607e+01,4.440943164789070607e+01,4.440943164789070607e+01,4.440943164789070607e+01,4.440943164789070607e+01,4.440943164789070607e+01,4.440943164789070607e+01,4.440943164789070607e+01,4.440943164789070607e+01,4.440943164789070607e+01,4.465701877776307782e+01,4.465701877776307782e+01,4.483983439810894822e+01,4.465701877776307782e+01,4.483983439810894822e+01,4.483983439810894822e+01,4.483983439810894822e+01,4.483983439810894822e+01,4.483983439810894822e+01,4.483983439810894822e+01,4.483983439810894822e+01,4.483983439810894822e+01,4.508541140485380083e+01,4.508541140485380083e+01,4.512934722857269065e+01,4.512934722857269065e+01,4.512934722857269065e+01,4.512934722857269065e+01,4.512934722857269065e+01,4.512934722857269065e+01,4.512934722857269065e+01,4.512934722857269065e+01,4.512934722857269065e+01,4.512934722857269065e+01,4.523881489481813389e+01,4.537257191980042137e+01,4.537257191980042137e+01,4.537257191980042137e+01,4.537257191980042137e+01,4.537257191980042137e+01,4.541424821265602674e+01,4.537257191980042137e+01,4.537257191980042137e+01,4.559371994056064636e+01,4.559371994056064636e+01,4.559371994056064636e+01,4.559371994056064636e+01,4.559371994056064636e+01,4.583312307187132717e+01,4.559371994056064636e+01,4.559371994056064636e+01,4.559371994056064636e+01,4.583312307187132717e+01,4.583312307187132717e+01,4.583312307187132717e+01,4.583312307187132717e+01,4.583312307187132717e+01,4.583312307187132717e+01,4.583312307187132717e+01,4.583312307187132717e+01,4.583312307187132717e+01,4.583312307187132717e+01,4.583312307187132717e+01,4.583312307187132717e+01,4.587364521136206719e+01,4.583312307187132717e+01,4.611117103335213585e+01,4.611117103335213585e+01,4.611117103335213585e+01,4.611117103335213585e+01,4.611117103335213585e+01,4.611117103335213585e+01,4.611117103335213585e+01,4.628621733959667495e+01,4.611117103335213585e+01,4.628621733959667495e+01,4.652204810190789885e+01,4.655962279090267941e+01,4.655962279090267941e+01,4.655962279090267941e+01,4.655962279090267941e+01,4.655962279090267941e+01,4.655962279090267941e+01,4.655962279090267941e+01,4.655962279090267941e+01,4.655962279090267941e+01,4.679385574240009760e+01,4.655962279090267941e+01,4.679385574240009760e+01,4.679385574240009760e+01,4.679385574240009760e+01,4.679385574240009760e+01,4.679385574240009760e+01,4.679385574240009760e+01,4.679385574240009760e+01,4.679385574240009760e+01,4.679385574240009760e+01,4.702797400924285398e+01,4.702797400924285398e+01,4.702797400924285398e+01,4.702797400924285398e+01,4.702797400924285398e+01,4.702797400924285398e+01,4.719717676512470916e+01,4.702797400924285398e+01,4.706201270166248207e+01,4.723217262149002948e+01,4.723217262149002948e+01,4.723217262149002948e+01,4.723217262149002948e+01,4.723217262149002948e+01,4.723217262149002948e+01,4.723217262149002948e+01,4.723217262149002948e+01,4.723217262149002948e+01,4.723217262149002948e+01,4.723217262149002948e+01,4.723217262149002948e+01,4.723217262149002948e+01,4.723217262149002948e+01,4.723217262149002948e+01,4.746327071107885587e+01,4.746327071107885587e+01,4.749612207041781886e+01,4.749612207041781886e+01,4.746327071107885587e+01,4.749612207041781886e+01,4.749612207041781886e+01,4.749612207041781886e+01,4.749612207041781886e+01,4.749612207041781886e+01,4.749612207041781886e+01,4.749612207041781886e+01,4.749612207041781886e+01,4.749612207041781886e+01,4.772602460446378814e+01,4.772602460446378814e+01,4.766387615989714988e+01,4.749612207041781886e+01,4.789220671219885617e+01,4.789220671219885617e+01,4.789220671219885617e+01,4.772602460446378814e+01,4.789220671219885617e+01,4.789220671219885617e+01,4.789220671219885617e+01,4.789220671219885617e+01,4.789220671219885617e+01,4.792379656079901906e+01,4.792379656079901906e+01,4.789220671219885617e+01,4.792379656079901906e+01,4.792379656079901906e+01,4.792379656079901906e+01,4.792379656079901906e+01,4.795412346887847832e+01,4.795412346887847832e+01,4.795412346887847832e+01,4.795412346887847832e+01,4.818053452711806273e+01,4.795412346887847832e+01,4.818053452711806273e+01,4.818053452711806273e+01,4.818053452711806273e+01,4.818053452711806273e+01,4.818053452711806273e+01,4.818053452711806273e+01,4.840691940038802699e+01,4.840691940038802699e+01,4.840691940038802699e+01,4.840691940038802699e+01,4.840691940038802699e+01,4.840691940038802699e+01,4.859826565082038741e+01,4.843431634244380035e+01,4.843431634244380035e+01,4.843431634244380035e+01,4.843431634244380035e+01,4.843431634244380035e+01,4.859826565082038741e+01,4.859826565082038741e+01,4.859826565082038741e+01,4.859826565082038741e+01,4.859826565082038741e+01,4.859826565082038741e+01,4.862492248112909010e+01,4.862492248112909010e+01,4.862492248112909010e+01,4.884847267432986229e+01,4.884847267432986229e+01,4.862492248112909010e+01,4.884847267432986229e+01,4.884847267432986229e+01,4.884847267432986229e+01,4.884847267432986229e+01,4.884847267432986229e+01,4.884847267432986229e+01,4.884847267432986229e+01,4.884847267432986229e+01,4.884847267432986229e+01,4.884847267432986229e+01,4.907199163375386775e+01,4.907199163375386775e+01,4.907199163375386775e+01,4.909609129503884617e+01,4.909609129503884617e+01,4.909609129503884617e+01,4.909609129503884617e+01,4.909609129503884617e+01,4.909609129503884617e+01,4.947854219682019306e+01,4.925696382135328122e+01,4.925696382135328122e+01,4.947854219682019306e+01,4.925696382135328122e+01,4.947854219682019306e+01,4.947854219682019306e+01,4.947854219682019306e+01,4.947854219682019306e+01,4.947854219682019306e+01,4.950132400964088930e+01,4.947854219682019306e+01,4.950132400964088930e+01,4.950132400964088930e+01,4.950132400964088930e+01,4.950132400964088930e+01,4.950132400964088930e+01,4.950132400964088930e+01,4.972256145225020418e+01,4.987981510372355132e+01,4.990125850730402135e+01,4.990125850730402135e+01,4.990125850730402135e+01,4.990125850730402135e+01,4.987981510372355132e+01,4.990125850730402135e+01,4.990125850730402135e+01,5.012084148721304899e+01,4.990125850730402135e+01,5.012084148721304899e+01,4.990125850730402135e+01,5.012084148721304899e+01,5.012084148721304899e+01,5.012084148721304899e+01,5.012084148721304899e+01,5.042979094348331870e+01,5.042979094348331870e+01,5.042979094348331870e+01,5.012084148721304899e+01,5.045039086737282474e+01,5.045039086737282474e+01,5.045039086737282474e+01,5.045039086737282474e+01,5.045039086737282474e+01,5.045039086737282474e+01,5.045039086737282474e+01,5.045039086737282474e+01,5.066723478493016586e+01,5.066723478493016586e+01,5.066723478493016586e+01,5.066723478493016586e+01,5.066723478493016586e+01,5.066723478493016586e+01,5.068597707153800513e+01,5.081894071379182520e+01,5.083814758259774180e+01,5.105372587343240554e+01,5.083814758259774180e+01,5.105372587343240554e+01,5.105372587343240554e+01,5.105372587343240554e+01,5.105372587343240554e+01,5.105372587343240554e+01,5.105372587343240554e+01,5.105372587343240554e+01,5.126897870065964469e+01,5.126897870065964469e+01,5.126897870065964469e+01,5.141752984623198586e+01,5.126897870065964469e+01,5.163125696664772590e+01,5.164969383700584160e+01,5.164969383700584160e+01,5.164969383700584160e+01,5.164969383700584160e+01,5.164969383700584160e+01,5.164969383700584160e+01,5.164969383700584160e+01,5.164969383700584160e+01,5.164969383700584160e+01,5.164969383700584160e+01,5.164969383700584160e+01,5.200881813517913344e+01,5.192892604896713493e+01,5.200881813517913344e+01,5.201683379334806290e+01,5.202609203689336681e+01,5.202609203689336681e+01,5.202609203689336681e+01,5.202609203689336681e+01,5.202609203689336681e+01,5.202609203689336681e+01,5.202609203689336681e+01,5.202609203689336681e+01,5.202609203689336681e+01,5.225436504458399867e+01,5.238218763318868554e+01,5.239831829330410784e+01,5.239831829330410784e+01,5.239831829330410784e+01,5.239831829330410784e+01,5.239831829330410784e+01,5.239831829330410784e+01,5.239831829330410784e+01,5.239831829330410784e+01,5.260974376594572988e+01,5.260974376594572988e+01,5.260974376594572988e+01,5.260974376594572988e+01,5.275150083044637483e+01,5.262446237447955610e+01,5.276651327504897893e+01,5.276651327504897893e+01,5.276651327504897893e+01,5.276651327504897893e+01,5.297698392190307715e+01,5.297698392190307715e+01,5.297698392190307715e+01,5.297698392190307715e+01,5.297698392190307715e+01,5.297698392190307715e+01,5.311688910246817130e+01,5.332575733954152497e+01,5.318673483974210825e+01,5.332575733954152497e+01,5.334040103488596429e+01,5.334040103488596429e+01,5.334040103488596429e+01,5.334040103488596429e+01,5.334040103488596429e+01,5.354920389760994226e+01,5.354920389760994226e+01,5.355549245509860867e+01,5.354920389760994226e+01,5.370011726524153772e+01,5.356263415843462639e+01,5.370011726524153772e+01,5.370011726524153772e+01,5.370011726524153772e+01,5.370011726524153772e+01,5.390803131508486246e+01,5.390803131508486246e+01,5.390803131508486246e+01,5.390803131508486246e+01,5.390803131508486246e+01,5.392053711380935965e+01,5.392053711380935965e+01,5.405625055007124047e+01,5.426332705007751400e+01,5.424974731285706753e+01,5.426332705007751400e+01,5.426332705007751400e+01,5.426332705007751400e+01,5.426332705007751400e+01,5.426332705007751400e+01,5.426332705007751400e+01,5.426332705007751400e+01,5.426332705007751400e+01,5.446943755871591719e+01,5.446943755871591719e+01,5.461519723953000494e+01,5.461519723953000494e+01,5.461519723953000494e+01,5.461519723953000494e+01,5.461519723953000494e+01,5.461519723953000494e+01,5.461519723953000494e+01,5.482044528370409608e+01,5.461519723953000494e+01,5.461519723953000494e+01,5.482044528370409608e+01,5.495181556850912585e+01,5.487969946725059600e+01,5.496374414266097119e+01,5.495181556850912585e+01,5.496374414266097119e+01,5.516816542986497041e+01,5.516816542986497041e+01,5.516816542986497041e+01,5.516816542986497041e+01,5.516816542986497041e+01,5.516816542986497041e+01,5.516816542986497041e+01,5.516816542986497041e+01,5.516816542986497041e+01,5.517916503335952427e+01,5.529790671122179191e+01,5.530906610591820538e+01,5.551269043771870315e+01,5.551269043771870315e+01,5.551269043771870315e+01,5.551269043771870315e+01,5.551269043771870315e+01,5.552297378678003525e+01,5.551269043771870315e+01,5.551269043771870315e+01,5.572645685119325520e+01,5.571511686539601271e+01,5.572645685119325520e+01,5.585410925429160756e+01,5.572645685119325520e+01,5.585410925429160756e+01,5.585410925429160756e+01,5.585410925429160756e+01,5.605569696652413825e+01,5.585410925429160756e+01,5.585410925429160756e+01,5.605569696652413825e+01,5.605569696652413825e+01,5.606640338910025889e+01,5.619250733367898931e+01,5.605569696652413825e+01,5.606640338910025889e+01,5.619250733367898931e+01,5.619250733367898931e+01,5.619250733367898931e+01,5.619250733367898931e+01,5.639327620781465811e+01,5.619250733367898931e+01,5.639327620781465811e+01,5.639327620781465811e+01,5.639327620781465811e+01,5.639327620781465811e+01,5.639327620781465811e+01,5.639327620781465811e+01,5.651773848591144400e+01,5.652796665348289906e+01,5.672793236744882250e+01,5.672793236744882250e+01,5.652796665348289906e+01,5.672793236744882250e+01,5.673748394890527891e+01,5.686056574593749247e+01,5.705974015016172984e+01,5.686056574593749247e+01,5.705974015016172984e+01,5.705974015016172984e+01,5.705974015016172984e+01,5.705974015016172984e+01,5.706877143629212412e+01,5.706877143629212412e+01,5.706877143629212412e+01,5.706877143629212412e+01,5.706877143629212412e+01,5.726763938223986372e+01,5.726763938223986372e+01,5.726763938223986372e+01,5.726763938223986372e+01,5.726763938223986372e+01,5.727610282712554834e+01,5.739732053185747418e+01,5.739732053185747418e+01,5.727610282712554834e+01,5.739732053185747418e+01,5.759537318133163097e+01,5.739732053185747418e+01,5.759537318133163097e+01,5.759537318133163097e+01,5.759537318133163097e+01,5.760340049916416660e+01,5.759537318133163097e+01,5.760340049916416660e+01,5.760340049916416660e+01,5.760340049916416660e+01,5.760340049916416660e+01,5.760340049916416660e+01,5.760340049916416660e+01,5.760340049916416660e+01,5.760340049916416660e+01,5.780108985111854736e+01,5.780108985111854736e+01,5.769256178829385107e+01,5.780108985111854736e+01,5.792044087252494933e+01,5.780865268306322946e+01,5.792806929466775756e+01,5.792806929466775756e+01,5.792806929466775756e+01,5.792806929466775756e+01,5.793397291311912767e+01,5.792806929466775756e+01,5.792806929466775756e+01,5.812491161157918640e+01,5.793397291311912767e+01,5.813211859833816675e+01,5.813211859833816675e+01,5.813211859833816675e+01,5.813211859833816675e+01,5.813211859833816675e+01,5.813211859833816675e+01,5.813211859833816675e+01,5.813211859833816675e+01,5.813211859833816675e+01,5.813211859833816675e+01,5.825017165406425335e+01,5.813211859833816675e+01,5.825574173339211370e+01,5.813211859833816675e+01,5.844616719349168221e+01,5.845305389712569166e+01,5.845305389712569166e+01,5.825574173339211370e+01,5.845305389712569166e+01,5.845305389712569166e+01,5.845305389712569166e+01,5.845305389712569166e+01,5.845828118458239686e+01,5.845828118458239686e+01,5.845828118458239686e+01,5.845828118458239686e+01,5.845828118458239686e+01,5.845828118458239686e+01,5.854709608375486596e+01,5.845828118458239686e+01,5.865514302273746949e+01,5.845828118458239686e+01,5.865514302273746949e+01,5.865514302273746949e+01,5.865514302273746949e+01,5.865514302273746949e+01,5.865514302273746949e+01,5.865514302273746949e+01,5.866008055660453380e+01,5.865514302273746949e+01,5.866008055660453380e+01,5.897247136253422894e+01,5.889192899688243443e+01,5.885645641325502453e+01,5.908755710283529794e+01,5.908120751039743368e+01,5.908755710283529794e+01,5.908755710283529794e+01,5.908755710283529794e+01,5.909231232570306247e+01,5.908755710283529794e+01,5.908755710283529794e+01,5.909231232570306247e+01,5.909231232570306247e+01,5.909231232570306247e+01,5.909231232570306247e+01,5.909231232570306247e+01,5.909231232570306247e+01,5.909231232570306247e+01,5.909231232570306247e+01,5.909231232570306247e+01,5.909231232570306247e+01,5.909231232570306247e+01,5.909231232570306247e+01,5.909544736192334113e+01,5.909544736192334113e+01,5.909231232570306247e+01,5.929195088628119237e+01,5.929195088628119237e+01,5.929195088628119237e+01,5.940580194029419658e+01,5.940580194029419658e+01,5.940580194029419658e+01,5.929195088628119237e+01,5.940580194029419658e+01,5.920962676034377381e+01,5.940580194029419658e+01,5.940580194029419658e+01,5.940580194029419658e+01,5.940879178511448089e+01,5.940879178511448089e+01,5.940879178511448089e+01,5.940879178511448089e+01,5.940580194029419658e+01,5.940879178511448089e+01,5.940580194029419658e+01,5.940879178511448089e+01,5.940879178511448089e+01,5.940879178511448089e+01,5.960439851595034355e+01,5.960439851595034355e+01,5.940879178511448089e+01,5.940879178511448089e+01,5.949706512247416157e+01,5.960725353939950111e+01,5.960439851595034355e+01,5.960439851595034355e+01,5.960725353939950111e+01,5.960439851595034355e+01,5.960587478212737267e+01,5.960725353939950111e+01,5.960725353939950111e+01,5.960725353939950111e+01,5.960725353939950111e+01,5.960725353939950111e+01,5.960725353939950111e+01,5.971988423124606271e+01,5.960725353939950111e+01,5.960725353939950111e+01,5.960725353939950111e+01,5.971988423124606271e+01,5.971988423124606271e+01,5.971988423124606271e+01,5.971988423124606271e+01,5.971988423124606271e+01,5.960725353939950111e+01,5.972120536017298065e+01,5.972120536017298065e+01,5.972120536017298065e+01,5.972120536017298065e+01,5.972120536017298065e+01,5.971988423124606271e+01,5.972120536017298065e+01,5.972120536017298065e+01,5.991736054213450302e+01,5.972120536017298065e+01,5.972120536017298065e+01,5.972120536017298065e+01,5.991736054213450302e+01,5.991736054213450302e+01,5.991736054213450302e+01,5.991736054213450302e+01,5.991736054213450302e+01,5.991736054213450302e+01,5.972120536017298065e+01,5.991736054213450302e+01,5.991862655284170813e+01,5.991862655284170813e+01,5.991862655284170813e+01,5.991862655284170813e+01,5.991862655284170813e+01,5.991862655284170813e+01,5.991862655284170813e+01,5.991862655284170813e+01,5.991862655284170813e+01,6.003005582272372465e+01,5.991862655284170813e+01,5.991862655284170813e+01,5.991862655284170813e+01,5.991862655284170813e+01,5.991862655284170813e+01,6.003005582272372465e+01,6.003005582272372465e+01,6.011412943292919664e+01,6.003005582272372465e+01,6.022654168201028568e+01,6.002982050841759332e+01,6.002982050841759332e+01,6.002982050841759332e+01,6.022527737834535344e+01,6.022654168201028568e+01,6.022654168201028568e+01,6.022654168201028568e+01,6.022654168201028568e+01,6.022654168201028568e+01,6.022654168201028568e+01,6.022654168201028568e+01,6.022654168201028568e+01,6.022654168201028568e+01,6.022654168201028568e+01,6.022654168201028568e+01,6.022654168201028568e+01,6.022633135722080056e+01,6.022654168201028568e+01,6.022633135722080056e+01,6.022654168201028568e+01,6.022654168201028568e+01,6.022654168201028568e+01,6.022654168201028568e+01,6.022633135722080056e+01,6.022633135722080056e+01,6.022633135722080056e+01
2.040696705083523810e+01,2.023338981701256856e+01,2.023338981701256856e+01,2.023338981701256856e+01,2.026326363975460154e+01,2.029848407100832830e+01,2.029848407100832830e+01,2.047132723610776495e+01,2.029848407100832830e+01,2.047132723610776495e+01,2.047132723610776495e+01,2.072731424030996550e+01,2.047132723610776495e+01,2.047132723610776495e+01,2.066137324375517892e+01,2.090047305400547373e+01,2.090047305400547373e+01,2.090047305400547373e+01,2.090047305400547373e+01,2.090047305400547373e+01,2.090047305400547373e+01,2.090047305400547373e+01,2.090047305400547373e+01,2.090047305400547373e+01,2.090047305400547373e+01,2.090047305400547373e+01,2.090047305400547373e+01,2.090047305400547373e+01,2.090047305400547373e+01,2.096246524942312206e+01,2.096246524942312206e+01,2.090047305400547373e+01,2.096246524942312206e+01,2.096246524942312206e+01,2.090047305400547373e+01,2.096246524942312206e+01,2.090047305400547373e+01,2.090047305400547373e+01,2.096246524942312206e+01,2.090047305400547373e+01,2.114551006373594433e+01,2.090047305400547373e+01,2.096246524942312206e+01,2.114551006373594433e+01,2.096246524942312206e+01,2.108456471319882652e+01,2.108456471319882652e+01,2.096246524942312206e+01,2.114551006373594433e+01,2.114551006373594433e+01,2.114551006373594433e+01,2.108456471319882652e+01,2.108456471319882652e+01,2.108456471319882652e+01,2.108456471319882652e+01,2.114551006373594433e+01,2.108456471319882652e+01,2.114551006373594433e+01,2.108456471319882652e+01,2.114551006373594433e+01,2.108456471319882652e+01,2.114551006373594433e+01,2.114551006373594433e+01,2.114551006373594433e+01,2.114551006373594433e+01,2.114551006373594433e+01,2.114551006373594433e+01,2.108456471319882652e+01,2.108456471319882652e+01,2.108456471319882652e+01,2.108456471319882652e+01,2.114551006373594433e+01,2.114551006373594433e+01,2.108456471319882652e+01,2.154021252508690765e+01,2.154021252508690765e+01,2.160375692793031277e+01,2.160375692793031277e+01,2.154021252508690765e+01,2.154021252508690765e+01,2.160375692793031277e+01,2.160375692793031277e+01,2.154021252508690765e+01,2.160375692793031277e+01,2.160375692793031277e+01,2.160375692793031277e+01,2.160375692793031277e+01,2.160375692793031277e+01,2.160375692793031277e+01,2.154021252508690765e+01,2.160375692793031277e+01,2.154021252508690765e+01,2.173609641384199165e+01,2.173609641384199165e+01,2.179869088755913964e+01,2.179869088755913964e+01,2.179869088755913964e+01,2.179869088755913964e+01,2.179869088755913964e+01,2.179869088755913964e+01,2.179869088755913964e+01,2.179869088755913964e+01,2.179869088755913964e+01,2.179869088755913964e+01,2.173609641384199165e+01,2.179869088755913964e+01,2.179869088755913964e+01,2.179869088755913964e+01,2.179869088755913964e+01,2.228522781193808555e+01,2.179869088755913964e+01,2.228522781193808555e+01,2.222110828958227202e+01,2.228522781193808555e+01,2.228522781193808555e+01,2.228522781193808555e+01,2.228522781193808555e+01,2.228522781193808555e+01,2.228522781193808555e+01,2.228522781193808555e+01,2.228522781193808555e+01,2.228522781193808555e+01,2.228522781193808555e+01,2.249269148080562886e+01,2.249269148080562886e+01,2.249269148080562886e+01,2.249269148080562886e+01,2.249269148080562886e+01,2.249269148080562886e+01,2.249269148080562886e+01,2.249269148080562886e+01,2.249269148080562886e+01,2.249269148080562886e+01,2.249269148080562886e+01,2.255025759494443349e+01,2.255025759494443349e+01,2.255025759494443349e+01,2.255025759494443349e+01,2.249269148080562886e+01,2.255025759494443349e+01,2.255025759494443349e+01,2.255025759494443349e+01,2.249269148080562886e+01,2.306951235450118887e+01,2.301045913786576236e+01,2.306951235450118887e+01,2.301045913786576236e+01,2.306951235450118887e+01,2.328886679115815639e+01,2.306951235450118887e+01,2.328886679115815639e+01,2.328886679115815639e+01,2.328886679115815639e+01,2.328886679115815639e+01,2.328886679115815639e+01,2.328886679115815639e+01,2.328886679115815639e+01,2.328886679115815639e+01,2.328886679115815639e+01,2.328886679115815639e+01,2.328886679115815639e+01,2.328886679115815639e+01,2.328886679115815639e+01,2.328886679115815639e+01,2.384122099010610185e+01,2.384122099010610185e+01,2.384122099010610185e+01,2.384122099010610185e+01,2.384122099010610185e+01,2.384122099010610185e+01,2.432060642404730899e+01,2.432060642404730899e+01,2.432060642404730899e+01,2.432060642404730899e+01,2.432060642404730899e+01,2.432060642404730899e+01,2.432060642404730899e+01,2.432060642404730899e+01,2.432060642404730899e+01,2.432060642404730899e+01,2.432060642404730899e+01,2.432060642404730899e+01,2.432060642404730899e+01,2.432060642404730899e+01,2.432060642404730899e+01,2.432060642404730899e+01,2.432060642404730899e+01,2.432060642404730899e+01,2.432060642404730899e+01,2.432060642404730899e+01,2.432060642404730899e+01,2.432060642404730899e+01,2.432060642404730899e+01,2.432060642404730899e+01,2.432060642404730899e+01,2.432060642404730899e+01,2.457905939575112697e+01,2.457905939575112697e+01,2.457905939575112697e+01,2.517208078668765836e+01,2.457905939575112697e+01,2.517208078668765836e+01,2.457905939575112697e+01,2.517208078668765836e+01,2.517208078668765836e+01,2.517208078668765836e+01,2.517208078668765836e+01,2.517208078668765836e+01,2.517208078668765836e+01,2.517208078668765836e+01,2.517208078668765836e+01,2.517208078668765836e+01,2.517208078668765836e+01,2.512324754372753333e+01,2.517208078668765836e+01,2.517208078668765836e+01,2.544993635992612369e+01,2.544316386317738932e+01,2.517208078668765836e+01,2.539973984098662996e+01,2.544316386317738932e+01,2.529277516854972774e+01,2.544316386317738932e+01,2.544316386317738932e+01,2.606486867119513207e+01,2.602617295011237886e+01,2.604357644265500937e+01,2.606486867119513207e+01,2.602617295011237886e+01,2.606486867119513207e+01,2.606486867119513207e+01,2.606486867119513207e+01,2.602617295011237886e+01,2.602617295011237886e+01,2.606486867119513207e+01,2.602617295011237886e+01,2.606486867119513207e+01,2.606486867119513207e+01,2.602617295011237886e+01,2.606486867119513207e+01,2.602617295011237886e+01,2.602617295011237886e+01,2.602617295011237886e+01,2.602617295011237886e+01,2.606486867119513207e+01,2.631014038685317402e+01,2.602617295011237886e+01,2.631014038685317402e+01,2.631014038685317402e+01,2.631014038685317402e+01,2.631014038685317402e+01,2.631014038685317402e+01,2.631014038685317402e+01,2.632501483720045599e+01,2.631014038685317402e+01,2.631014038685317402e+01,2.631014038685317402e+01,2.695072440868937491e+01,2.631014038685317402e+01,2.631014038685317402e+01,2.695072440868937491e+01,2.695072440868937491e+01,2.695072440868937491e+01,2.695072440868937491e+01,2.695072440868937491e+01,2.695072440868937491e+01,2.695072440868937491e+01,2.695072440868937491e+01,2.695072440868937491e+01,2.695072440868937491e+01,2.695072440868937491e+01,2.695072440868937491e+01,2.723956172571378787e+01,2.695072440868937491e+01,2.723956172571378787e+01,2.695072440868937491e+01,2.695072440868937491e+01,2.695072440868937491e+01,2.723956172571378787e+01,2.723956172571378787e+01,2.695072440868937491e+01,2.723956172571378787e+01,2.723956172571378787e+01,2.723956172571378787e+01,2.723956172571378787e+01,2.723956172571378787e+01,2.723956172571378787e+01,2.723956172571378787e+01,2.723956172571378787e+01,2.723956172571378787e+01,2.723956172571378787e+01,2.723956172571378787e+01,2.723956172571378787e+01,2.723956172571378787e+01,2.723956172571378787e+01,2.723956172571378787e+01,2.723956172571378787e+01,2.723956172571378787e+01,2.723956172571378787e+01,2.723956172571378787e+01,2.723956172571378787e+01,2.723956172571378787e+01,2.723956172571378787e+01,2.788448027069879842e+01,2.817693058862914057e+01,2.753705818946427897e+01,2.788448027069879842e+01,2.817693058862914057e+01,2.817693058862914057e+01,2.817693058862914057e+01,2.817693058862914057e+01,2.817693058862914057e+01,2.817693058862914057e+01,2.817693058862914057e+01,2.817693058862914057e+01,2.817693058862914057e+01,2.817693058862914057e+01,2.817693058862914057e+01,2.817693058862914057e+01,2.817693058862914057e+01,2.817693058862914057e+01,2.817693058862914057e+01,2.817693058862914057e+01,2.817693058862914057e+01,2.817693058862914057e+01,2.817693058862914057e+01,2.817693058862914057e+01,2.817693058862914057e+01,2.817693058862914057e+01,2.817693058862914057e+01,2.817693058862914057e+01,2.817693058862914057e+01,2.816695971606547033e+01,2.817693058862914057e+01,2.817693058862914057e+01,2.847668135439188575e+01,2.847668135439188575e+01,2.847668135439188575e+01,2.847668135439188575e+01,2.847668135439188575e+01,2.847668135439188575e+01,2.847668135439188575e+01,2.847668135439188575e+01,2.847668135439188575e+01,2.847668135439188575e+01,2.847668135439188575e+01,2.910862863327970373e+01,2.847668135439188575e+01,2.910862863327970373e+01,2.910862863327970373e+01,2.910072122681342677e+01,2.910072122681342677e+01,2.847668135439188575e+01,2.910072122681342677e+01,2.910862863327970373e+01,2.910862863327970373e+01,2.910862863327970373e+01,2.910862863327970373e+01,2.940939199957263384e+01,2.910862863327970373e+01,2.910072122681342677e+01,2.940939199957263384e+01,2.940939199957263384e+01,2.940939199957263384e+01,2.940939199957263384e+01,2.940939199957263384e+01,2.940543072888526765e+01,2.940939199957263384e+01,2.940543072888526765e+01,2.940939199957263384e+01,2.940939199957263384e+01,2.940939199957263384e+01,2.940543072888526765e+01,2.940543072888526765e+01,2.940543072888526765e+01,2.940939199957263384e+01,2.940543072888526765e+01,2.940939199957263384e+01,2.940939199957263384e+01,2.940939199957263384e+01,2.940543072888526765e+01,2.940664960076905388e+01,2.940939199957263384e+01,2.940939199957263384e+01,2.940939199957263384e+01,2.971484869512522309e+01,2.971484108311488015e+01,3.002198729879805583e+01,3.031589192895612683e+01,2.971557432894553941e+01,3.032289592910540676e+01,2.971484869512522309e+01,3.031589192895612683e+01,3.031589192895612683e+01,2.971557432894553941e+01,3.031589192895612683e+01,3.031589192895612683e+01,3.032289592910540676e+01,3.031589192895612683e+01,3.031589192895612683e+01,3.032289592910540676e+01,3.031589192895612683e+01,3.031589192895612683e+01,3.031589192895612683e+01,3.032289592910540676e+01,3.031589192895612683e+01,3.062441449070005461e+01,3.031589192895612683e+01,3.032289592910540676e+01,3.062441449070005461e+01,3.062441449070005461e+01,3.062441449070005461e+01,3.119544602830265490e+01,3.119544602830265490e+01,3.119544602830265490e+01,3.119544602830265490e+01,3.119544602830265490e+01,3.119544602830265490e+01,3.119544602830265490e+01,3.119544602830265490e+01,3.119544602830265490e+01,3.119544602830265490e+01,3.119544602830265490e+01,3.119544602830265490e+01,3.119544602830265490e+01,3.119544602830265490e+01,3.119544602830265490e+01,3.150191827367057229e+01,3.150191827367057229e+01,3.150191827367057229e+01,3.150191827367057229e+01,3.150191827367057229e+01,3.150191827367057229e+01,3.150191827367057229e+01,3.150191827367057229e+01,3.150191827367057229e+01,3.150191827367057229e+01,3.150191827367057229e+01,3.150191827367057229e+01,3.150191827367057229e+01,3.150191827367057229e+01,3.150191827367057229e+01,3.150191827367057229e+01,3.150191827367057229e+01,3.150191827367057229e+01,3.150191827367057229e+01,3.150191827367057229e+01,3.181068526199017654e+01,3.181068526199017654e+01,3.181068526199017654e+01,3.181068526199017654e+01,3.181068526199017654e+01,3.234404658728780646e+01,3.181068526199017654e+01,3.181068526199017654e+01,3.205426472128463899e+01,3.234404658728780646e+01,3.234404658728780646e+01,3.234404658728780646e+01,3.234404658728780646e+01,3.234404658728780646e+01,3.284847281507133943e+01,3.284847281507133943e+01,3.284847281507133943e+01,3.314911677434550796e+01,3.314911677434550796e+01,3.314911677434550796e+01,3.314911677434550796e+01,3.314911677434550796e+01,3.314911677434550796e+01,3.314911677434550796e+01,3.314911677434550796e+01,3.314911677434550796e+01,3.314911677434550796e+01,3.314911677434550796e+01,3.314911677434550796e+01,3.314911677434550796e+01,3.314911677434550796e+01,3.314911677434550796e+01,3.345070975668445357e+01,3.345070975668445357e+01,3.345070975668445357e+01,3.345070975668445357e+01,3.345070975668445357e+01,3.345070975668445357e+01,3.345070975668445357e+01,3.345070975668445357e+01,3.391710391404785696e+01,3.391710391404785696e+01,3.391710391404785696e+01,3.391710391404785696e+01,3.391710391404785696e+01,3.391710391404785696e+01,3.421397980779628512e+01,3.421397980779628512e+01,3.421397980779628512e+01,3.421397980779628512e+01,3.421397980779628512e+01,3.464915486290637148e+01,3.464915486290637148e+01,3.464915486290637148e+01,3.464915486290637148e+01,3.464915486290637148e+01,3.464915486290637148e+01,3.464915486290637148e+01,3.464915486290637148e+01,3.494044109953538424e+01,3.494044109953538424e+01,3.534724446473801152e+01,3.494044109953538424e+01,3.534724446473801152e+01,3.534724446473801152e+01,3.534724446473801152e+01,3.534724446473801152e+01,3.534724446473801152e+01,3.534724446473801152e+01,3.534724446473801152e+01,3.534724446473801152e+01,3.534724446473801152e+01,3.573437584868950978e+01,3.563215443632919488e+01,3.601388848775336982e+01,3.601388848775336982e+01,3.601388848775336982e+01,3.601388848775336982e+01,3.601388848775336982e+01,3.601388848775336982e+01,3.601388848775336982e+01,3.601388848775336982e+01,3.601388848775336982e+01,3.629182279011644141e+01,3.629182279011644141e+01,3.629182279011644141e+01,3.629182279011644141e+01,3.634612855370502871e+01,3.634612855370502871e+01,3.629182279011644141e+01,3.670927809964572219e+01,3.670927809964572219e+01,3.665188370837078224e+01,3.665188370837078224e+01,3.692246854073283657e+01,3.698155384952417535e+01,3.692246854073283657e+01,3.732465595279579418e+01,3.732465595279579418e+01,3.732465595279579418e+01,3.732465595279579418e+01,3.732465595279579418e+01,3.732465595279579418e+01,3.758967907664855801e+01,3.758967907664855801e+01,3.758967907664855801e+01,3.758967907664855801e+01,3.758967907664855801e+01,3.758967907664855801e+01,3.758967907664855801e+01,3.758967907664855801e+01,3.791592235148621626e+01,3.842740325625777587e+01,3.842740325625777587e+01,3.842740325625777587e+01,3.842740325625777587e+01,3.842740325625777587e+01,3.842740325625777587e+01,3.873608801139309321e+01,3.873608801139309321e+01,3.873608801139309321e+01,3.873608801139309321e+01,3.898235440414667607e+01,3.898235440414667607e+01,3.898235440414667607e+01,3.898235440414667607e+01,3.898235440414667607e+01,3.898235440414667607e+01,3.898235440414667607e+01,3.898235440414667607e+01,3.898235440414667607e+01,3.898235440414667607e+01,3.951873952818630897e+01,3.951873952818630897e+01,3.951873952818630897e+01,3.951873952818630897e+01,3.951873952818630897e+01,3.951873952818630897e+01,3.951873952818630897e+01,4.003886140285956685e+01,4.003886140285956685e+01,4.003886140285956685e+01,4.003886140285956685e+01,4.003886140285956685e+01,4.003886140285956685e+01,4.003886140285956685e+01,4.003886140285956685e+01,4.054468465662990440e+01,4.054468465662990440e+01,4.054468465662990440e+01,4.054468465662990440e+01,4.061270529927496398e+01,4.054468465662990440e+01,4.054468465662990440e+01,4.054468465662990440e+01,4.061270529927496398e+01,4.098404437601667638e+01,4.106784376778588808e+01,4.110471547025526462e+01,4.103787135952926945e+01,4.103787135952926945e+01,4.110471547025526462e+01,4.137085385561749007e+01,4.158517884702288114e+01,4.158517884702288114e+01,4.158517884702288114e+01,4.158517884702288114e+01,4.158517884702288114e+01,4.158517884702288114e+01,4.158517884702288114e+01,4.184687313937494224e+01,4.205537403830703624e+01,4.205537403830703624e+01,4.205537403830703624e+01,4.205537403830703624e+01,4.231339722276125315e+01,4.231339722276125315e+01,4.231339722276125315e+01,4.251636486713213259e+01,4.277132259690806393e+01,4.277132259690806393e+01,4.277132259690806393e+01,4.277132259690806393e+01,4.277132259690806393e+01,4.277132259690806393e+01,4.277132259690806393e+01,4.277132259690806393e+01,4.277132259690806393e+01,4.277132259690806393e+01,4.322139259058642580e+01,4.322139259058642580e+01,4.322139259058642580e+01,4.316443867425777370e+01,4.322139259058642580e+01,4.347250112700829305e+01,4.366422127490867666e+01,4.366422127490867666e+01,4.366422127490867666e+01,4.366422127490867666e+01,4.366422127490867666e+01,4.366422127490867666e+01,4.366422127490867666e+01,4.391324154648762601e+01,4.391324154648762601e+01,4.391324154648762601e+01,4.391324154648762601e+01,4.391324154648762601e+01,4.410031459848084978e+01,4.410031459848084978e+01,4.434743847207376888e+01,4.434743847207376888e+01,4.434743847207376888e+01,4.459387748996071821e+01,4.459387748996071821e+01,4.477544298861700156e+01,4.459387748996071821e+01,4.477544298861700156e+01,4.477544298861700156e+01,4.477544298861700156e+01,4.477544298861700156e+01,4.502008687560111611e+01,4.502008687560111611e+01,4.502008687560111611e+01,4.502008687560111611e+01,4.519754721813241360e+01,4.544043581684428545e+01,4.544043581684428545e+01,4.544043581684428545e+01,4.548664364649121694e+01,4.548664364649121694e+01,4.548664364649121694e+01,4.548664364649121694e+01,4.572685764664529273e+01,4.590034396777663517e+01,4.590034396777663517e+01,4.590034396777663517e+01,4.590034396777663517e+01,4.590034396777663517e+01,4.590034396777663517e+01,4.590034396777663517e+01,4.590034396777663517e+01,4.618197341121945954e+01,4.635272742207668273e+01,4.635272742207668273e+01,4.635272742207668273e+01,4.635272742207668273e+01,4.658790013144265885e+01,4.658790013144265885e+01,4.658790013144265885e+01,4.658790013144265885e+01,4.658790013144265885e+01,4.682256892259687220e+01,4.698874893820558185e+01,4.698874893820558185e+01,4.698874893820558185e+01,4.722174772361040596e+01,4.722174772361040596e+01,4.722174772361040596e+01,4.722174772361040596e+01,4.722174772361040596e+01,4.722174772361040596e+01,4.722174772361040596e+01,4.722174772361040596e+01,4.738466462123710699e+01,4.765520529636781788e+01,4.765520529636781788e+01,4.765520529636781788e+01,4.765520529636781788e+01,4.765520529636781788e+01,4.784640235588733503e+01,4.788460046455673336e+01,4.788460046455673336e+01,4.788460046455673336e+01,4.788460046455673336e+01,4.788460046455673336e+01,4.811324411904188736e+01,4.804424073475772161e+01,4.827193000147930491e+01,4.827193000147930491e+01,4.827193000147930491e+01,4.827193000147930491e+01,4.827193000147930491e+01,4.827193000147930491e+01,4.827193000147930491e+01,4.827193000147930491e+01,4.830904333369321790e+01,4.849875059014635781e+01,4.849875059014635781e+01,4.869156952703126251e+01,4.865465325934646046e+01,4.869156952703126251e+01,4.869156952703126251e+01,4.891588430997851589e+01,4.891588430997851589e+01,4.891588430997851589e+01,4.891588430997851589e+01,4.891588430997851589e+01,4.891588430997851589e+01,4.891588430997851589e+01,4.891588430997851589e+01,4.891588430997851589e+01,4.891588430997851589e+01,4.913932371316587933e+01,4.922155922816343576e+01,4.929229844685558248e+01,4.913932371316587933e+01,4.929229844685558248e+01,4.944349761663260523e+01,4.947918867628113304e+01,4.966444235021929643e+01,4.966444235021929643e+01,4.969959278638151545e+01,4.969959278638151545e+01,4.966444235021929643e+01,4.969959278638151545e+01,4.969959278638151545e+01,4.991908737438343024e+01,4.991908737438343024e+01,4.991908737438343024e+01,4.991908737438343024e+01,4.991908737438343024e+01,4.991908737438343024e+01,4.991908737438343024e+01,4.991908737438343024e+01,4.991908737438343024e+01,4.991908737438343024e+01,4.995274531734455792e+01,4.995274531734455792e+01,5.017095633392500531e+01,5.017095633392500531e+01,5.017095633392500531e+01,5.017095633392500531e+01,5.031916526711987814e+01,5.017095633392500531e+01,5.031916526711987814e+01,5.031916526711987814e+01,5.031916526711987814e+01,5.031916526711987814e+01,5.031916526711987814e+01,5.053574179483251072e+01,5.053574179483251072e+01,5.053574179483251072e+01,5.053574179483251072e+01,5.056806403566852026e+01,5.056806403566852026e+01,5.056806403566852026e+01,5.056806403566852026e+01,5.056806403566852026e+01,5.053574179483251072e+01,5.053574179483251072e+01,5.056806403566852026e+01,5.075142821497089329e+01,5.078351668858429946e+01,5.078351668858429946e+01,5.078351668858429946e+01,5.078351668858429946e+01,5.078351668858429946e+01,5.078351668858429946e+01,5.078351668858429946e+01,5.078351668858429946e+01,5.092906167635193526e+01,5.078351668858429946e+01,5.078351668858429946e+01,5.081442908892137211e+01,5.092906167635193526e+01,5.092906167635193526e+01,5.081442908892137211e+01,5.096038797017433097e+01,5.114290420481873412e+01,5.117406515732727712e+01,5.117406515732727712e+01,5.117406515732727712e+01,5.117406515732727712e+01,5.117406515732727712e+01,5.117406515732727712e+01,5.117406515732727712e+01,5.117406515732727712e+01,5.117406515732727712e+01,5.138692050615821216e+01,5.138692050615821216e+01,5.138692050615821216e+01,5.138692050615821216e+01,5.138692050615821216e+01,5.138692050615821216e+01,5.138692050615821216e+01,5.141675973688762724e+01,5.141675973688762724e+01,5.138692050615821216e+01,5.141675973688762724e+01,5.138692050615821216e+01,5.141675973688762724e+01,5.162875129798855767e+01,5.141675973688762724e+01,5.151225281574317449e+01,5.141675973688762724e+01,5.162875129798855767e+01,5.162875129798855767e+01,5.162875129798855767e+01,5.177129122097734637e+01,5.177129122097734637e+01,5.177129122097734637e+01,5.177129122097734637e+01,5.162875129798855767e+01,5.177129122097734637e+01,5.180019570136129659e+01,5.177129122097734637e+01,5.180019570136129659e+01,5.180019570136129659e+01,5.201060169608411599e+01,5.198167571520371411e+01,5.201060169608411599e+01,5.201060169608411599e+01,5.180019570136129659e+01,5.201060169608411599e+01,5.201060169608411599e+01,5.201060169608411599e+01,5.201060169608411599e+01,5.201060169608411599e+01,5.201060169608411599e+01,5.201060169608411599e+01,5.201060169608411599e+01,5.201060169608411599e+01,5.201060169608411599e+01,5.217932476457284707e+01,5.217932476457284707e+01,5.203821463277168391e+01,5.203821463277168391e+01,5.216411357395388393e+01,5.217932476457284707e+01,5.217932476457284707e+01,5.217932476457284707e+01,5.238824690280414131e+01,5.238824690280414131e+01,5.238824690280414131e+01,5.238824690280414131e+01,5.238824690280414131e+01,5.238824690280414131e+01,5.238824690280414131e+01,5.238824690280414131e+01,5.238824690280414131e+01,5.238824690280414131e+01,5.238824690280414131e+01,5.241493611782842521e+01,5.240043110649908442e+01,5.241493611782842521e+01,5.259636281011295722e+01,5.262321302996878103e+01,5.247780318150989842e+01,5.276179501782834791e+01,5.276179501782834791e+01,5.268573422493694380e+01,5.264775392083416961e+01,5.276179501782834791e+01,5.276179501782834791e+01,5.276179501782834791e+01,5.276179501782834791e+01,5.276179501782834791e+01,5.276179501782834791e+01,5.276179501782834791e+01,5.276179501782834791e+01,5.276179501782834791e+01,5.296850097856427197e+01,5.296850097856427197e+01,5.299449187861284116e+01,5.299449187861284116e+01,5.310506296824901540e+01,5.313135218072665822e+01,5.313135218072665822e+01,5.313135218072665822e+01,5.320060284664710082e+01,5.313135218072665822e+01,5.333672959714748174e+01,5.314271765479913512e+01,5.333672959714748174e+01,5.333672959714748174e+01,5.336186518310841365e+01,5.336186518310841365e+01,5.336186518310841365e+01,5.336186518310841365e+01,5.336186518310841365e+01,5.336186518310841365e+01,5.338552441280011607e+01,5.356667998505613326e+01,5.336186518310841365e+01,5.356667998505613326e+01,5.370114614058446278e+01,5.370114614058446278e+01,5.370114614058446278e+01,5.359069596765019128e+01,5.370114614058446278e+01,5.372543395427852175e+01,5.372543395427852175e+01,5.372543395427852175e+01,5.372543395427852175e+01,5.372543395427852175e+01,5.372543395427852175e+01,5.372543395427852175e+01,5.372543395427852175e+01,5.374821471926061633e+01,5.372543395427852175e+01,5.374821471926061633e+01,5.388194863613549757e+01,5.395221923887407200e+01,5.395221923887407200e+01,5.395221923887407200e+01,5.408529699079266351e+01,5.408529699079266351e+01,5.408529699079266351e+01,5.408529699079266351e+01,5.408529699079266351e+01,5.408529699079266351e+01,5.428772192929795182e+01,5.429798515123317060e+01,5.431011319672749238e+01,5.410721387146852379e+01,5.431011319672749238e+01,5.431011319672749238e+01,5.431011319672749238e+01,5.436941303543074611e+01,5.444155078912012868e+01,5.444155078912012868e+01,5.431011319672749238e+01,5.444155078912012868e+01,5.431011319672749238e+01,5.444155078912012868e+01,5.444155078912012868e+01,5.444155078912012868e+01,5.464287017469201402e+01,5.464287017469201402e+01,5.464287017469201402e+01,5.466447127085655211e+01,5.466447127085655211e+01,5.466447127085655211e+01,5.466447127085655211e+01,5.466447127085655211e+01,5.479428946521522903e+01,5.479428946521522903e+01,5.479428946521522903e+01,5.499455544267309648e+01,5.500412033432816372e+01,5.499455544267309648e+01,5.499455544267309648e+01,5.499455544267309648e+01,5.499455544267309648e+01,5.499455544267309648e+01,5.499455544267309648e+01,5.501538452569983662e+01,5.510543176130808973e+01,5.521520358685878449e+01,5.521520358685878449e+01,5.521520358685878449e+01,5.521520358685878449e+01,5.534286417667169644e+01,5.534286417667169644e+01,5.534286417667169644e+01,5.534286417667169644e+01,5.534286417667169644e+01,5.534286417667169644e+01,5.536294160213402193e+01,5.556175722975602582e+01,5.556175722975602582e+01,5.554105474970877054e+01,5.556175722975602582e+01,5.556175722975602582e+01,5.556175722975602582e+01,5.556175722975602582e+01,5.556175722975602582e+01,5.568788060729448830e+01,5.556175722975602582e+01,5.556175722975602582e+01,5.568788060729448830e+01,5.568788060729448830e+01,5.588505994156324164e+01,5.588505994156324164e+01,5.590507914168802017e+01,5.588505994156324164e+01,5.588505994156324164e+01,5.590507914168802017e+01,5.588505994156324164e+01,5.590507914168802017e+01,5.602968671156445879e+01,5.590507914168802017e+01,5.590507914168802017e+01,5.590507914168802017e+01,5.622589110314675054e+01,5.610178424955078214e+01,5.622589110314675054e+01,5.622589110314675054e+01,5.622589110314675054e+01,5.622589110314675054e+01,5.622589110314675054e+01,5.622589110314675054e+01,5.622589110314675054e+01,5.624524860837721008e+01,5.622589110314675054e+01,5.622589110314675054e+01,5.642091804892299223e+01,5.624524860837721008e+01,5.644097304074328036e+01,5.644097304074328036e+01,5.644097304074328036e+01,5.656362394483520717e+01,5.656362394483520717e+01,5.656362394483520717e+01,5.656362394483520717e+01,5.656362394483520717e+01,5.656362394483520717e+01,5.656362394483520717e+01,5.675766106855092374e+01,5.675766106855092374e+01,5.675766106855092374e+01,5.675766106855092374e+01,5.675766106855092374e+01,5.675766106855092374e+01,5.688773490106416375e+01,5.687873516748371117e+01,5.675766106855092374e+01,5.677711589284625404e+01,5.677711589284625404e+01,5.689833213852806892e+01,5.689833213852806892e+01,5.689833213852806892e+01,5.691643612327862201e+01,5.691643612327862201e+01,5.711028412072989369e+01,5.711028412072989369e+01,5.711028412072989369e+01,5.711028412072989369e+01,5.711028412072989369e+01,5.730282439821508689e+01,5.730282439821508689e+01,5.730282439821508689e+01,5.730282439821508689e+01,5.742222679562262755e+01,5.744054703434013476e+01,5.742222679562262755e+01,5.742222679562262755e+01,5.744054703434013476e+01,5.761303299202667461e+01,5.761303299202667461e+01,5.761303299202667461e+01,5.763213695365785583e+01,5.761303299202667461e+01,5.763213695365785583e+01,5.763213695365785583e+01,5.763213695365785583e+01,5.763213695365785583e+01,5.771790604549873649e+01,5.763213695365785583e+01,5.782235521990259031e+01,5.776797193528339847e+01,5.782235521990259031e+01,5.794003135866808663e+01,5.776797193528339847e+01,5.794003135866808663e+01,5.794003135866808663e+01,5.794003135866808663e+01,5.795863194596616808e+01,5.794003135866808663e+01,5.795863194596616808e+01,5.795863194596616808e+01,5.795863194596616808e+01,5.814787445038400193e+01,5.795863194596616808e+01,5.797580908940427946e+01,5.795863194596616808e+01,5.814787445038400193e+01,5.814787445038400193e+01,5.828237221279852065e+01,5.826425374626803233e+01,5.816589607094712022e+01,5.816589607094712022e+01,5.828237221279852065e+01,5.828237221279852065e+01,5.816589607094712022e+01,5.828237221279852065e+01,5.828237221279852065e+01,5.828237221279852065e+01,5.828237221279852065e+01,5.828237221279852065e+01,5.847065783835777353e+01,5.858576094145328739e+01,5.829907454296752434e+01,5.848822971914555069e+01,5.847065783835777353e+01,5.860341881873753067e+01,5.850439779039808741e+01,5.858576094145328739e+01,5.871753043079507961e+01,5.860341881873753067e+01,5.860341881873753067e+01,5.861967000313280352e+01,5.873386156758591881e+01,5.871753043079507961e+01,5.891253093333474311e+01,5.892183106338018206e+01,5.892183106338018206e+01,5.892183106338018206e+01,5.892183106338018206e+01,5.910825169124140643e+01,5.900591282076376842e+01,5.892183106338018206e+01,5.910825169124140643e+01,5.892183106338018206e+01,5.910825169124140643e+01,5.910825169124140643e+01,5.910825169124140643e+01,5.910825169124140643e+01,5.910825169124140643e+01,5.912498812540001580e+01,5.910825169124140643e+01,5.910825169124140643e+01,5.912498812540001580e+01,5.912498812540001580e+01,5.910825169124140643e+01,5.912498812540001580e+01,5.923766649425214581e+01,5.920877061764404203e+01,5.923766649425214581e+01,5.923766649425214581e+01,5.912498812540001580e+01,5.942317554250107747e+01,5.943952615283414787e+01,5.964027435790634257e+01,5.962433671754858722e+01,5.964027435790634257e+01,5.962433671754858722e+01,5.975157609898078448e+01,5.964027435790634257e+01,5.975157609898078448e+01,5.975157609898078448e+01,5.975157609898078448e+01,5.976621267175983832e+01,5.976621267175983832e+01,5.975157609898078448e+01,5.984960773932028388e+01,5.976621267175983832e+01,5.976621267175983832e+01,5.976621267175983832e+01,5.976621267175983832e+01,5.986332654414382404e+01,5.995106731643363673e+01,5.995106731643363673e+01,5.995106731643363673e+01,5.995106731643363673e+01,5.996533980745042669e+01,5.996533980745042669e+01,5.996533980745042669e+01,5.996533980745042669e+01,5.996533980745042669e+01,5.996533980745042669e+01,5.996533980745042669e+01,5.995106731643363673e+01,5.996533980745042669e+01,5.996533980745042669e+01,5.997825606403274179e+01,5.997825606403274179e+01,5.996533980745042669e+01,5.997825606403274179e+01,5.996533980745042669e+01,6.004841479961968531e+01,6.014947228780722099e+01,6.014947228780722099e+01,5.996533980745042669e+01,6.016341909265942434e+01,6.016341909265942434e+01,6.016341909265942434e+01,6.016341909265942434e+01,6.016341909265942434e+01,6.016341909265942434e+01,6.016341909265942434e+01,6.027343115031015941e+01,6.027343115031015941e+01,6.027343115031015941e+01,6.045663812083012090e+01,6.016341909265942434e+01,6.017603194942882538e+01,6.028607223359131240e+01,6.045663812083012090e+01,6.045663812083012090e+01,6.047031788881160708e+01,6.047031788881160708e+01,6.047031788881160708e+01,6.047031788881160708e+01,6.047031788881160708e+01,6.047031788881160708e+01,6.047031788881160708e+01,6.047031788881160708e+01,6.047031788881160708e+01,6.047031788881160708e+01,6.047031788881160708e+01,6.047031788881160708e+01,6.047031788881160708e+01,6.047031788881160708e+01,6.047031788881160708e+01,6.048268523795074714e+01,6.048268523795074714e+01,6.048268523795074714e+01,6.048268523795074714e+01,6.066617510629187393e+01,6.048268523795074714e+01,6.048268523795074714e+01,6.048268523795074714e+01,6.066617510629187393e+01,6.066617510629187393e+01,6.048268523795074714e+01,6.066617510629187393e+01,6.066617510629187393e+01,6.067830608339139786e+01,6.066617510629187393e+01,6.067830608339139786e+01,6.067830608339139786e+01,6.067830608339139786e+01,6.067830608339139786e+01,6.067830608339139786e+01,6.067830608339139786e+01,6.067830608339139786e+01,6.067830608339139786e+01,6.067830608339139786e+01,6.067830608339139786e+01,6.067830608339139786e+01,6.067830608339139786e+01,6.067830608339139786e+01,6.067830608339139786e+01,6.067830608339139786e+01,6.068913064764531384e+01,6.067830608339139786e+01,6.068913064764531384e+01,6.067830608339139786e+01,6.067830608339139786e+01,6.067830608339139786e+01,6.068913064764531384e+01,6.067830608339139786e+01,6.087294699140958443e+01,6.067830608339139786e+01,6.068913064764531384e+01,6.068913064764531384e+01,6.087294699140958443e+01,6.087294699140958443e+01,6.077208426077583425e+01,6.087294699140958443e+01,6.087789905365846010e+01,6.069863292917511188e+01,6.087294699140958443e+01,6.068913064764531384e+01,6.087294699140958443e+01,6.088359749387586817e+01,6.088359749387586817e+01,6.088359749387586817e+01,6.088359749387586817e+01,6.088359749387586817e+01,6.087294699140958443e+01,6.088359749387586817e+01,6.087294699140958443e+01,6.088359749387586817e+01,6.088359749387586817e+01,6.088359749387586817e+01,6.089295372172265530e+01,6.089295372172265530e+01,6.088359749387586817e+01,6.088359749387586817e+01,6.088359749387586817e+01,6.089295372172265530e+01,6.089295372172265530e+01,6.089295372172265530e+01,6.089295372172265530e+01,6.089295372172265530e+01,6.089295372172265530e+01,6.089295372172265530e+01,6.089295372172265530e+01,6.089295372172265530e+01,6.089295372172265530e+01,6.089295372172265530e+01,6.089295372172265530e+01,6.089295372172265530e+01,6.089295372172265530e+01,6.089295372172265530e+01,6.089295372172265530e+01,6.089295372172265530e+01,6.089295372172265530e+01,6.090100368857498125e+01,6.089295372172265530e+01,6.090100368857498125e+01,6.089295372172265530e+01,6.090100368857498125e+01,6.089295372172265530e+01,6.089295372172265530e+01,6.089673851298621798e+01,6.108637650658060636e+01,6.090773712790907268e+01,6.090419720210371679e+01,6.090100368857498125e+01,6.090100368857498125e+01,6.090100368857498125e+01,6.090100368857498125e+01,6.090773712790907268e+01,6.090100368857498125e+01,6.090773712790907268e+01,6.090773712790907268e+01,6.090773712790907268e+01,6.090773712790907268e+01,6.090100368857498125e+01,6.109434562318100603e+01,6.101633221005790375e+01,6.109434562318100603e+01,6.101633221005790375e+01,6.109434562318100603e+01,6.101633221005790375e+01,6.102174313371328651e+01,6.090773712790907268e+01,6.109434562318100603e+01,6.109434562318100603e+01,6.102174313371328651e+01,6.120274222623432081e+01,6.110103040218913861e+01,6.120941969120111992e+01,6.120941969120111992e+01,6.109434562318100603e+01,6.120274222623432081e+01,6.120941969120111992e+01,6.110103040218913861e+01,6.120274222623432081e+01,6.120941969120111992e+01,6.102174313371328651e+01,6.120941969120111992e+01,6.114991361802961478e+01,6.120941969120111992e+01,6.120941969120111992e+01,6.120941969120111992e+01,6.120941969120111992e+01,6.120941969120111992e+01,6.120941969120111992e+01,6.120941969120111992e+01,6.120941969120111992e+01,6.120941969120111992e+01,6.120941969120111992e+01,6.120941969120111992e+01,6.120941969120111992e+01,6.120941969120111992e+01,6.120941969120111992e+01,6.120941969120111992e+01,6.121480766352424752e+01,6.120941969120111992e+01,6.120941969120111992e+01,6.121480766352424752e+01,6.121480766352424752e+01,6.121480766352424752e+01,6.121480766352424752e+01,6.121480766352424752e+01,6.121480766352424752e+01,6.121480766352424752e+01,6.121480766352424752e+01,6.121480766352424752e+01,6.121480766352424752e+01,6.121480766352424752e+01,6.121480766352424752e+01,6.121480766352424752e+01
3.654399187126787041e+01,3.654399187126787041e+01,3.664865326582077643e+01,3.664865326582077643e+01,3.654399187126787041e+01,3.654399187126787041e+01,3.654399187126787041e+01,3.664865326582077643e+01,3.654399187126787041e+01,3.654399187126787041e+01,3.664865326582077643e+01,3.664865326582077643e+01,3.664865326582077643e+01,3.664865326582077643e+01,3.664865326582077643e+01,3.672636024030954616e+01,3.672636024030954616e+01,3.623524759342958390e+01,3.672636024030954616e+01,3.672636024030954616e+01,3.672636024030954616e+01,3.646669312339275848e+01,3.672636024030954616e+01,3.672636024030954616e+01,3.672636024030954616e+01,3.672636024030954616e+01,3.672636024030954616e+01,3.646669312339275848e+01,3.672636024030954616e+01,3.646575085961091389e+01,3.623524759342958390e+01,3.672636024030954616e+01,3.598512971592022325e+01,3.598512971592022325e+01,3.672636024030954616e+01,3.672636024030954616e+01,3.672636024030954616e+01,3.672636024030954616e+01,3.672636024030954616e+01,3.646669312339275848e+01,3.623524759342958390e+01,3.672636024030954616e+01,3.598512971592022325e+01,3.623524759342958390e+01,3.598512971592022325e+01,3.598512971592022325e+01,3.646669312339275848e+01,3.672636024030954616e+01,3.623524759342958390e+01,3.598512971592022325e+01,3.598512971592022325e+01,3.598512971592022325e+01,3.621062753503474596e+01,3.598512971592022325e+01,3.598512971592022325e+01,3.598512971592022325e+01,3.598512971592022325e+01,3.598512971592022325e+01,3.598512971592022325e+01,3.598512971592022325e+01,3.598512971592022325e+01,3.598512971592022325e+01,3.598512971592022325e+01,3.598512971592022325e+01,3.598512971592022325e+01,3.598512971592022325e+01,3.598512971592022325e+01,3.598512971592022325e+01,3.598512971592022325e+01,3.598512971592022325e+01,3.598512971592022325e+01,3.598512971592022325e+01,3.598512971592022325e+01,3.598512971592022325e+01,3.598512971592022325e+01,3.598512971592022325e+01,3.598512971592022325e+01,3.598512971592022325e+01,3.598512971592022325e+01,3.598512971592022325e+01,3.598512971592022325e+01,3.606149498506162843e+01,3.598512971592022325e+01,3.598512971592022325e+01,3.598512971592022325e+01,3.598512971592022325e+01,3.598512971592022325e+01,3.606149498506162843e+01,3.598512971592022325e+01,3.543453802003002551e+01,3.598512971592022325e+01,3.598512971592022325e+01,3.543453802003002551e+01,3.606149498506162843e+01,3.543453802003002551e+01,3.606149498506162843e+01,3.598512971592022325e+01,3.543453802003002551e+01,3.554501006974407318e+01,3.554501006974407318e+01,3.554501006974407318e+01,3.543453802003002551e+01,3.554501006974407318e+01,3.554501006974407318e+01,3.554501006974407318e+01,3.554501006974407318e+01,3.554501006974407318e+01,3.554501006974407318e+01,3.554501006974407318e+01,3.554501006974407318e+01,3.554501006974407318e+01,3.554501006974407318e+01,3.554501006974407318e+01,3.554501006974407318e+01,3.554501006974407318e+01,3.554501006974407318e+01,3.554501006974407318e+01,3.554501006974407318e+01,3.554501006974407318e+01,3.554501006974407318e+01,3.554501006974407318e+01,3.554501006974407318e+01,3.554501006974407318e+01,3.554501006974407318e+01,3.554501006974407318e+01,3.554501006974407318e+01,3.554501006974407318e+01,3.554501006974407318e+01,3.554501006974407318e+01,3.554501006974407318e+01,3.554501006974407318e+01,3.554501006974407318e+01,3.554501006974407318e+01,3.554501006974407318e+01,3.554501006974407318e+01,3.554501006974407318e+01,3.554501006974407318e+01,3.554501006974407318e+01,3.554501006974407318e+01,3.528948835470011858e+01,3.554501006974407318e+01,3.554501006974407318e+01,3.540535642663371618e+01,3.554501006974407318e+01,3.554501006974407318e+01,3.554501006974407318e+01,3.554501006974407318e+01,3.554501006974407318e+01,3.528948835470011858e+01,3.554501006974407318e+01,3.554501006974407318e+01,3.554501006974407318e+01,3.528948835470011858e+01,3.554501006974407318e+01,3.528948835470011858e+01,3.528948835470011858e+01,3.528948835470011858e+01,3.528948835470011858e+01,3.528948835470011858e+01,3.528948835470011858e+01,3.528948835470011858e+01,3.528948835470011858e+01,3.528948835470011858e+01,3.528948835470011858e+01,3.528948835470011858e+01,3.528948835470011858e+01,3.528948835470011858e+01,3.528948835470011858e+01,3.528948835470011858e+01,3.536239613617529898e+01,3.528948835470011858e+01,3.536239613617529898e+01,3.536239613617529898e+01,3.528948835470011858e+01,3.536239613617529898e+01,3.536239613617529898e+01,3.528948835470011858e+01,3.528948835470011858e+01,3.536239613617529898e+01,3.536239613617529898e+01,3.536239613617529898e+01,3.528948835470011858e+01,3.536239613617529898e+01,3.528948835470011858e+01,3.536239613617529898e+01,3.536239613617529898e+01,3.536239613617529898e+01,3.536239613617529898e+01,3.536239613617529898e+01,3.536239613617529898e+01,3.536239613617529898e+01,3.536239613617529898e+01,3.536239613617529898e+01,3.536239613617529898e+01,3.536239613617529898e+01,3.481983023874236238e+01,3.536239613617529898e+01,3.536239613617529898e+01,3.481983023874236238e+01,3.536239613617529898e+01,3.536239613617529898e+01,3.536239613617529898e+01,3.536239613617529898e+01,3.536239613617529898e+01,3.481983023874236238e+01,3.481983023874236238e+01,3.481983023874236238e+01,3.481983023874236238e+01,3.481983023874236238e+01,3.481983023874236238e+01,3.481983023874236238e+01,3.536239613617529898e+01,3.481983023874236238e+01,3.481983023874236238e+01,3.489818679811920532e+01,3.481983023874236238e+01,3.481983023874236238e+01,3.481983023874236238e+01,3.481983023874236238e+01,3.481983023874236238e+01,3.481983023874236238e+01,3.481983023874236238e+01,3.481983023874236238e+01,3.481983023874236238e+01,3.481983023874236238e+01,3.481983023874236238e+01,3.481983023874236238e+01,3.481983023874236238e+01,3.489818679811920532e+01,3.489818679811920532e+01,3.481983023874236238e+01,3.481983023874236238e+01,3.489818679811920532e+01,3.481983023874236238e+01,3.481983023874236238e+01,3.489818679811920532e+01,3.481983023874236238e+01,3.489818679811920532e+01,3.489818679811920532e+01,3.489818679811920532e+01,3.489818679811920532e+01,3.481983023874236238e+01,3.489818679811920532e+01,3.481983023874236238e+01,3.489818679811920532e+01,3.481983023874236238e+01,3.489818679811920532e+01,3.489818679811920532e+01,3.489818679811920532e+01,3.481983023874236238e+01,3.489818679811920532e+01,3.481983023874236238e+01,3.489818679811920532e+01,3.489818679811920532e+01,3.481983023874236238e+01,3.489818679811920532e+01,3.489818679811920532e+01,3.489818679811920532e+01,3.489818679811920532e+01,3.489818679811920532e+01,3.489818679811920532e+01,3.489818679811920532e+01,3.489818679811920532e+01,3.462676119034930622e+01,3.489818679811920532e+01,3.462676119034930622e+01,3.489818679811920532e+01,3.489818679811920532e+01,3.462676119034930622e+01,3.489818679811920532e+01,3.462676119034930622e+01,3.489818679811920532e+01,3.489818679811920532e+01,3.489818679811920532e+01,3.462676119034930622e+01,3.489818679811920532e+01,3.462676119034930622e+01,3.462676119034930622e+01,3.462676119034930622e+01,3.462676119034930622e+01,3.462676119034930622e+01,3.462676119034930622e+01,3.406045435877475569e+01,3.432406727798540658e+01,3.462676119034930622e+01,3.462676119034930622e+01,3.462676119034930622e+01,3.462676119034930622e+01,3.462676119034930622e+01,3.406045435877475569e+01,3.406045435877475569e+01,3.462676119034930622e+01,3.462676119034930622e+01,3.462676119034930622e+01,3.406045435877475569e+01,3.406045435877475569e+01,3.406045435877475569e+01,3.406045435877475569e+01,3.462676119034930622e+01,3.462676119034930622e+01,3.406045435877475569e+01,3.406045435877475569e+01,3.406045435877475569e+01,3.406045435877475569e+01,3.406045435877475569e+01,3.406045435877475569e+01,3.406045435877475569e+01,3.406045435877475569e+01,3.406045435877475569e+01,3.406045435877475569e+01,3.406045435877475569e+01,3.406045435877475569e+01,3.406045435877475569e+01,3.406045435877475569e+01,3.406045435877475569e+01,3.406045435877475569e+01,3.406045435877475569e+01,3.406045435877475569e+01,3.406045435877475569e+01,3.412852905263710568e+01,3.406045435877475569e+01,3.412852905263710568e+01,3.406045435877475569e+01,3.412852905263710568e+01,3.412852905263710568e+01,3.412852905263710568e+01,3.406045435877475569e+01,3.412852905263710568e+01,3.412852905263710568e+01,3.412852905263710568e+01,3.412852905263710568e+01,3.412852905263710568e+01,3.412852905263710568e+01,3.412852905263710568e+01,3.412852905263710568e+01,3.412852905263710568e+01,3.412852905263710568e+01,3.412852905263710568e+01,3.412852905263710568e+01,3.412852905263710568e+01,3.412852905263710568e+01,3.412852905263710568e+01,3.412852905263710568e+01,3.412852905263710568e+01,3.412852905263710568e+01,3.412852905263710568e+01,3.412852905263710568e+01,3.412852905263710568e+01,3.412852905263710568e+01,3.412852905263710568e+01,3.412852905263710568e+01,3.412852905263710568e+01,3.412852905263710568e+01,3.412852905263710568e+01,3.412852905263710568e+01,3.412852905263710568e+01,3.352827767783249868e+01,3.412852905263710568e+01,3.412852905263710568e+01,3.352827767783249868e+01,3.352827767783249868e+01,3.352827767783249868e+01,3.412852905263710568e+01,3.412852905263710568e+01,3.412852905263710568e+01,3.412852905263710568e+01,3.352827767783249868e+01,3.359370401280231277e+01,3.352827767783249868e+01,3.415819648222418436e+01,3.415819648222418436e+01,3.352827767783249868e+01,3.352827767783249868e+01,3.359370401280231277e+01,3.352827767783249868e+01,3.380561736790894400e+01,3.415819648222418436e+01,3.332681411181295061e+01,3.352827767783249868e+01,3.359370401280231277e+01,3.359370401280231277e+01,3.359370401280231277e+01,3.415819648222418436e+01,3.359370401280231277e+01,3.415819648222418436e+01,3.359370401280231277e+01,3.359370401280231277e+01,3.359370401280231277e+01,3.385731104412982262e+01,3.359370401280231277e+01,3.332681411181295061e+01,3.359370401280231277e+01,3.332681411181295061e+01,3.359370401280231277e+01,3.359370401280231277e+01,3.359370401280231277e+01,3.359370401280231277e+01,3.359370401280231277e+01,3.359370401280231277e+01,3.359370401280231277e+01,3.359370401280231277e+01,3.359370401280231277e+01,3.359370401280231277e+01,3.359370401280231277e+01,3.359370401280231277e+01,3.359370401280231277e+01,3.359370401280231277e+01,3.359370401280231277e+01,3.359370401280231277e+01,3.332681411181295061e+01,3.344769450888122719e+01,3.359370401280231277e+01,3.332681411181295061e+01,3.359370401280231277e+01,3.359370401280231277e+01,3.359370401280231277e+01,3.359370401280231277e+01,3.359370401280231277e+01,3.359370401280231277e+01,3.359370401280231277e+01,3.359370401280231277e+01,3.359370401280231277e+01,3.359370401280231277e+01,3.359370401280231277e+01,3.359370401280231277e+01,3.359370401280231277e+01,3.332681411181295061e+01,3.359370401280231277e+01,3.359370401280231277e+01,3.359370401280231277e+01,3.332681411181295061e+01,3.359370401280231277e+01,3.332681411181295061e+01,3.359370401280231277e+01,3.359370401280231277e+01,3.325492253906205065e+01,3.359370401280231277e+01,3.359370401280231277e+01,3.296790468620098835e+01,3.332681411181295061e+01,3.332681411181295061e+01,3.332681411181295061e+01,3.296790468620098835e+01,3.296790468620098835e+01,3.332681411181295061e+01,3.332681411181295061e+01,3.296790468620098835e+01,3.359370401280231277e+01,3.296790468620098835e+01,3.296790468620098835e+01,3.296790468620098835e+01,3.296790468620098835e+01,3.296790468620098835e+01,3.344769450888122719e+01,3.271275485375107195e+01,3.271275485375107195e+01,3.271275485375107195e+01,3.332681411181295061e+01,3.271275485375107195e+01,3.271275485375107195e+01,3.271275485375107195e+01,3.271275485375107195e+01,3.282821261470473928e+01,3.296790468620098835e+01,3.271275485375107195e+01,3.271275485375107195e+01,3.296790468620098835e+01,3.271275485375107195e+01,3.271275485375107195e+01,3.271275485375107195e+01,3.271275485375107195e+01,3.271275485375107195e+01,3.296790468620098835e+01,3.271275485375107195e+01,3.271275485375107195e+01,3.271275485375107195e+01,3.276566050051192747e+01,3.271275485375107195e+01,3.271275485375107195e+01,3.271275485375107195e+01,3.271275485375107195e+01,3.271275485375107195e+01,3.271275485375107195e+01,3.276566050051192747e+01,3.271275485375107195e+01,3.296790468620098835e+01,3.271275485375107195e+01,3.296790468620098835e+01,3.276566050051192747e+01,3.271275485375107195e+01,3.271275485375107195e+01,3.276566050051192747e+01,3.274521943057824558e+01,3.271275485375107195e+01,3.276566050051192747e+01,3.271275485375107195e+01,3.276566050051192747e+01,3.276566050051192747e+01,3.271275485375107195e+01,3.271275485375107195e+01,3.276566050051192747e+01,3.276566050051192747e+01,3.276566050051192747e+01,3.271275485375107195e+01,3.271275485375107195e+01,3.271275485375107195e+01,3.276566050051192747e+01,3.276566050051192747e+01,3.276566050051192747e+01,3.271275485375107195e+01,3.276566050051192747e+01,3.271275485375107195e+01,3.276566050051192747e+01,3.276566050051192747e+01,3.271275485375107195e+01,3.276566050051192747e+01,3.276566050051192747e+01,3.276566050051192747e+01,3.276566050051192747e+01,3.276566050051192747e+01,3.276566050051192747e+01,3.271275485375107195e+01,3.276566050051192747e+01,3.276566050051192747e+01,3.276566050051192747e+01,3.276566050051192747e+01,3.276566050051192747e+01,3.276566050051192747e+01,3.276566050051192747e+01,3.276566050051192747e+01,3.276566050051192747e+01,3.276566050051192747e+01,3.276566050051192747e+01,3.276566050051192747e+01,3.276566050051192747e+01,3.276566050051192747e+01,3.276566050051192747e+01,3.276566050051192747e+01,3.276566050051192747e+01,3.276566050051192747e+01,3.276566050051192747e+01,3.276566050051192747e+01,3.276566050051192747e+01,3.276566050051192747e+01,3.276566050051192747e+01,3.276566050051192747e+01,3.276566050051192747e+01,3.276566050051192747e+01,3.276566050051192747e+01,3.276566050051192747e+01,3.276566050051192747e+01,3.276566050051192747e+01,3.276566050051192747e+01,3.276566050051192747e+01,3.276566050051192747e+01,3.276566050051192747e+01,3.276566050051192747e+01,3.276566050051192747e+01,3.276566050051192747e+01,3.278884140792850133e+01,3.276566050051192747e+01,3.278884140792850133e+01,3.242118880102525935e+01,3.276566050051192747e+01,3.276566050051192747e+01,3.276566050051192747e+01,3.276566050051192747e+01,3.276566050051192747e+01,3.278884140792850133e+01,3.278884140792850133e+01,3.278884140792850133e+01,3.278884140792850133e+01,3.278884140792850133e+01,3.278884140792850133e+01,3.242118880102525935e+01,3.276566050051192747e+01,3.276566050051192747e+01,3.278884140792850133e+01,3.276566050051192747e+01,3.213119756847487452e+01,3.276566050051192747e+01,3.278884140792850133e+01,3.278884140792850133e+01,3.217878748690046820e+01,3.217878748690046820e+01,3.217878748690046820e+01,3.217878748690046820e+01,3.217878748690046820e+01,3.217878748690046820e+01,3.278884140792850133e+01,3.217878748690046820e+01,3.217878748690046820e+01,3.217878748690046820e+01,3.219422962105811337e+01,3.217878748690046820e+01,3.217878748690046820e+01,3.217878748690046820e+01,3.217878748690046820e+01,3.217878748690046820e+01,3.217878748690046820e+01,3.220090253479371967e+01,3.217878748690046820e+01,3.217878748690046820e+01,3.217878748690046820e+01,3.217878748690046820e+01,3.217878748690046820e+01,3.217878748690046820e+01,3.217878748690046820e+01,3.219422962105811337e+01,3.220090253479371967e+01,3.220090253479371967e+01,3.217878748690046820e+01,3.217878748690046820e+01,3.220090253479371967e+01,3.217878748690046820e+01,3.217878748690046820e+01,3.217878748690046820e+01,3.217878748690046820e+01,3.217878748690046820e+01,3.217878748690046820e+01,3.220090253479371967e+01,3.220090253479371967e+01,3.220090253479371967e+01,3.220090253479371967e+01,3.220090253479371967e+01,3.220090253479371967e+01,3.220090253479371967e+01,3.220090253479371967e+01,3.217878748690046820e+01,3.220090253479371967e+01,3.220090253479371967e+01,3.220090253479371967e+01,3.220090253479371967e+01,3.192997366166162720e+01,3.192997366166162720e+01,3.219785167203374954e+01,3.192997366166162720e+01,3.192997366166162720e+01,3.192997366166162720e+01,3.192997366166162720e+01,3.192997366166162720e+01,3.220090253479371967e+01,3.220090253479371967e+01,3.220090253479371967e+01,3.192997366166162720e+01,3.220090253479371967e+01,3.192997366166162720e+01,3.219785167203374954e+01,3.192184733536530317e+01,3.192184733536530317e+01,3.192184733536530317e+01,3.192184733536530317e+01,3.192184733536530317e+01,3.192184733536530317e+01,3.192184733536530317e+01,3.132256178676100689e+01,3.192184733536530317e+01,3.192184733536530317e+01,3.192184733536530317e+01,3.192184733536530317e+01,3.192184733536530317e+01,3.192184733536530317e+01,3.192184733536530317e+01,3.192184733536530317e+01,3.192184733536530317e+01,3.132256178676100689e+01,3.192184733536530317e+01,3.132256178676100689e+01,3.192184733536530317e+01,3.192184733536530317e+01,3.132256178676100689e+01,3.132256178676100689e+01,3.132256178676100689e+01,3.132256178676100689e+01,3.131673531485215278e+01,3.132256178676100689e+01,3.132256178676100689e+01,3.132256178676100689e+01,3.132256178676100689e+01,3.132256178676100689e+01,3.132256178676100689e+01,3.132256178676100689e+01,3.132256178676100689e+01,3.132256178676100689e+01,3.131673531485215278e+01,3.132256178676100689e+01,3.132256178676100689e+01,3.132256178676100689e+01,3.132256178676100689e+01,3.132256178676100689e+01,3.132256178676100689e+01,3.132256178676100689e+01,3.132256178676100689e+01,3.132256178676100689e+01,3.132256178676100689e+01,3.132256178676100689e+01,3.132256178676100689e+01,3.132256178676100689e+01,3.132256178676100689e+01,3.132256178676100689e+01,3.132256178676100689e+01,3.132256178676100689e+01,3.132256178676100689e+01,3.131673531485215278e+01,3.131673531485215278e+01,3.131673531485215278e+01,3.131673531485215278e+01,3.131673531485215278e+01,3.132256178676100689e+01,3.131673531485215278e+01,3.131673531485215278e+01,3.131673531485215278e+01,3.131673531485215278e+01,3.131673531485215278e+01,3.132256178676100689e+01,3.131673531485215278e+01,3.132256178676100689e+01,3.131673531485215278e+01,3.131673531485215278e+01,3.131673531485215278e+01,3.132256178676100689e+01,3.131673531485215278e+01,3.131673531485215278e+01,3.132256178676100689e+01,3.131673531485215278e+01,3.131673531485215278e+01,3.131673531485215278e+01,3.131673531485215278e+01,3.131673531485215278e+01,3.131673531485215278e+01,3.132256178676100689e+01,3.132256178676100689e+01,3.131673531485215278e+01,3.131673531485215278e+01,3.131673531485215278e+01,3.131673531485215278e+01,3.131673531485215278e+01,3.132256178676100689e+01,3.131673531485215278e+01,3.132256178676100689e+01,3.131673531485215278e+01,3.131673531485215278e+01,3.069882172966284628e+01,3.132256178676100689e+01,3.131673531485215278e+01,3.069882172966284628e+01,3.131673531485215278e+01,3.069882172966284628e+01,3.131673531485215278e+01,3.069882172966284628e+01,3.069882172966284628e+01,3.054848339940014768e+01,3.069882172966284628e+01,3.069882172966284628e+01,3.069882172966284628e+01,3.069882172966284628e+01,3.069882172966284628e+01,3.069882172966284628e+01,3.069882172966284628e+01,3.131673531485215278e+01,3.069882172966284628e+01,3.042554397423198154e+01,3.069882172966284628e+01,3.042554397423198154e+01,3.069882172966284628e+01,3.069882172966284628e+01,3.069882172966284628e+01,3.042554397423198154e+01,3.042554397423198154e+01,3.042554397423198154e+01,3.069882172966284628e+01,3.069882172966284628e+01,3.069882172966284628e+01,3.069882172966284628e+01,3.054848339940014768e+01,3.042554397423198154e+01,3.069882172966284628e+01,3.042554397423198154e+01,3.042554397423198154e+01,3.042554397423198154e+01,3.069882172966284628e+01,3.069882172966284628e+01,3.042554397423198154e+01,3.069882172966284628e+01,3.069882172966284628e+01,3.042554397423198154e+01,3.042554397423198154e+01,3.042554397423198154e+01,3.042554397423198154e+01,3.042554397423198154e+01,3.042554397423198154e+01,3.042554397423198154e+01,3.042554397423198154e+01,3.042554397423198154e+01,3.042554397423198154e+01,3.042554397423198154e+01,3.042554397423198154e+01,3.042554397423198154e+01,3.042554397423198154e+01,3.042554397423198154e+01,3.042554397423198154e+01,3.042554397423198154e+01,3.042554397423198154e+01,3.042554397423198154e+01,3.042554397423198154e+01,3.042554397423198154e+01,3.042554397423198154e+01,3.042554397423198154e+01,3.042554397423198154e+01,3.042554397423198154e+01,3.042554397423198154e+01,3.042554397423198154e+01,3.042554397423198154e+01,3.042554397423198154e+01,3.042554397423198154e+01,3.042554397423198154e+01,3.042554397423198154e+01,3.042554397423198154e+01,3.042554397423198154e+01,3.042554397423198154e+01,3.042554397423198154e+01,3.042554397423198154e+01,3.042554397423198154e+01,3.042554397423198154e+01,3.042554397423198154e+01,3.042554397423198154e+01,3.042554397423198154e+01,3.042554397423198154e+01,3.042554397423198154e+01,3.041607818337292457e+01,3.042554397423198154e+01,3.042554397423198154e+01,3.042554397423198154e+01,3.042554397423198154e+01,3.042554397423198154e+01,3.042554397423198154e+01,3.042554397423198154e+01,3.042554397423198154e+01,3.042554397423198154e+01,3.042554397423198154e+01,3.042554397423198154e+01,3.042554397423198154e+01,3.042554397423198154e+01,3.042554397423198154e+01,3.042554397423198154e+01,3.042554397423198154e+01,3.041607818337292457e+01,3.042554397423198154e+01,2.978751368208593675e+01,2.978467658695599241e+01,3.042554397423198154e+01,3.042554397423198154e+01,2.978467658695599241e+01,3.042554397423198154e+01,3.041607818337292457e+01,2.978467658695599241e+01,3.042554397423198154e+01,3.042554397423198154e+01,3.007326710183595253e+01,3.042554397423198154e+01,3.042554397423198154e+01,2.978751368208593675e+01,2.978751368208593675e+01,3.042201169808639705e+01,2.978751368208593675e+01,2.978467658695599241e+01,2.978467658695599241e+01,2.978467658695599241e+01,2.978751368208593675e+01,3.042554397423198154e+01,3.042554397423198154e+01,3.041607818337292457e+01,2.978751368208593675e+01,3.042554397423198154e+01,2.978751368208593675e+01,3.041607818337292457e+01,2.978467658695599241e+01,3.041607818337292457e+01,2.978751368208593675e+01,2.978467658695599241e+01,2.978751368208593675e+01,2.978751368208593675e+01,2.978751368208593675e+01,2.978467658695599241e+01,2.978467658695599241e+01,2.978751368208593675e+01,2.978751368208593675e+01,2.978751368208593675e+01,2.978467658695599241e+01,2.978467658695599241e+01,2.978467658695599241e+01,2.978467658695599241e+01,2.978751368208593675e+01,2.978751368208593675e+01,2.978751368208593675e+01,2.978751368208593675e+01,2.978467658695599241e+01,2.978751368208593675e+01,3.041607818337292457e+01,2.978751368208593675e+01,2.978467658695599241e+01,2.978751368208593675e+01,2.978751368208593675e+01,2.978751368208593675e+01,2.978785535825858588e+01,2.978467658695599241e+01,2.978751368208593675e+01,2.978751368208593675e+01,2.978467658695599241e+01,2.951249942444923491e+01,2.886857904407978737e+01,2.978751368208593675e+01,2.978751368208593675e+01,2.978751368208593675e+01,2.978751368208593675e+01,2.978751368208593675e+01,2.978751368208593675e+01,2.978751368208593675e+01,2.978751368208593675e+01,2.978751368208593675e+01,2.978751368208593675e+01,2.978751368208593675e+01,2.978751368208593675e+01,2.943388367906356251e+01,2.978751368208593675e+01,2.978751368208593675e+01,2.978751368208593675e+01,2.978751368208593675e+01,2.978751368208593675e+01,2.978751368208593675e+01,2.914252168632295437e+01,2.914252168632295437e+01,2.951249942444923491e+01,2.978751368208593675e+01,2.978751368208593675e+01,2.978751368208593675e+01,2.978751368208593675e+01,2.951249942444923491e+01,2.913239907700528519e+01,2.978751368208593675e+01,2.914252168632295437e+01,2.978751368208593675e+01,2.978751368208593675e+01,2.978751368208593675e+01,2.978751368208593675e+01,2.978751368208593675e+01,2.978751368208593675e+01,2.978751368208593675e+01,2.914252168632295437e+01,2.978751368208593675e+01,2.978751368208593675e+01,2.978751368208593675e+01,2.978751368208593675e+01,2.978751368208593675e+01,2.978751368208593675e+01,2.978751368208593675e+01,2.978751368208593675e+01,2.978751368208593675e+01,2.951249942444923491e+01,2.978751368208593675e+01,2.978751368208593675e+01,2.978751368208593675e+01,2.914252168632295437e+01,2.978751368208593675e+01,2.914252168632295437e+01,2.978751368208593675e+01,2.978751368208593675e+01,2.914252168632295437e+01,2.978751368208593675e+01,2.886857904407978737e+01,2.978751368208593675e+01,2.978751368208593675e+01,2.978751368208593675e+01,2.951249942444923491e+01,2.914252168632295437e+01,2.978751368208593675e+01,2.978751368208593675e+01,2.943388367906356251e+01,2.963594025812065880e+01,2.914252168632295437e+01,2.978751368208593675e+01,2.914252168632295437e+01,2.914252168632295437e+01,2.978751368208593675e+01,2.914252168632295437e+01,2.978751368208593675e+01,2.978751368208593675e+01,2.951249942444923491e+01,2.978751368208593675e+01,2.978751368208593675e+01,2.914252168632295437e+01,2.978751368208593675e+01,2.914252168632295437e+01,2.978751368208593675e+01,2.914252168632295437e+01,2.978751368208593675e+01,2.978751368208593675e+01,2.914252168632295437e+01,2.978751368208593675e+01,2.978751368208593675e+01,2.978751368208593675e+01,2.978751368208593675e+01,2.914252168632295437e+01,2.978751368208593675e+01,2.978751368208593675e+01,2.914252168632295437e+01,2.978751368208593675e+01,2.978751368208593675e+01,2.978751368208593675e+01,2.978751368208593675e+01,2.914252168632295437e+01,2.978751368208593675e+01,2.978751368208593675e+01,2.978751368208593675e+01,2.978751368208593675e+01,2.978751368208593675e+01,2.914252168632295437e+01,2.914252168632295437e+01,2.978751368208593675e+01,2.978751368208593675e+01,2.914252168632295437e+01,2.977871638406212895e+01,2.978751368208593675e+01,2.978751368208593675e+01,2.978751368208593675e+01,2.978751368208593675e+01,2.914252168632295437e+01,2.978751368208593675e+01,2.978751368208593675e+01,2.943388367906356251e+01,2.914197292056123700e+01,2.978751368208593675e+01,2.914252168632295437e+01,2.978751368208593675e+01,2.914252168632295437e+01,2.978751368208593675e+01,2.978751368208593675e+01,2.978751368208593675e+01,2.978751368208593675e+01,2.978751368208593675e+01,2.978751368208593675e+01,2.978751368208593675e+01,2.914252168632295437e+01,2.978751368208593675e+01,2.978751368208593675e+01,2.978751368208593675e+01,2.978751368208593675e+01,2.978751368208593675e+01,2.978751368208593675e+01,2.978751368208593675e+01,2.978751368208593675e+01,2.978751368208593675e+01,2.977871638406212895e+01,2.914252168632295437e+01,2.978751368208593675e+01,2.978751368208593675e+01,2.978751368208593675e+01,2.978751368208593675e+01,2.978751368208593675e+01,2.978751368208593675e+01,2.914252168632295437e+01,2.978751368208593675e+01,2.978751368208593675e+01,2.977871638406212895e+01,2.978751368208593675e+01,2.977871638406212895e+01,2.978751368208593675e+01,2.977871638406212895e+01,2.977871638406212895e+01,2.978751368208593675e+01,2.978751368208593675e+01,2.977871638406212895e+01,2.978751368208593675e+01,2.978751368208593675e+01,2.977871638406212895e+01,2.977871638406212895e+01,2.978751368208593675e+01,2.978751368208593675e+01,2.978751368208593675e+01,2.978751368208593675e+01,2.978751368208593675e+01,2.978751368208593675e+01,2.978751368208593675e+01,2.978751368208593675e+01,2.978389114959911765e+01,2.978751368208593675e+01,2.978751368208593675e+01,2.977871638406212895e+01,2.978751368208593675e+01,2.978751368208593675e+01,2.978751368208593675e+01,2.914252168632295437e+01,2.978751368208593675e+01,2.978751368208593675e+01,2.978751368208593675e+01,2.977871638406212895e+01,2.978751368208593675e+01,2.978389114959911765e+01,2.978389114959911765e+01,2.977871638406212895e+01,2.978751368208593675e+01,2.977871638406212895e+01,2.978751368208593675e+01,2.978751368208593675e+01,2.978389114959911765e+01,2.914252168632295437e+01,2.977871638406212895e+01,2.978751368208593675e+01,2.978751368208593675e+01,2.978751368208593675e+01,2.977871638406212895e+01,2.977871638406212895e+01,2.978751368208593675e+01,2.977871638406212895e+01,2.978751368208593675e+01,2.978751368208593675e+01,2.978751368208593675e+01,2.977871638406212895e+01,2.978751368208593675e+01,2.978751368208593675e+01,2.977871638406212895e+01,2.977871638406212895e+01,2.914252168632295437e+01,2.978751368208593675e+01,2.978751368208593675e+01,2.978751368208593675e+01,2.977871638406212895e+01,2.978751368208593675e+01,2.978751368208593675e+01,2.977871638406212895e+01,2.978751368208593675e+01,2.977871638406212895e+01,2.977871638406212895e+01,2.977871638406212895e+01,2.978751368208593675e+01,2.977871638406212895e+01,2.977871638406212895e+01,2.977871638406212895e+01,2.977871638406212895e+01,2.978751368208593675e+01,2.977871638406212895e+01,2.977871638406212895e+01,2.977871638406212895e+01,2.977871638406212895e+01,2.977871638406212895e+01,2.977871638406212895e+01,2.977871638406212895e+01,2.977871638406212895e+01,2.977871638406212895e+01,2.977871638406212895e+01,2.977871638406212895e+01,2.977871638406212895e+01,2.977871638406212895e+01,2.977871638406212895e+01,2.977871638406212895e+01,2.977871638406212895e+01,2.978751368208593675e+01,2.977871638406212895e+01,2.977871638406212895e+01,2.978751368208593675e+01,2.977871638406212895e+01,2.977871638406212895e+01,2.977871638406212895e+01,2.977871638406212895e+01,2.977871638406212895e+01,2.977871638406212895e+01,2.977871638406212895e+01,2.977871638406212895e+01,2.978751368208593675e+01,3.069473702169913309e+01,3.006456298924950588e+01,3.006456298924950588e+01,3.006456298924950588e+01,3.069473702169913309e+01,3.069473702169913309e+01,3.006456298924950588e+01,3.069473702169913309e+01,3.069473702169913309e+01,3.069473702169913309e+01,3.069473702169913309e+01,3.069473702169913309e+01,3.069473702169913309e+01,3.069882172966284628e+01,3.069473702169913309e+01,3.006456298924950588e+01,3.069882172966284628e+01,3.069473702169913309e+01,3.006456298924950588e+01,3.069473702169913309e+01,3.069473702169913309e+01,3.069473702169913309e+01,3.069473702169913309e+01,3.006456298924950588e+01,3.069473702169913309e+01,3.006456298924950588e+01,3.069473702169913309e+01,3.069473702169913309e+01,3.069473702169913309e+01,3.069473702169913309e+01,3.069473702169913309e+01,3.069473702169913309e+01,3.006456298924950588e+01,3.069473702169913309e+01,3.069473702169913309e+01,3.069473702169913309e+01,3.069473702169913309e+01,3.069473702169913309e+01,3.069473702169913309e+01,3.069473702169913309e+01,3.069473702169913309e+01,3.006456298924950588e+01,3.069473702169913309e+01,3.069473702169913309e+01,3.006456298924950588e+01,3.069473702169913309e+01,3.069473702169913309e+01,3.069473702169913309e+01,3.069473702169913309e+01,3.069473702169913309e+01,3.069473702169913309e+01,3.069473702169913309e+01,3.069473702169913309e+01,3.069473702169913309e+01,3.069473702169913309e+01,3.069473702169913309e+01,3.069473702169913309e+01,3.069473702169913309e+01,3.006456298924950588e+01,3.069473702169913309e+01,3.069473702169913309e+01,3.069473702169913309e+01,3.069473702169913309e+01,3.069473702169913309e+01,3.069473702169913309e+01,3.069473702169913309e+01,3.069473702169913309e+01,3.069473702169913309e+01,3.069473702169913309e+01,3.069473702169913309e+01,3.069473702169913309e+01,3.069473702169913309e+01,3.069473702169913309e+01,3.069473702169913309e+01,3.069473702169913309e+01,3.069473702169913309e+01,3.069473702169913309e+01,3.069473702169913309e+01,3.069473702169913309e+01,3.069473702169913309e+01,3.069473702169913309e+01,3.069473702169913309e+01,3.069473702169913309e+01,3.069473702169913309e+01,3.069473702169913309e+01,3.069473702169913309e+01,3.069473702169913309e+01,3.069473702169913309e+01,3.069473702169913309e+01,3.069473702169913309e+01,3.069473702169913309e+01,3.069473702169913309e+01,3.069473702169913309e+01,3.069473702169913309e+01,3.069473702169913309e+01,3.069473702169913309e+01,3.069473702169913309e+01,3.069473702169913309e+01,3.069473702169913309e+01,3.069473702169913309e+01,3.069473702169913309e+01,3.069473702169913309e+01,3.097391776928364848e+01,3.069473702169913309e+01,3.069473702169913309e+01,3.069473702169913309e+01,3.069473702169913309e+01,3.069473702169913309e+01,3.097391776928364848e+01,3.069473702169913309e+01,3.069473702169913309e+01,3.069473702169913309e+01,3.069473702169913309e+01,3.069473702169913309e+01,3.097391776928364848e+01,3.069473702169913309e+01,3.069473702169913309e+01,3.097391776928364848e+01,3.069473702169913309e+01,3.069473702169913309e+01,3.097391776928364848e+01,3.097391776928364848e+01,3.097391776928364848e+01,3.069473702169913309e+01,3.069473702169913309e+01,3.069473702169913309e+01,3.069473702169913309e+01,3.097391776928364848e+01,3.069473702169913309e+01,3.097391776928364848e+01,3.097391776928364848e+01,3.097391776928364848e+01,3.097391776928364848e+01,3.097391776928364848e+01,3.069473702169913309e+01,3.069473702169913309e+01,3.097391776928364848e+01,3.069473702169913309e+01,3.069473702169913309e+01,3.069473702169913309e+01,3.069473702169913309e+01,3.097391776928364848e+01,3.097391776928364848e+01,3.069473702169913309e+01,3.069473702169913309e+01,3.097391776928364848e+01,3.097391776928364848e+01,3.097391776928364848e+01,3.097391776928364848e+01,3.097391776928364848e+01,3.097391776928364848e+01,3.097391776928364848e+01,3.097391776928364848e+01,3.097391776928364848e+01,3.069473702169913309e+01,3.069473702169913309e+01,3.097391776928364848e+01,3.097391776928364848e+01,3.097391776928364848e+01,3.097391776928364848e+01,3.097391776928364848e+01,3.097391776928364848e+01,3.097391776928364848e+01,3.097391776928364848e+01,3.097391776928364848e+01,3.097391776928364848e+01,3.097391776928364848e+01,3.097391776928364848e+01,3.097391776928364848e+01,3.097391776928364848e+01,3.097391776928364848e+01,3.097391776928364848e+01,3.097391776928364848e+01,3.097391776928364848e+01,3.097391776928364848e+01,3.097391776928364848e+01,3.097391776928364848e+01,3.097391776928364848e+01,3.097391776928364848e+01,3.097391776928364848e+01,3.097391776928364848e+01,3.097391776928364848e+01,3.097391776928364848e+01,3.097391776928364848e+01,3.097391776928364848e+01,3.097391776928364848e+01,3.097391776928364848e+01,3.097391776928364848e+01,3.097391776928364848e+01,3.097391776928364848e+01,3.097391776928364848e+01,3.097391776928364848e+01,3.097391776928364848e+01,3.097391776928364848e+01,3.097391776928364848e+01,3.097391776928364848e+01,3.097391776928364848e+01,3.097391776928364848e+01,3.097391776928364848e+01,3.097391776928364848e+01,3.097391776928364848e+01,3.097391776928364848e+01,3.097391776928364848e+01,3.097391776928364848e+01,3.097391776928364848e+01,3.097391776928364848e+01,3.097391776928364848e+01,3.097391776928364848e+01,3.097391776928364848e+01,3.097391776928364848e+01,3.097391776928364848e+01,3.097391776928364848e+01,3.097391776928364848e+01,3.097391776928364848e+01,3.097391776928364848e+01,3.097391776928364848e+01,3.097391776928364848e+01,3.097391776928364848e+01,3.097391776928364848e+01,3.097391776928364848e+01,3.097391776928364848e+01,3.097391776928364848e+01,3.097391776928364848e+01,3.097391776928364848e+01,3.097391776928364848e+01,3.097391776928364848e+01,3.097391776928364848e+01,3.097391776928364848e+01,3.157684067733229938e+01,3.097391776928364848e+01,3.097391776928364848e+01,3.097391776928364848e+01,3.157684067733229938e+01,3.097391776928364848e+01,3.097391776928364848e+01
4.039821541199547283e+01,4.054253685753831604e+01,4.054253685753831604e+01,4.054253685753831604e+01,4.054253685753831604e+01,4.071198384299704287e+01,4.076081012715201268e+01,4.071198384299704287e+01,4.056730273441937129e+01,4.071198384299704287e+01,4.071198384299704287e+01,4.119316523481409575e+01,4.071198384299704287e+01,4.071198384299704287e+01,4.071198384299704287e+01,4.071198384299704287e+01,4.086021280364654018e+01,4.071198384299704287e+01,4.071198384299704287e+01,4.102787876074259543e+01,4.087963901559085400e+01,4.087963901559085400e+01,4.136087993592084189e+01,4.150817365661649205e+01,4.102787876074259543e+01,4.136087993592084189e+01,4.136087993592084189e+01,4.136087993592084189e+01,4.152654183397487486e+01,4.167373557197551293e+01,4.152654183397487486e+01,4.167373557197551293e+01,4.152654183397487486e+01,4.152654183397487486e+01,4.152654183397487486e+01,4.167373557197551293e+01,4.169007130061799415e+01,4.183690889931475709e+01,4.230044043543568932e+01,4.230044043543568932e+01,4.183690889931475709e+01,4.215612860455131283e+01,4.230044043543568932e+01,4.215612860455131283e+01,4.230044043543568932e+01,4.230044043543568932e+01,4.231747121641058129e+01,4.230044043543568932e+01,4.246138499588555248e+01,4.246138499588555248e+01,4.246138499588555248e+01,4.246138499588555248e+01,4.246138499588555248e+01,4.246138499588555248e+01,4.246138499588555248e+01,4.231747121641058129e+01,4.246138499588555248e+01,4.261969778547255316e+01,4.261969778547255316e+01,4.247641425192601616e+01,4.247641425192601616e+01,4.261969778547255316e+01,4.247641425192601616e+01,4.247641425192601616e+01,4.306498941822007254e+01,4.306498941822007254e+01,4.306498941822007254e+01,4.308239092621882094e+01,4.308239092621882094e+01,4.322112365097965636e+01,4.322112365097965636e+01,4.308239092621882094e+01,4.322112365097965636e+01,4.308239092621882094e+01,4.323651686492269164e+01,4.364638621724522238e+01,4.315207114369122365e+01,4.323651686492269164e+01,4.323651686492269164e+01,4.366787197410928201e+01,4.380066392911737694e+01,4.380066392911737694e+01,4.366787197410928201e+01,4.380066392911737694e+01,4.366787197410928201e+01,4.366787197410928201e+01,4.381990417001374283e+01,4.381990417001374283e+01,4.381990417001374283e+01,4.395200492409128401e+01,4.381990417001374283e+01,4.381990417001374283e+01,4.381990417001374283e+01,4.381990417001374283e+01,4.381990417001374283e+01,4.381990417001374283e+01,4.368658548324808066e+01,4.396918109060665358e+01,4.396918109060665358e+01,4.415753643428492126e+01,4.396918109060665358e+01,4.438216412002235955e+01,4.438216412002235955e+01,4.438216412002235955e+01,4.438216412002235955e+01,4.438216412002235955e+01,4.438216412002235955e+01,4.438216412002235955e+01,4.452958441220923191e+01,4.452958441220923191e+01,4.465408563468594849e+01,4.452958441220923191e+01,4.492290223611480826e+01,4.492290223611480826e+01,4.452958441220923191e+01,4.492290223611480826e+01,4.492290223611480826e+01,4.492290223611480826e+01,4.492290223611480826e+01,4.506886749120139513e+01,4.506886749120139513e+01,4.506886749120139513e+01,4.506886749120139513e+01,4.506886749120139513e+01,4.506886749120139513e+01,4.506886749120139513e+01,4.506886749120139513e+01,4.506886749120139513e+01,4.506886749120139513e+01,4.506886749120139513e+01,4.544226504354651297e+01,4.506886749120139513e+01,4.544226504354651297e+01,4.558718237560195519e+01,4.558718237560195519e+01,4.558718237560195519e+01,4.558718237560195519e+01,4.558718237560195519e+01,4.558718237560195519e+01,4.558718237560195519e+01,4.558718237560195519e+01,4.558718237560195519e+01,4.622629641858604543e+01,4.594092464883865290e+01,4.594092464883865290e+01,4.622629641858604543e+01,4.622629641858604543e+01,4.622629641858604543e+01,4.622629641858604543e+01,4.632740820742148458e+01,4.622629641858604543e+01,4.665775379711327986e+01,4.656394890959496280e+01,4.656394890959496280e+01,4.656394890959496280e+01,4.656394890959496280e+01,4.665775379711327986e+01,4.656394890959496280e+01,4.679830181142699530e+01,4.679830181142699530e+01,4.679830181142699530e+01,4.679830181142699530e+01,4.670467235466782085e+01,4.679830181142699530e+01,4.679830181142699530e+01,4.679830181142699530e+01,4.711161361037984818e+01,4.679830181142699530e+01,4.711161361037984818e+01,4.711161361037984818e+01,4.711161361037984818e+01,4.711161361037984818e+01,4.711161361037984818e+01,4.711161361037984818e+01,4.755010705753114308e+01,4.740605852409283472e+01,4.755010705753114308e+01,4.740605852409283472e+01,4.755010705753114308e+01,4.755010705753114308e+01,4.755010705753114308e+01,4.755010705753114308e+01,4.755010705753114308e+01,4.755010705753114308e+01,4.755010705753114308e+01,4.755010705753114308e+01,4.755010705753114308e+01,4.790066373149607415e+01,4.783109122397729607e+01,4.783109122397729607e+01,4.786996652155367826e+01,4.790066373149607415e+01,4.783109122397729607e+01,4.797524788014759878e+01,4.790066373149607415e+01,4.783109122397729607e+01,4.790066373149607415e+01,4.804491051250249001e+01,4.830954490469756735e+01,4.830954490469756735e+01,4.830954490469756735e+01,4.830954490469756735e+01,4.830954490469756735e+01,4.828103549923626758e+01,4.830954490469756735e+01,4.856251084016014374e+01,4.830954490469756735e+01,4.856251084016014374e+01,4.856251084016014374e+01,4.856251084016014374e+01,4.856251084016014374e+01,4.856251084016014374e+01,4.856251084016014374e+01,4.856251084016014374e+01,4.856251084016014374e+01,4.856251084016014374e+01,4.856251084016014374e+01,4.856251084016014374e+01,4.856251084016014374e+01,4.856251084016014374e+01,4.880642603333075868e+01,4.880642603333075868e+01,4.874933223326966925e+01,4.880642603333075868e+01,4.880642603333075868e+01,4.880642603333075868e+01,4.874933223326966925e+01,4.880642603333075868e+01,4.880642603333075868e+01,4.880642603333075868e+01,4.904377997343875961e+01,4.880642603333075868e+01,4.880642603333075868e+01,4.904377997343875961e+01,4.904377997343875961e+01,4.898949996795336403e+01,4.904377997343875961e+01,4.904377997343875961e+01,4.904377997343875961e+01,4.904377997343875961e+01,4.904377997343875961e+01,4.904377997343875961e+01,4.904377997343875961e+01,4.904377997343875961e+01,4.904377997343875961e+01,4.898949996795336403e+01,4.927674960125943926e+01,4.904377997343875961e+01,4.914904364165031581e+01,4.904377997343875961e+01,4.904377997343875961e+01,4.927674960125943926e+01,4.927674960125943926e+01,4.927674960125943926e+01,4.904377997343875961e+01,4.927674960125943926e+01,4.927674960125943926e+01,4.912111395974586259e+01,4.919144049655191253e+01,4.912111395974586259e+01,4.927674960125943926e+01,4.912111395974586259e+01,4.899393052698494699e+01,4.912111395974586259e+01,4.888922683569246175e+01,4.912111395974586259e+01,4.912111395974586259e+01,4.888922683569246175e+01,4.888922683569246175e+01,4.888922683569246175e+01,4.888922683569246175e+01,4.888922683569246175e+01,4.904197821546750191e+01,4.888922683569246175e+01,4.888922683569246175e+01,4.888922683569246175e+01,4.888922683569246175e+01,4.878123674006061350e+01,4.893843454845105612e+01,4.878123674006061350e+01,4.878123674006061350e+01,4.854978323335874535e+01,4.854978323335874535e+01,4.854978323335874535e+01,4.854978323335874535e+01,4.854978323335874535e+01,4.854978323335874535e+01,4.878123674006061350e+01,4.854978323335874535e+01,4.854978323335874535e+01,4.854978323335874535e+01,4.854978323335874535e+01,4.854978323335874535e+01,4.854978323335874535e+01,4.839121795724523878e+01,4.839121795724523878e+01,4.839121795724523878e+01,4.839121795724523878e+01,4.839121795724523878e+01,4.843726657270275382e+01,4.843726657270275382e+01,4.843726657270275382e+01,4.839121795724523878e+01,4.843726657270275382e+01,4.843726657270275382e+01,4.843726657270275382e+01,4.843726657270275382e+01,4.843726657270275382e+01,4.843726657270275382e+01,4.811167037517778766e+01,4.811167037517778766e+01,4.811167037517778766e+01,4.788278696882506580e+01,4.792496937755682040e+01,4.788278696882506580e+01,4.792496937755682040e+01,4.792496937755682040e+01,4.792496937755682040e+01,4.775863406325767357e+01,4.775863406325767357e+01,4.775863406325767357e+01,4.775863406325767357e+01,4.779395095928212811e+01,4.779395095928212811e+01,4.779395095928212811e+01,4.777881604650924174e+01,4.779395095928212811e+01,4.779395095928212811e+01,4.779395095928212811e+01,4.782312809612357540e+01,4.779395095928212811e+01,4.779395095928212811e+01,4.756876349624493372e+01,4.765260490271003846e+01,4.743125675203955893e+01,4.743125675203955893e+01,4.743125675203955893e+01,4.743125675203955893e+01,4.743125675203955893e+01,4.743125675203955893e+01,4.745620232106958980e+01,4.743125675203955893e+01,4.745620232106958980e+01,4.745620232106958980e+01,4.728271408717901636e+01,4.728271408717901636e+01,4.728271408717901636e+01,4.728271408717901636e+01,4.730059646901850101e+01,4.708264977200765600e+01,4.708264977200765600e+01,4.708264977200765600e+01,4.708264977200765600e+01,4.708264977200765600e+01,4.708264977200765600e+01,4.708264977200765600e+01,4.708264977200765600e+01,4.708264977200765600e+01,4.708264977200765600e+01,4.691927342386769340e+01,4.691927342386769340e+01,4.690602341439486622e+01,4.691927342386769340e+01,4.691927342386769340e+01,4.691927342386769340e+01,4.691927342386769340e+01,4.691927342386769340e+01,4.691927342386769340e+01,4.670181075610310018e+01,4.691927342386769340e+01,4.670181075610310018e+01,4.652186734779220956e+01,4.652186734779220956e+01,4.653034317841373024e+01,4.653034317841373024e+01,4.653034317841373024e+01,4.653034317841373024e+01,4.653034317841373024e+01,4.631300085400408051e+01,4.653034317841373024e+01,4.631300085400408051e+01,4.631766540768258267e+01,4.631766540768258267e+01,4.631766540768258267e+01,4.631766540768258267e+01,4.613313246034990556e+01,4.613313246034990556e+01,4.613313246034990556e+01,4.613313246034990556e+01,4.613313246034990556e+01,4.613313246034990556e+01,4.613313246034990556e+01,4.591524945892371790e+01,4.613067877098331593e+01,4.613067877098331593e+01,4.591524945892371790e+01,4.591524945892371790e+01,4.591524945892371790e+01,4.590874083596737165e+01,4.590874083596737165e+01,4.590874083596737165e+01,4.571948641941599334e+01,4.571948641941599334e+01,4.571948641941599334e+01,4.571948641941599334e+01,4.571948641941599334e+01,4.571948641941599334e+01,4.571948641941599334e+01,4.571948641941599334e+01,4.571948641941599334e+01,4.571948641941599334e+01,4.571948641941599334e+01,4.571301148545787640e+01,4.570654345244309980e+01,4.570654345244309980e+01,4.570654345244309980e+01,4.551325106443154311e+01,4.551325106443154311e+01,4.551325106443154311e+01,4.551325106443154311e+01,4.529853417465218257e+01,4.539536613733491777e+01,4.529853417465218257e+01,4.529853417465218257e+01,4.529853417465218257e+01,4.529853417465218257e+01,4.529853417465218257e+01,4.529853417465218257e+01,4.528062662474143707e+01,4.528062662474143707e+01,4.528062662474143707e+01,4.529853417465218257e+01,4.528062662474143707e+01,4.508322107481588148e+01,4.528062662474143707e+01,4.508322107481588148e+01,4.508322107481588148e+01,4.508322107481588148e+01,4.506010281925738781e+01,4.506010281925738781e+01,4.506010281925738781e+01,4.506010281925738781e+01,4.506010281925738781e+01,4.484423215022296461e+01,4.506010281925738781e+01,4.506010281925738781e+01,4.484423215022296461e+01,4.506010281925738781e+01,4.484423215022296461e+01,4.484423215022296461e+01,4.484423215022296461e+01,4.484423215022296461e+01,4.484423215022296461e+01,4.484423215022296461e+01,4.484423215022296461e+01,4.484423215022296461e+01,4.481676811297396767e+01,4.481676811297396767e+01,4.481676811297396767e+01,4.481676811297396767e+01,4.461470032128814722e+01,4.461470032128814722e+01,4.461470032128814722e+01,4.461470032128814722e+01,4.461470032128814722e+01,4.461470032128814722e+01,4.461470032128814722e+01,4.461470032128814722e+01,4.461470032128814722e+01,4.461470032128814722e+01,4.461470032128814722e+01,4.458314279987928330e+01,4.461470032128814722e+01,4.461470032128814722e+01,4.458314279987928330e+01,4.461470032128814722e+01,4.461470032128814722e+01,4.458314279987928330e+01,4.458314279987928330e+01,4.458314279987928330e+01,4.458314279987928330e+01,4.458314279987928330e+01,4.458314279987928330e+01,4.458314279987928330e+01,4.458314279987928330e+01,4.458314279987928330e+01,4.458314279987928330e+01,4.458314279987928330e+01,4.458314279987928330e+01,4.458314279987928330e+01,4.458314279987928330e+01,4.458314279987928330e+01,4.436448851672235349e+01,4.458314279987928330e+01,4.437801728330462225e+01,4.437801728330462225e+01,4.437801728330462225e+01,4.437801728330462225e+01,4.454846543754648280e+01,4.434352856366021456e+01,4.434352856366021456e+01,4.415805856950456132e+01,4.437801728330462225e+01,4.415805856950456132e+01,4.434352856366021456e+01,4.434352856366021456e+01,4.434352856366021456e+01,4.434352856366021456e+01,4.412211958225421427e+01,4.434352856366021456e+01,4.434352856366021456e+01,4.434352856366021456e+01,4.412211958225421427e+01,4.434352856366021456e+01,4.434352856366021456e+01,4.412211958225421427e+01,4.434352856366021456e+01,4.434352856366021456e+01,4.434352856366021456e+01,4.412211958225421427e+01,4.412211958225421427e+01,4.434352856366021456e+01,4.434352856366021456e+01,4.434352856366021456e+01,4.412211958225421427e+01,4.412211958225421427e+01,4.434352856366021456e+01,4.412211958225421427e+01,4.412211958225421427e+01,4.412211958225421427e+01,4.434352856366021456e+01,4.434352856366021456e+01,4.412211958225421427e+01,4.391270943067672050e+01,4.413614535107452497e+01,4.391270943067672050e+01,4.391270943067672050e+01,4.391270943067672050e+01,4.391270943067672050e+01,4.413614535107452497e+01,4.391270943067672050e+01,4.391270943067672050e+01,4.391270943067672050e+01,4.391270943067672050e+01,4.391270943067672050e+01,4.391270943067672050e+01,4.391270943067672050e+01,4.391270943067672050e+01,4.391270943067672050e+01,4.391270943067672050e+01,4.391270943067672050e+01,4.391270943067672050e+01,4.391270943067672050e+01,4.391270943067672050e+01,4.391270943067672050e+01,4.391270943067672050e+01,4.401315539655042386e+01,4.391270943067672050e+01,4.391270943067672050e+01,4.391270943067672050e+01,4.391270943067672050e+01,4.391270943067672050e+01,4.391270943067672050e+01,4.391270943067672050e+01,4.391270943067672050e+01,4.391270943067672050e+01,4.391270943067672050e+01,4.391270943067672050e+01,4.413614535107452497e+01,4.391270943067672050e+01,4.391270943067672050e+01,4.391270943067672050e+01,4.391270943067672050e+01,4.391270943067672050e+01,4.391270943067672050e+01,4.391270943067672050e+01,4.391270943067672050e+01,4.391270943067672050e+01,4.391270943067672050e+01,4.391270943067672050e+01,4.370081499323644891e+01,4.391270943067672050e+01,4.387423573468866067e+01,4.391270943067672050e+01,4.387423573468866067e+01,4.370081499323644891e+01,4.387423573468866067e+01,4.366270907331706042e+01,4.387423573468866067e+01,4.366270907331706042e+01,4.370081499323644891e+01,4.366270907331706042e+01,4.370081499323644891e+01,4.368011002103265383e+01,4.366270907331706042e+01,4.366270907331706042e+01,4.366270907331706042e+01,4.366270907331706042e+01,4.370081499323644891e+01,4.366270907331706042e+01,4.366270907331706042e+01,4.366270907331706042e+01,4.366270907331706042e+01,4.366270907331706042e+01,4.366270907331706042e+01,4.366270907331706042e+01,4.366270907331706042e+01,4.366270907331706042e+01,4.366270907331706042e+01,4.366270907331706042e+01,4.366270907331706042e+01,4.366270907331706042e+01,4.366270907331706042e+01,4.366270907331706042e+01,4.366270907331706042e+01,4.366270907331706042e+01,4.366270907331706042e+01,4.366270907331706042e+01,4.389088928817542268e+01,4.366270907331706042e+01,4.366270907331706042e+01,4.366270907331706042e+01,4.366270907331706042e+01,4.366270907331706042e+01,4.366270907331706042e+01,4.366270907331706042e+01,4.366270907331706042e+01,4.366270907331706042e+01,4.366270907331706042e+01,4.366270907331706042e+01,4.366270907331706042e+01,4.366270907331706042e+01,4.366270907331706042e+01,4.366270907331706042e+01,4.340995261671245231e+01,4.340995261671245231e+01,4.340995261671245231e+01,4.340995261671245231e+01,4.340995261671245231e+01,4.340995261671245231e+01,4.340995261671245231e+01,4.340995261671245231e+01,4.366270907331706042e+01,4.366270907331706042e+01,4.366270907331706042e+01,4.340995261671245231e+01,4.340995261671245231e+01,4.340995261671245231e+01,4.340995261671245231e+01,4.340995261671245231e+01,4.340995261671245231e+01,4.340995261671245231e+01,4.340995261671245231e+01,4.340995261671245231e+01,4.336949345841895820e+01,4.340995261671245231e+01,4.340995261671245231e+01,4.340995261671245231e+01,4.340995261671245231e+01,4.340995261671245231e+01,4.340995261671245231e+01,4.340995261671245231e+01,4.340995261671245231e+01,4.340995261671245231e+01,4.336949345841895820e+01,4.340995261671245231e+01,4.340995261671245231e+01,4.340995261671245231e+01,4.340995261671245231e+01,4.340995261671245231e+01,4.340995261671245231e+01,4.340995261671245231e+01,4.336949345841895820e+01,4.340995261671245231e+01,4.340995261671245231e+01,4.340995261671245231e+01,4.336949345841895820e+01,4.336949345841895820e+01,4.340995261671245231e+01,4.336949345841895820e+01,4.340995261671245231e+01,4.336949345841895820e+01,4.336949345841895820e+01,4.336949345841895820e+01,4.340995261671245231e+01,4.340995261671245231e+01,4.340995261671245231e+01,4.340995261671245231e+01,4.336949345841895820e+01,4.336949345841895820e+01,4.336949345841895820e+01,4.336949345841895820e+01,4.336949345841895820e+01,4.336949345841895820e+01,4.336949345841895820e+01,4.336949345841895820e+01,4.315610352697317609e+01,4.336949345841895820e+01,4.336949345841895820e+01,4.336949345841895820e+01,4.336949345841895820e+01,4.315610352697317609e+01,4.325227696492192564e+01,4.336949345841895820e+01,4.340995261671245231e+01,4.315610352697317609e+01,4.336949345841895820e+01,4.336949345841895820e+01,4.315610352697317609e+01,4.315610352697317609e+01,4.336949345841895820e+01,4.315610352697317609e+01,4.336949345841895820e+01,4.315610352697317609e+01,4.315610352697317609e+01,4.336949345841895820e+01,4.315610352697317609e+01,4.315610352697317609e+01,4.315610352697317609e+01,4.315610352697317609e+01,4.315610352697317609e+01,4.315610352697317609e+01,4.315610352697317609e+01,4.315610352697317609e+01,4.315610352697317609e+01,4.315610352697317609e+01,4.315610352697317609e+01,4.315610352697317609e+01,4.315610352697317609e+01,4.315610352697317609e+01,4.315610352697317609e+01,4.315610352697317609e+01,4.315610352697317609e+01,4.315610352697317609e+01,4.291755655535599345e+01,4.315610352697317609e+01,4.315610352697317609e+01,4.315610352697317609e+01,4.291755655535599345e+01,4.315610352697317609e+01,4.315610352697317609e+01,4.315610352697317609e+01,4.315610352697317609e+01,4.315610352697317609e+01,4.315610352697317609e+01,4.315610352697317609e+01,4.291755655535599345e+01,4.291755655535599345e+01,4.315610352697317609e+01,4.291755655535599345e+01,4.291755655535599345e+01,4.291755655535599345e+01,4.291755655535599345e+01,4.315610352697317609e+01,4.291755655535599345e+01,4.291755655535599345e+01,4.291755655535599345e+01,4.291755655535599345e+01,4.291755655535599345e+01,4.291755655535599345e+01,4.291755655535599345e+01,4.291755655535599345e+01,4.268029206887378280e+01,4.291755655535599345e+01,4.291755655535599345e+01,4.315610352697317609e+01,4.268029206887378280e+01,4.291755655535599345e+01,4.291755655535599345e+01,4.268029206887378280e+01,4.291755655535599345e+01,4.291755655535599345e+01,4.291755655535599345e+01,4.291755655535599345e+01,4.268029206887378280e+01,4.291755655535599345e+01,4.291755655535599345e+01,4.268029206887378280e+01,4.268029206887378280e+01,4.268029206887378280e+01,4.291755655535599345e+01,4.268029206887378280e+01,4.268029206887378280e+01,4.291755655535599345e+01,4.268029206887378280e+01,4.268029206887378280e+01,4.268029206887378280e+01,4.268029206887378280e+01,4.268029206887378280e+01,4.268029206887378280e+01,4.291755655535599345e+01,4.268029206887378280e+01,4.268029206887378280e+01,4.268029206887378280e+01,4.268029206887378280e+01,4.268029206887378280e+01,4.268029206887378280e+01,4.268029206887378280e+01,4.268029206887378280e+01,4.268029206887378280e+01,4.268029206887378280e+01,4.268029206887378280e+01,4.268029206887378280e+01,4.268029206887378280e+01,4.268029206887378280e+01,4.268029206887378280e+01,4.268029206887378280e+01,4.268029206887378280e+01,4.268029206887378280e+01,4.268029206887378280e+01,4.268029206887378280e+01,4.268029206887378280e+01,4.268029206887378280e+01,4.268029206887378280e+01,4.268029206887378280e+01,4.268029206887378280e+01,4.268029206887378280e+01,4.268029206887378280e+01,4.268029206887378280e+01,4.268029206887378280e+01,4.268029206887378280e+01,4.268029206887378280e+01,4.268029206887378280e+01,4.268029206887378280e+01,4.268029206887378280e+01,4.268029206887378280e+01,4.245859417340076902e+01,4.268029206887378280e+01,4.268029206887378280e+01,4.241324071074129876e+01,4.263400833760970698e+01,4.268029206887378280e+01,4.268029206887378280e+01,4.268029206887378280e+01,4.268029206887378280e+01,4.268029206887378280e+01,4.245859417340076902e+01,4.245859417340076902e+01,4.245859417340076902e+01,4.241324071074129876e+01,4.245859417340076902e+01,4.268029206887378280e+01,4.245859417340076902e+01,4.241324071074129876e+01,4.241324071074129876e+01,4.241324071074129876e+01,4.241324071074129876e+01,4.245859417340076902e+01,4.263400833760970698e+01,4.245859417340076902e+01,4.241324071074129876e+01,4.245859417340076902e+01,4.245859417340076902e+01,4.245859417340076902e+01,4.245859417340076902e+01,4.245859417340076902e+01,4.245859417340076902e+01,4.245859417340076902e+01,4.245859417340076902e+01,4.245859417340076902e+01,4.241324071074129876e+01,4.241324071074129876e+01,4.245859417340076902e+01,4.245859417340076902e+01,4.245859417340076902e+01,4.245859417340076902e+01,4.241324071074129876e+01,4.241324071074129876e+01,4.245859417340076902e+01,4.245859417340076902e+01,4.241324071074129876e+01,4.241324071074129876e+01,4.245859417340076902e+01,4.245859417340076902e+01,4.245859417340076902e+01,4.241324071074129876e+01,4.245859417340076902e+01,4.241324071074129876e+01,4.245859417340076902e+01,4.241324071074129876e+01,4.241324071074129876e+01,4.241324071074129876e+01,4.241324071074129876e+01,4.241324071074129876e+01,4.241324071074129876e+01,4.245859417340076902e+01,4.241324071074129876e+01,4.241324071074129876e+01,4.241324071074129876e+01,4.245859417340076902e+01,4.241324071074129876e+01,4.245859417340076902e+01,4.245859417340076902e+01,4.241324071074129876e+01,4.241324071074129876e+01,4.241324071074129876e+01,4.245859417340076902e+01,4.245859417340076902e+01,4.245859417340076902e+01,4.241324071074129876e+01,4.241324071074129876e+01,4.241324071074129876e+01,4.245859417340076902e+01,4.245859417340076902e+01,4.245859417340076902e+01,4.241324071074129876e+01,4.245859417340076902e+01,4.245859417340076902e+01,4.245859417340076902e+01,4.241324071074129876e+01,4.241324071074129876e+01,4.241324071074129876e+01,4.241324071074129876e+01,4.241324071074129876e+01,4.241324071074129876e+01,4.241324071074129876e+01,4.241324071074129876e+01,4.241324071074129876e+01,4.241324071074129876e+01,4.241324071074129876e+01,4.241324071074129876e+01,4.241324071074129876e+01,4.241324071074129876e+01,4.243373230861310219e+01,4.241324071074129876e+01,4.241324071074129876e+01,4.241324071074129876e+01,4.241324071074129876e+01,4.241324071074129876e+01,4.241324071074129876e+01,4.241324071074129876e+01,4.241324071074129876e+01,4.241324071074129876e+01,4.241324071074129876e+01,4.245859417340076902e+01,4.241324071074129876e+01,4.245859417340076902e+01,4.241324071074129876e+01,4.241324071074129876e+01,4.241324071074129876e+01,4.241324071074129876e+01,4.241324071074129876e+01,4.245859417340076902e+01,4.241324071074129876e+01,4.241324071074129876e+01,4.241324071074129876e+01,4.241324071074129876e+01,4.241324071074129876e+01,4.241324071074129876e+01,4.241324071074129876e+01,4.245859417340076902e+01,4.241324071074129876e+01,4.241324071074129876e+01,4.241324071074129876e+01,4.241324071074129876e+01,4.241324071074129876e+01,4.241324071074129876e+01,4.241324071074129876e+01,4.241324071074129876e+01,4.245859417340076902e+01,4.241324071074129876e+01,4.241324071074129876e+01,4.241324071074129876e+01,4.241324071074129876e+01,4.241324071074129876e+01,4.245859417340076902e+01,4.241324071074129876e+01,4.241324071074129876e+01,4.241324071074129876e+01,4.241324071074129876e+01,4.241324071074129876e+01,4.241324071074129876e+01,4.241324071074129876e+01,4.241324071074129876e+01,4.241324071074129876e+01,4.241324071074129876e+01,4.241324071074129876e+01,4.241324071074129876e+01,4.241324071074129876e+01,4.241324071074129876e+01,4.241324071074129876e+01,4.241324071074129876e+01,4.241324071074129876e+01,4.245859417340076902e+01,4.241324071074129876e+01,4.241324071074129876e+01,4.245859417340076902e+01,4.241324071074129876e+01,4.241324071074129876e+01,4.245859417340076902e+01,4.241324071074129876e+01,4.241324071074129876e+01,4.241324071074129876e+01,4.241324071074129876e+01,4.245859417340076902e+01,4.241324071074129876e+01,4.241324071074129876e+01,4.241324071074129876e+01,4.241324071074129876e+01,4.241324071074129876e+01,4.241324071074129876e+01,4.241324071074129876e+01,4.241324071074129876e+01,4.241324071074129876e+01,4.241324071074129876e+01,4.241324071074129876e+01,4.241324071074129876e+01,4.241324071074129876e+01,4.241324071074129876e+01,4.241324071074129876e+01,4.241324071074129876e+01,4.241324071074129876e+01,4.241324071074129876e+01,4.241324071074129876e+01,4.245859417340076902e+01,4.241324071074129876e+01,4.241324071074129876e+01,4.241324071074129876e+01,4.241324071074129876e+01,4.241324071074129876e+01,4.241324071074129876e+01,4.241324071074129876e+01,4.241324071074129876e+01,4.241324071074129876e+01,4.241324071074129876e+01,4.243373230861310219e+01,4.241324071074129876e+01,4.241324071074129876e+01,4.241324071074129876e+01,4.241324071074129876e+01,4.241324071074129876e+01,4.241324071074129876e+01,4.241324071074129876e+01,4.241324071074129876e+01,4.241324071074129876e+01,4.241324071074129876e+01,4.241324071074129876e+01,4.241324071074129876e+01,4.241324071074129876e+01,4.241324071074129876e+01,4.245859417340076902e+01,4.241324071074129876e+01,4.245859417340076902e+01,4.241324071074129876e+01,4.241324071074129876e+01,4.241324071074129876e+01,4.241324071074129876e+01,4.241324071074129876e+01,4.241324071074129876e+01,4.241324071074129876e+01,4.241324071074129876e+01,4.241324071074129876e+01,4.241324071074129876e+01,4.241324071074129876e+01,4.241324071074129876e+01,4.241324071074129876e+01,4.241324071074129876e+01,4.241324071074129876e+01,4.241324071074129876e+01,4.241324071074129876e+01,4.241324071074129876e+01,4.241324071074129876e+01,4.241324071074129876e+01,4.241324071074129876e+01,4.241324071074129876e+01,4.241324071074129876e+01,4.241324071074129876e+01,4.241324071074129876e+01,4.241324071074129876e+01,4.241324071074129876e+01,4.241324071074129876e+01,4.241324071074129876e+01,4.241324071074129876e+01,4.241324071074129876e+01,4.241324071074129876e+01,4.241324071074129876e+01,4.241324071074129876e+01,4.241324071074129876e+01,4.241324071074129876e+01,4.241324071074129876e+01,4.241324071074129876e+01,4.241324071074129876e+01,4.241324071074129876e+01,4.241324071074129876e+01,4.241324071074129876e+01,4.241324071074129876e+01,4.241324071074129876e+01,4.241324071074129876e+01,4.241324071074129876e+01,4.241324071074129876e+01,4.241324071074129876e+01,4.241324071074129876e+01,4.241324071074129876e+01,4.241324071074129876e+01,4.241324071074129876e+01,4.241324071074129876e+01,4.241324071074129876e+01,4.219127119378541124e+01,4.241324071074129876e+01,4.241324071074129876e+01,4.241324071074129876e+01,4.219127119378541124e+01,4.219127119378541124e+01,4.241324071074129876e+01,4.241324071074129876e+01,4.241324071074129876e+01,4.241324071074129876e+01,4.241324071074129876e+01,4.219127119378541124e+01,4.241324071074129876e+01,4.241324071074129876e+01,4.219127119378541124e+01,4.229127631834145973e+01,4.241324071074129876e+01,4.241324071074129876e+01,4.229127631834145973e+01,4.241324071074129876e+01,4.241324071074129876e+01,4.219127119378541124e+01,4.241324071074129876e+01,4.241324071074129876e+01,4.229127631834145973e+01,4.229127631834145973e+01,4.241324071074129876e+01,4.219127119378541124e+01,4.219127119378541124e+01,4.241324071074129876e+01,4.229127631834145973e+01,4.219127119378541124e+01,4.219127119378541124e+01,4.241324071074129876e+01,4.241324071074129876e+01,4.241324071074129876e+01,4.219127119378541124e+01,4.219127119378541124e+01,4.241324071074129876e+01,4.219127119378541124e+01,4.241324071074129876e+01,4.219127119378541124e+01,4.219127119378541124e+01,4.219127119378541124e+01,4.241324071074129876e+01,4.241324071074129876e+01,4.219127119378541124e+01,4.241324071074129876e+01,4.219127119378541124e+01,4.219127119378541124e+01,4.219127119378541124e+01,4.219127119378541124e+01,4.219127119378541124e+01,4.219127119378541124e+01,4.219127119378541124e+01,4.219127119378541124e+01,4.219127119378541124e+01,4.219127119378541124e+01,4.219127119378541124e+01,4.241324071074129876e+01,4.219127119378541124e+01,4.219127119378541124e+01,4.219127119378541124e+01,4.219127119378541124e+01,4.241324071074129876e+01,4.219127119378541124e+01,4.219127119378541124e+01,4.219127119378541124e+01,4.219127119378541124e+01,4.219127119378541124e+01,4.219127119378541124e+01,4.241324071074129876e+01,4.245859417340076902e+01,4.245859417340076902e+01,4.245859417340076902e+01,4.245859417340076902e+01,4.245859417340076902e+01,4.245859417340076902e+01,4.245859417340076902e+01,4.245859417340076902e+01,4.245859417340076902e+01,4.245859417340076902e+01,4.245859417340076902e+01,4.245859417340076902e+01,4.245859417340076902e+01,4.245859417340076902e+01,4.245859417340076902e+01,4.245859417340076902e+01,4.245859417340076902e+01,4.245859417340076902e+01,4.245859417340076902e+01,4.245859417340076902e+01,4.245859417340076902e+01,4.245859417340076902e+01,4.245859417340076902e+01,4.245859417340076902e+01,4.245859417340076902e+01,4.245859417340076902e+01,4.245859417340076902e+01,4.245859417340076902e+01,4.245859417340076902e+01,4.245859417340076902e+01,4.245859417340076902e+01,4.245859417340076902e+01,4.245859417340076902e+01,4.245859417340076902e+01,4.245859417340076902e+01,4.245859417340076902e+01,4.245859417340076902e+01,4.245859417340076902e+01,4.245859417340076902e+01,4.245859417340076902e+01,4.245859417340076902e+01,4.245859417340076902e+01,4.245859417340076902e+01,4.245859417340076902e+01,4.245859417340076902e+01,4.245859417340076902e+01,4.245859417340076902e+01,4.245859417340076902e+01,4.245859417340076902e+01,4.245859417340076902e+01,4.245859417340076902e+01,4.245859417340076902e+01,4.245859417340076902e+01,4.245859417340076902e+01,4.245859417340076902e+01,4.245859417340076902e+01,4.245859417340076902e+01,4.245859417340076902e+01,4.245859417340076902e+01,4.245859417340076902e+01,4.245859417340076902e+01,4.245859417340076902e+01,4.245859417340076902e+01,4.245859417340076902e+01,4.245859417340076902e+01,4.245859417340076902e+01,4.245859417340076902e+01,4.245859417340076902e+01,4.245859417340076902e+01,4.250306822589899269e+01,4.245859417340076902e+01,4.245859417340076902e+01,4.245859417340076902e+01,4.245859417340076902e+01,4.245859417340076902e+01,4.245859417340076902e+01,4.245859417340076902e+01,4.245859417340076902e+01,4.245859417340076902e+01,4.245859417340076902e+01,4.245859417340076902e+01,4.245859417340076902e+01,4.245859417340076902e+01,4.245859417340076902e+01,4.245859417340076902e+01,4.245859417340076902e+01,4.245859417340076902e+01,4.245859417340076902e+01,4.245859417340076902e+01,4.245859417340076902e+01,4.245859417340076902e+01,4.245859417340076902e+01,4.245859417340076902e+01,4.245859417340076902e+01,4.245859417340076902e+01,4.245859417340076902e+01,4.245859417340076902e+01,4.245859417340076902e+01,4.245859417340076902e+01,4.245859417340076902e+01,4.245859417340076902e+01,4.245859417340076902e+01,4.245859417340076902e+01,4.245859417340076902e+01,4.245859417340076902e+01,4.245859417340076902e+01,4.247874195324806834e+01,4.247874195324806834e+01,4.245859417340076902e+01,4.245859417340076902e+01,4.245859417340076902e+01,4.245859417340076902e+01,4.245859417340076902e+01,4.245859417340076902e+01,4.245859417340076902e+01,4.245859417340076902e+01,4.245859417340076902e+01,4.245859417340076902e+01,4.245859417340076902e+01,4.245859417340076902e+01,4.245859417340076902e+01,4.245859417340076902e+01,4.245859417340076902e+01,4.245859417340076902e+01,4.245859417340076902e+01,4.245859417340076902e+01,4.245859417340076902e+01,4.245859417340076902e+01,4.245859417340076902e+01,4.245859417340076902e+01,4.245859417340076902e+01,4.245859417340076902e+01,4.245859417340076902e+01,4.245859417340076902e+01,4.245859417340076902e+01,4.245859417340076902e+01,4.245859417340076902e+01,4.245859417340076902e+01,4.245859417340076902e+01,4.245859417340076902e+01,4.245859417340076902e+01,4.245859417340076902e+01,4.245859417340076902e+01,4.245859417340076902e+01,4.245859417340076902e+01,4.245859417340076902e+01,4.245859417340076902e+01,4.245859417340076902e+01,4.245859417340076902e+01,4.245859417340076902e+01,4.245859417340076902e+01,4.245859417340076902e+01,4.245859417340076902e+01,4.245859417340076902e+01,4.245859417340076902e+01,4.250306822589899269e+01,4.245859417340076902e+01,4.245859417340076902e+01,4.241324071074129876e+01,4.245859417340076902e+01,4.245859417340076902e+01,4.245859417340076902e+01,4.245859417340076902e+01,4.245859417340076902e+01,4.245859417340076902e+01,4.245859417340076902e+01,4.245859417340076902e+01,4.245859417340076902e+01,4.245859417340076902e+01,4.245859417340076902e+01,4.245859417340076902e+01,4.250306822589899269e+01,4.245859417340076902e+01,4.245859417340076902e+01,4.245859417340076902e+01,4.245859417340076902e+01,4.245859417340076902e+01,4.245859417340076902e+01,4.245859417340076902e+01,4.245859417340076902e+01,4.245859417340076902e+01,4.245859417340076902e+01,4.250306822589899269e+01,4.245859417340076902e+01,4.245859417340076902e+01,4.250306822589899269e+01,4.245859417340076902e+01,4.245859417340076902e+01,4.245859417340076902e+01,4.245859417340076902e+01,4.250306822589899269e+01,4.245859417340076902e+01,4.245859417340076902e+01,4.245859417340076902e+01,4.250306822589899269e+01,4.245859417340076902e+01,4.250306822589899269e+01,4.250306822589899269e+01,4.250306822589899269e+01,4.250306822589899269e+01,4.245859417340076902e+01,4.250306822589899269e+01,4.245859417340076902e+01,4.250306822589899269e+01,4.250306822589899269e+01,4.250306822589899269e+01,4.250306822589899269e+01,4.250306822589899269e+01,4.250306822589899269e+01,4.250306822589899269e+01,4.250306822589899269e+01,4.250306822589899269e+01,4.245859417340076902e+01,4.250306822589899269e+01,4.250306822589899269e+01,4.250306822589899269e+01,4.250306822589899269e+01,4.250306822589899269e+01,4.250306822589899269e+01,4.250306822589899269e+01,4.250306822589899269e+01,4.250306822589899269e+01,4.245859417340076902e+01,4.250306822589899269e+01,4.250306822589899269e+01,4.250306822589899269e+01,4.250306822589899269e+01,4.250306822589899269e+01,4.250306822589899269e+01,4.250306822589899269e+01,4.250306822589899269e+01,4.250306822589899269e+01,4.250306822589899269e+01,4.250306822589899269e+01,4.250306822589899269e+01
1.855040386612845538e+01,1.855040386612845538e+01,1.855040386612845538e+01,1.860873676354930595e+01,1.912146133067326659e+01,1.918579067978717489e+01,1.918579067978717489e+01,1.918579067978717489e+01,1.925392773588724538e+01,1.925392773588724538e+01,1.962443226405575913e+01,2.019581147678957933e+01,2.033812192831944898e+01,2.033812192831944898e+01,2.033812192831944898e+01,2.033812192831944898e+01,2.033812192831944898e+01,2.033812192831944898e+01,2.033812192831944898e+01,2.040696705083523810e+01,2.040696705083523810e+01,2.040696705083523810e+01,2.083351746988917341e+01,2.083351746988917341e+01,2.083351746988917341e+01,2.083351746988917341e+01,2.083351746988917341e+01,2.101818614514926153e+01,2.108456471319882652e+01,2.108456471319882652e+01,2.108456471319882652e+01,2.108456471319882652e+01,2.108456471319882652e+01,2.154021252508690765e+01,2.154021252508690765e+01,2.154021252508690765e+01,2.154021252508690765e+01,2.154021252508690765e+01,2.154021252508690765e+01,2.154021252508690765e+01,2.179869088755913964e+01,2.179869088755913964e+01,2.179869088755913964e+01,2.228522781193808555e+01,2.234419028609949009e+01,2.234419028609949009e+01,2.234419028609949009e+01,2.234419028609949009e+01,2.234419028609949009e+01,2.255025759494443349e+01,2.255025759494443349e+01,2.255025759494443349e+01,2.255025759494443349e+01,2.312277189438433922e+01,2.367393060867987131e+01,2.312277189438433922e+01,2.367393060867987131e+01,2.367393060867987131e+01,2.367393060867987131e+01,2.367393060867987131e+01,2.389402437850355199e+01,2.389402437850355199e+01,2.389402437850355199e+01,2.389402437850355199e+01,2.389402437850355199e+01,2.389402437850355199e+01,2.389402437850355199e+01,2.389402437850355199e+01,2.389402437850355199e+01,2.389402437850355199e+01,2.389402437850355199e+01,2.389402437850355199e+01,2.436842083116031787e+01,2.436842083116031787e+01,2.436842083116031787e+01,2.436842083116031787e+01,2.440885849007900177e+01,2.500169530188380307e+01,2.500169530188380307e+01,2.500169530188380307e+01,2.500169530188380307e+01,2.500169530188380307e+01,2.500169530188380307e+01,2.500169530188380307e+01,2.525284507679704760e+01,2.587250430415848257e+01,2.587250430415848257e+01,2.587250430415848257e+01,2.587250430415848257e+01,2.587250430415848257e+01,2.587250430415848257e+01,2.587250430415848257e+01,2.587250430415848257e+01,2.587250430415848257e+01,2.587250430415848257e+01,2.587250430415848257e+01,2.587250430415848257e+01,2.587250430415848257e+01,2.613108843296584283e+01,2.587250430415848257e+01,2.613108843296584283e+01,2.613108843296584283e+01,2.613108843296584283e+01,2.613108843296584283e+01,2.613108843296584283e+01,2.613108843296584283e+01,2.676371011686095613e+01,2.613108843296584283e+01,2.613108843296584283e+01,2.676371011686095613e+01,2.676371011686095613e+01,2.676371011686095613e+01,2.676371011686095613e+01,2.676371011686095613e+01,2.702856953235131243e+01,2.702856953235131243e+01,2.702856953235131243e+01,2.702856953235131243e+01,2.702856953235131243e+01,2.702856953235131243e+01,2.702856953235131243e+01,2.702856953235131243e+01,2.702856953235131243e+01,2.702856953235131243e+01,2.767068774211594828e+01,2.767068774211594828e+01,2.767068774211594828e+01,2.767068774211594828e+01,2.794138865650000980e+01,2.792459506552657444e+01,2.794138865650000980e+01,2.794138865650000980e+01,2.794138865650000980e+01,2.792459506552657444e+01,2.792459506552657444e+01,2.794138865650000980e+01,2.792459506552657444e+01,2.792459506552657444e+01,2.792459506552657444e+01,2.794138865650000980e+01,2.792459506552657444e+01,2.820683019083227450e+01,2.820683019083227450e+01,2.820683019083227450e+01,2.884759782220107382e+01,2.884759782220107382e+01,2.884759782220107382e+01,2.884759782220107382e+01,2.884759782220107382e+01,2.884759782220107382e+01,2.884759782220107382e+01,2.884759782220107382e+01,2.884759782220107382e+01,2.884759782220107382e+01,2.884759782220107382e+01,2.884759782220107382e+01,2.913336697044720580e+01,2.884759782220107382e+01,2.913336697044720580e+01,2.913336697044720580e+01,2.976233001002800194e+01,2.976233001002800194e+01,2.976233001002800194e+01,2.976233001002800194e+01,2.976233001002800194e+01,2.976233001002800194e+01,2.976233001002800194e+01,2.976233001002800194e+01,2.976233001002800194e+01,3.036937521870337875e+01,3.034255177380387636e+01,3.036937521870337875e+01,3.065648514037742345e+01,3.063265617557456011e+01,3.063265617557456011e+01,3.065648514037742345e+01,3.063265617557456011e+01,3.063265617557456011e+01,3.063265617557456011e+01,3.063265617557456011e+01,3.063265617557456011e+01,3.120006383095193669e+01,3.120006383095193669e+01,3.063265617557456011e+01,3.120006383095193669e+01,3.149120923889174861e+01,3.149120923889174861e+01,3.149120923889174861e+01,3.149120923889174861e+01,3.149120923889174861e+01,3.149120923889174861e+01,3.149120923889174861e+01,3.149120923889174861e+01,3.149120923889174861e+01,3.149120923889174861e+01,3.149120923889174861e+01,3.149120923889174861e+01,3.149120923889174861e+01,3.178520149799723171e+01,3.149120923889174861e+01,3.178520149799723171e+01,3.178520149799723171e+01,3.178520149799723171e+01,3.178520149799723171e+01,3.231552546170780715e+01,3.231552546170780715e+01,3.231552546170780715e+01,3.231552546170780715e+01,3.231552546170780715e+01,3.260894483497405361e+01,3.231552546170780715e+01,3.260894483497405361e+01,3.260894483497405361e+01,3.260894483497405361e+01,3.310487211611436464e+01,3.310487211611436464e+01,3.310487211611436464e+01,3.310487211611436464e+01,3.310487211611436464e+01,3.310487211611436464e+01,3.310487211611436464e+01,3.310487211611436464e+01,3.310487211611436464e+01,3.310487211611436464e+01,3.310487211611436464e+01,3.339686779210602907e+01,3.339686779210602907e+01,3.339686779210602907e+01,3.339686779210602907e+01,3.339686779210602907e+01,3.339686779210602907e+01,3.339686779210602907e+01,3.339686779210602907e+01,3.339686779210602907e+01,3.339686779210602907e+01,3.339686779210602907e+01,3.339686779210602907e+01,3.339686779210602907e+01,3.339686779210602907e+01,3.414965900427868917e+01,3.429697872275205839e+01,3.412610822235997432e+01,3.458239962826297642e+01,3.453512647530471469e+01,3.453512647530471469e+01,3.453512647530471469e+01,3.453512647530471469e+01,3.458239962826297642e+01,3.458239962826297642e+01,3.453512647530471469e+01,3.453512647530471469e+01,3.453512647530471469e+01,3.453512647530471469e+01,3.453512647530471469e+01,3.453512647530471469e+01,3.453512647530471469e+01,3.482137011296972418e+01,3.453512647530471469e+01,3.500452473064795811e+01,3.522304492357366712e+01,3.482137011296972418e+01,3.522304492357366712e+01,3.522304492357366712e+01,3.522304492357366712e+01,3.522304492357366712e+01,3.522304492357366712e+01,3.522304492357366712e+01,3.517408561557504498e+01,3.522304492357366712e+01,3.560716167364577700e+01,3.560716167364577700e+01,3.560716167364577700e+01,3.550457428002115279e+01,3.585411448063992879e+01,3.557924228644001374e+01,3.583090669285731167e+01,3.583090669285731167e+01,3.588301995798407518e+01,3.588301995798407518e+01,3.583090669285731167e+01,3.583090669285731167e+01,3.583090669285731167e+01,3.583090669285731167e+01,3.583090669285731167e+01,3.583090669285731167e+01,3.583090669285731167e+01,3.583090669285731167e+01,3.583090669285731167e+01,3.583090669285731167e+01,3.583090669285731167e+01,3.583090669285731167e+01,3.610525153531683173e+01,3.610525153531683173e+01,3.610525153531683173e+01,3.610525153531683173e+01,3.610525153531683173e+01,3.646289052472945258e+01,3.646289052472945258e+01,3.646289052472945258e+01,3.646289052472945258e+01,3.646289052472945258e+01,3.646289052472945258e+01,3.646289052472945258e+01,3.646289052472945258e+01,3.646289052472945258e+01,3.646289052472945258e+01,3.673112053347524864e+01,3.673112053347524864e+01,3.673112053347524864e+01,3.673112053347524864e+01,3.673112053347524864e+01,3.673112053347524864e+01,3.707232000314373010e+01,3.707232000314373010e+01,3.707232000314373010e+01,3.707232000314373010e+01,3.707232000314373010e+01,3.707232000314373010e+01,3.707232000314373010e+01,3.707232000314373010e+01,3.707232000314373010e+01,3.707232000314373010e+01,3.707232000314373010e+01,3.707232000314373010e+01,3.733420327822668838e+01,3.733420327822668838e+01,3.733420327822668838e+01,3.733420327822668838e+01,3.733420327822668838e+01,3.733420327822668838e+01,3.733420327822668838e+01,3.733420327822668838e+01,3.733420327822668838e+01,3.733420327822668838e+01,3.733420327822668838e+01,3.733420327822668838e+01,3.766136181740551336e+01,3.766136181740551336e+01,3.766136181740551336e+01,3.766136181740551336e+01,3.798178888091673144e+01,3.798178888091673144e+01,3.798178888091673144e+01,3.823202065738664857e+01,3.823202065738664857e+01,3.823202065738664857e+01,3.817649496152775157e+01,3.823202065738664857e+01,3.823202065738664857e+01,3.823202065738664857e+01,3.823202065738664857e+01,3.823202065738664857e+01,3.823202065738664857e+01,3.823202065738664857e+01,3.823202065738664857e+01,3.823202065738664857e+01,3.823202065738664857e+01,3.823202065738664857e+01,3.823202065738664857e+01,3.854200415153074033e+01,3.848899834317478508e+01,3.873064865074139362e+01,3.878611450738638666e+01,3.878611450738638666e+01,3.873064865074139362e+01,3.878611450738638666e+01,3.878611450738638666e+01,3.878611450738638666e+01,3.878611450738638666e+01,3.878611450738638666e+01,3.878611450738638666e+01,3.878611450738638666e+01,3.878611450738638666e+01,3.878611450738638666e+01,3.875537290357562625e+01,3.878611450738638666e+01,3.878611450738638666e+01,3.908720202030015400e+01,3.920889155186009845e+01,3.903454983827489855e+01,3.926913435108918549e+01,3.950422474956328500e+01,3.950422474956328500e+01,3.926913435108918549e+01,3.950422474956328500e+01,3.956159731683165148e+01,3.956159731683165148e+01,3.956159731683165148e+01,3.950422474956328500e+01,3.950422474956328500e+01,3.956159731683165148e+01,3.956159731683165148e+01,3.950422474956328500e+01,3.950422474956328500e+01,3.950422474956328500e+01,3.950422474956328500e+01,3.956159731683165148e+01,3.979559865690529108e+01,3.973596086525953552e+01,3.979559865690529108e+01,3.973596086525953552e+01,3.979559865690529108e+01,3.979559865690529108e+01,4.008113982822487742e+01,4.002457222932965664e+01,4.008113982822487742e+01,4.008113982822487742e+01,4.002457222932965664e+01,4.002457222932965664e+01,4.008113982822487742e+01,4.002457222932965664e+01,4.002457222932965664e+01,4.002457222932965664e+01,4.025018957024663280e+01,4.025018957024663280e+01,4.002457222932965664e+01,4.002457222932965664e+01,4.025018957024663280e+01,4.025018957024663280e+01,4.025018957024663280e+01,4.025018957024663280e+01,4.025018957024663280e+01,4.025018957024663280e+01,4.053304626673112665e+01,4.053304626673112665e+01,4.053304626673112665e+01,4.053304626673112665e+01,4.053304626673112665e+01,4.053304626673112665e+01,4.053304626673112665e+01,4.053304626673112665e+01,4.053304626673112665e+01,4.053304626673112665e+01,4.053304626673112665e+01,4.053304626673112665e+01,4.053304626673112665e+01,4.053304626673112665e+01,4.075277266623167804e+01,4.075277266623167804e+01,4.075277266623167804e+01,4.087803317269199965e+01,4.075277266623167804e+01,4.075277266623167804e+01,4.103066496453713086e+01,4.103066496453713086e+01,4.103066496453713086e+01,4.103066496453713086e+01,4.103066496453713086e+01,4.103066496453713086e+01,4.103066496453713086e+01,4.103066496453713086e+01,4.103066496453713086e+01,4.103066496453713086e+01,4.103066496453713086e+01,4.103066496453713086e+01,4.103066496453713086e+01,4.103066496453713086e+01,4.103066496453713086e+01,4.103066496453713086e+01,4.124473191855127396e+01,4.103066496453713086e+01,4.124473191855127396e+01,4.124473191855127396e+01,4.124473191855127396e+01,4.124473191855127396e+01,4.124473191855127396e+01,4.124473191855127396e+01,4.124473191855127396e+01,4.124473191855127396e+01,4.151829804045287631e+01,4.151829804045287631e+01,4.151829804045287631e+01,4.151829804045287631e+01,4.151829804045287631e+01,4.151829804045287631e+01,4.151829804045287631e+01,4.151829804045287631e+01,4.151829804045287631e+01,4.151829804045287631e+01,4.151829804045287631e+01,4.179070179691180442e+01,4.179070179691180442e+01,4.179070179691180442e+01,4.199668448961406853e+01,4.179070179691180442e+01,4.179070179691180442e+01,4.179070179691180442e+01,4.179070179691180442e+01,4.179070179691180442e+01,4.199668448961406853e+01,4.199668448961406853e+01,4.179070179691180442e+01,4.199668448961406853e+01,4.199668448961406853e+01,4.199668448961406853e+01,4.199668448961406853e+01,4.199668448961406853e+01,4.199668448961406853e+01,4.226545460955544797e+01,4.199668448961406853e+01,4.226545460955544797e+01,4.226545460955544797e+01,4.226545460955544797e+01,4.226545460955544797e+01,4.226545460955544797e+01,4.226545460955544797e+01,4.226545460955544797e+01,4.226545460955544797e+01,4.226545460955544797e+01,4.226545460955544797e+01,4.226545460955544797e+01,4.226545460955544797e+01,4.226545460955544797e+01,4.226545460955544797e+01,4.226545460955544797e+01,4.226545460955544797e+01,4.226545460955544797e+01,4.226545460955544797e+01,4.226545460955544797e+01,4.226545460955544797e+01,4.226545460955544797e+01,4.226545460955544797e+01,4.226545460955544797e+01,4.226545460955544797e+01,4.226545460955544797e+01,4.226545460955544797e+01,4.226545460955544797e+01,4.226545460955544797e+01,4.226545460955544797e+01,4.226545460955544797e+01,4.226545460955544797e+01,4.226545460955544797e+01,4.253349239686301786e+01,4.253349239686301786e+01,4.253349239686301786e+01,4.253349239686301786e+01,4.253349239686301786e+01,4.253349239686301786e+01,4.253349239686301786e+01,4.253349239686301786e+01,4.253349239686301786e+01,4.253349239686301786e+01,4.253349239686301786e+01,4.253349239686301786e+01,4.253349239686301786e+01,4.253349239686301786e+01,4.253349239686301786e+01,4.253349239686301786e+01,4.253349239686301786e+01,4.253349239686301786e+01,4.253349239686301786e+01,4.257979473970538464e+01,4.257979473970538464e+01,4.257979473970538464e+01,4.257979473970538464e+01,4.257979473970538464e+01,4.257979473970538464e+01,4.257979473970538464e+01,4.257979473970538464e+01,4.257979473970538464e+01,4.257979473970538464e+01,4.257979473970538464e+01,4.257979473970538464e+01,4.257979473970538464e+01,4.257979473970538464e+01,4.257979473970538464e+01,4.257979473970538464e+01,4.257979473970538464e+01,4.257979473970538464e+01,4.257979473970538464e+01,4.257979473970538464e+01,4.257979473970538464e+01,4.257979473970538464e+01,4.257979473970538464e+01,4.257979473970538464e+01,4.257979473970538464e+01,4.257979473970538464e+01,4.257979473970538464e+01,4.257979473970538464e+01,4.257979473970538464e+01,4.257979473970538464e+01,4.257979473970538464e+01,4.257979473970538464e+01,4.257979473970538464e+01,4.257979473970538464e+01,4.257979473970538464e+01,4.257979473970538464e+01,4.257979473970538464e+01,4.257979473970538464e+01,4.257979473970538464e+01,4.257979473970538464e+01,4.257979473970538464e+01,4.257979473970538464e+01,4.257979473970538464e+01,4.257979473970538464e+01,4.257979473970538464e+01,4.237774546722712898e+01,4.257979473970538464e+01,4.257979473970538464e+01,4.257979473970538464e+01,4.257979473970538464e+01,4.257979473970538464e+01,4.257979473970538464e+01,4.257979473970538464e+01,4.257979473970538464e+01,4.237774546722712898e+01,4.237774546722712898e+01,4.257979473970538464e+01,4.257979473970538464e+01,4.237774546722712898e+01,4.237774546722712898e+01,4.257979473970538464e+01,4.257979473970538464e+01,4.257979473970538464e+01,4.237774546722712898e+01,4.257979473970538464e+01,4.237774546722712898e+01,4.257979473970538464e+01,4.257979473970538464e+01,4.257979473970538464e+01,4.257979473970538464e+01,4.237774546722712898e+01,4.237774546722712898e+01,4.237774546722712898e+01,4.237774546722712898e+01,4.257979473970538464e+01,4.237774546722712898e+01,4.257979473970538464e+01,4.237774546722712898e+01,4.237774546722712898e+01,4.237774546722712898e+01,4.237774546722712898e+01,4.237774546722712898e+01,4.237774546722712898e+01,4.237774546722712898e+01,4.237774546722712898e+01,4.237774546722712898e+01,4.237774546722712898e+01,4.237774546722712898e+01,4.237774546722712898e+01,4.237774546722712898e+01,4.257979473970538464e+01,4.257979473970538464e+01,4.262680859661513466e+01,4.257979473970538464e+01,4.257979473970538464e+01,4.257979473970538464e+01,4.237774546722712898e+01,4.257979473970538464e+01,4.257979473970538464e+01,4.257979473970538464e+01,4.257979473970538464e+01,4.284472702955143575e+01,4.257979473970538464e+01,4.257979473970538464e+01,4.284472702955143575e+01,4.257979473970538464e+01,4.284472702955143575e+01,4.257979473970538464e+01,4.284472702955143575e+01,4.284472702955143575e+01,4.284472702955143575e+01,4.284472702955143575e+01,4.284472702955143575e+01,4.284472702955143575e+01,4.284472702955143575e+01,4.284472702955143575e+01,4.284472702955143575e+01,4.284472702955143575e+01,4.284472702955143575e+01,4.284472702955143575e+01,4.284472702955143575e+01,4.284472702955143575e+01,4.284472702955143575e+01,4.284472702955143575e+01,4.284472702955143575e+01,4.284472702955143575e+01,4.288903581890269834e+01,4.310937086390483586e+01,4.315121500733170024e+01,4.310937086390483586e+01,4.310937086390483586e+01,4.310937086390483586e+01,4.310937086390483586e+01,4.334741449559791704e+01,4.315121500733170024e+01,4.315121500733170024e+01,4.334741449559791704e+01,4.315121500733170024e+01,4.315121500733170024e+01,4.310937086390483586e+01,4.315121500733170024e+01,4.315121500733170024e+01,4.315121500733170024e+01,4.334741449559791704e+01,4.334741449559791704e+01,4.334741449559791704e+01,4.334741449559791704e+01,4.334741449559791704e+01,4.334741449559791704e+01,4.334741449559791704e+01,4.315121500733170024e+01,4.334741449559791704e+01,4.334741449559791704e+01,4.334741449559791704e+01,4.334741449559791704e+01,4.334741449559791704e+01,4.334741449559791704e+01,4.334741449559791704e+01,4.334741449559791704e+01,4.334741449559791704e+01,4.334741449559791704e+01,4.334741449559791704e+01,4.334741449559791704e+01,4.334741449559791704e+01,4.334741449559791704e+01,4.334741449559791704e+01,4.334741449559791704e+01,4.339122636262276700e+01,4.339122636262276700e+01,4.339122636262276700e+01,4.339122636262276700e+01,4.339122636262276700e+01,4.334741449559791704e+01,4.339122636262276700e+01,4.339122636262276700e+01,4.339122636262276700e+01,4.339122636262276700e+01,4.339122636262276700e+01,4.339122636262276700e+01,4.339122636262276700e+01,4.339122636262276700e+01,4.364804380026452435e+01,4.339122636262276700e+01,4.339122636262276700e+01,4.364804380026452435e+01,4.364804380026452435e+01,4.339122636262276700e+01,4.364804380026452435e+01,4.364804380026452435e+01,4.364804380026452435e+01,4.364804380026452435e+01,4.364804380026452435e+01,4.364804380026452435e+01,4.364804380026452435e+01,4.364804380026452435e+01,4.364804380026452435e+01,4.364804380026452435e+01,4.364804380026452435e+01,4.364804380026452435e+01,4.364804380026452435e+01,4.364804380026452435e+01,4.364804380026452435e+01,4.364804380026452435e+01,4.364804380026452435e+01,4.364804380026452435e+01,4.364804380026452435e+01,4.364804380026452435e+01,4.364804380026452435e+01,4.364804380026452435e+01,4.368959745113583182e+01,4.364804380026452435e+01,4.364804380026452435e+01,4.368959745113583182e+01,4.364804380026452435e+01,4.368959745113583182e+01,4.368959745113583182e+01,4.388447845479139175e+01,4.388447845479139175e+01,4.377750598257698300e+01,4.388447845479139175e+01,4.388447845479139175e+01,4.388447845479139175e+01,4.388447845479139175e+01,4.388447845479139175e+01,4.388447845479139175e+01,4.388447845479139175e+01,4.388447845479139175e+01,4.388447845479139175e+01,4.388447845479139175e+01,4.413631841676308909e+01,4.413631841676308909e+01,4.413631841676308909e+01,4.399776483054708365e+01,4.413631841676308909e+01,4.417702513393102493e+01,4.413631841676308909e+01,4.417702513393102493e+01,4.388447845479139175e+01,4.417702513393102493e+01,4.417702513393102493e+01,4.417702513393102493e+01,4.413631841676308909e+01,4.413631841676308909e+01,4.413631841676308909e+01,4.417702513393102493e+01,4.417702513393102493e+01,4.417702513393102493e+01,4.417702513393102493e+01,4.417702513393102493e+01,4.417702513393102493e+01,4.417702513393102493e+01,4.417702513393102493e+01,4.417702513393102493e+01,4.417702513393102493e+01,4.417702513393102493e+01,4.417702513393102493e+01,4.417702513393102493e+01,4.417702513393102493e+01,4.417702513393102493e+01,4.417702513393102493e+01,4.417702513393102493e+01,4.442687833678854048e+01,4.417702513393102493e+01,4.442687833678854048e+01,4.442687833678854048e+01,4.442687833678854048e+01,4.417702513393102493e+01,4.461620942008276813e+01,4.442687833678854048e+01,4.461620942008276813e+01,4.442687833678854048e+01,4.442687833678854048e+01,4.461620942008276813e+01,4.461620942008276813e+01,4.461620942008276813e+01,4.442687833678854048e+01,4.461620942008276813e+01,4.461620942008276813e+01,4.461620942008276813e+01,4.461620942008276813e+01,4.461620942008276813e+01,4.461620942008276813e+01,4.461620942008276813e+01,4.465588182305708642e+01,4.461620942008276813e+01,4.461620942008276813e+01,4.461620942008276813e+01,4.461620942008276813e+01,4.461620942008276813e+01,4.461620942008276813e+01,4.465588182305708642e+01,4.465588182305708642e+01,4.461620942008276813e+01,4.461620942008276813e+01,4.461620942008276813e+01,4.465588182305708642e+01,4.465588182305708642e+01,4.465588182305708642e+01,4.461620942008276813e+01,4.490133947183797858e+01,4.490133947183797858e+01,4.490133947183797858e+01,4.465588182305708642e+01,4.490133947183797858e+01,4.465588182305708642e+01,4.490133947183797858e+01,4.484490711323955736e+01,4.495418547898893991e+01,4.490133947183797858e+01,4.508790404886374148e+01,4.508790404886374148e+01,4.508790404886374148e+01,4.508790404886374148e+01,4.508790404886374148e+01,4.508790404886374148e+01,4.508790404886374148e+01,4.508790404886374148e+01,4.512637396992489869e+01,4.512637396992489869e+01,4.512637396992489869e+01,4.512637396992489869e+01,4.512637396992489869e+01,4.512637396992489869e+01,4.512637396992489869e+01,4.512637396992489869e+01,4.512637396992489869e+01,4.512637396992489869e+01,4.512637396992489869e+01,4.512637396992489869e+01,4.512637396992489869e+01,4.512637396992489869e+01,4.536779122268481501e+01,4.536779122268481501e+01,4.512637396992489869e+01,4.512637396992489869e+01,4.555160428836273923e+01,4.536779122268481501e+01,4.536779122268481501e+01,4.536779122268481501e+01,4.536779122268481501e+01,4.536779122268481501e+01,4.536779122268481501e+01,4.555160428836273923e+01,4.555160428836273923e+01,4.558872228093696322e+01,4.558872228093696322e+01,4.558872228093696322e+01,4.555160428836273923e+01,4.558872228093696322e+01,4.556837563082130771e+01,4.582644301734124781e+01,4.558872228093696322e+01,4.558872228093696322e+01,4.582644301734124781e+01,4.582644301734124781e+01,4.582644301734124781e+01,4.582644301734124781e+01,4.582644301734124781e+01,4.582644301734124781e+01,4.582644301734124781e+01,4.582644301734124781e+01,4.582644301734124781e+01,4.586092113753109345e+01,4.586092113753109345e+01,4.582644301734124781e+01,4.586092113753109345e+01,4.586092113753109345e+01,4.604315949934638041e+01,4.586092113753109345e+01,4.604315949934638041e+01,4.604315949934638041e+01,4.604315949934638041e+01,4.604315949934638041e+01,4.604315949934638041e+01,4.604315949934638041e+01,4.604315949934638041e+01,4.604315949934638041e+01,4.614852212805344323e+01,4.604315949934638041e+01,4.604315949934638041e+01,4.627751552911195887e+01,4.627751552911195887e+01,4.627751552911195887e+01,4.627751552911195887e+01,4.627751552911195887e+01,4.627751552911195887e+01,4.651255494746063590e+01,4.654387847685556068e+01,4.627751552911195887e+01,4.651255494746063590e+01,4.654387847685556068e+01,4.672123827308001864e+01,4.672123827308001864e+01,4.672123827308001864e+01,4.672123827308001864e+01,4.672123827308001864e+01,4.672123827308001864e+01,4.672123827308001864e+01,4.672123827308001864e+01,4.672123827308001864e+01,4.672123827308001864e+01,4.672123827308001864e+01,4.672123827308001864e+01,4.695323891955798956e+01,4.695323891955798956e+01,4.695323891955798956e+01,4.695323891955798956e+01,4.695323891955798956e+01,4.695323891955798956e+01,4.695323891955798956e+01,4.695323891955798956e+01,4.698310697256378177e+01,4.698310697256378177e+01,4.698310697256378177e+01,4.718569029737435017e+01,4.735750942308040834e+01,4.715784727247423547e+01,4.738709842015955331e+01,4.738709842015955331e+01,4.738709842015955331e+01,4.735750942308040834e+01,4.738709842015955331e+01,4.738709842015955331e+01,4.738709842015955331e+01,4.738709842015955331e+01,4.738709842015955331e+01,4.738709842015955331e+01,4.738709842015955331e+01,4.741543465777205313e+01,4.741543465777205313e+01,4.741543465777205313e+01,4.738709842015955331e+01,4.741543465777205313e+01,4.751824916634924989e+01,4.741543465777205313e+01,4.764406830049735930e+01,4.764406830049735930e+01,4.781436038275545286e+01,4.764406830049735930e+01,4.781436038275545286e+01,4.781436038275545286e+01,4.781436038275545286e+01,4.781436038275545286e+01,4.781436038275545286e+01,4.781436038275545286e+01,4.784110164212191307e+01,4.781436038275545286e+01,4.784110164212191307e+01,4.784110164212191307e+01,4.784110164212191307e+01,4.784110164212191307e+01,4.784110164212191307e+01,4.784110164212191307e+01,4.784110164212191307e+01,4.806740266187210153e+01,4.806740266187210153e+01,4.784110164212191307e+01,4.806740266187210153e+01,4.814311733901769230e+01,4.806740266187210153e+01,4.823525284060461615e+01,4.826034893793362102e+01,4.826034893793362102e+01,4.826034893793362102e+01,4.826034893793362102e+01,4.848456963380684925e+01,4.848456963380684925e+01,4.848456963380684925e+01,4.848456963380684925e+01,4.848456963380684925e+01,4.848456963380684925e+01,4.848456963380684925e+01,4.848456963380684925e+01,4.848456963380684925e+01,4.848456963380684925e+01,4.848456963380684925e+01,4.850727337203541367e+01,4.850727337203541367e+01,4.850727337203541367e+01,4.879336171977132608e+01,4.870917185825400253e+01,4.889579306867742048e+01,4.880549841745695971e+01,4.889579306867742048e+01,4.889579306867742048e+01,4.889579306867742048e+01,4.889579306867742048e+01,4.889579306867742048e+01,4.889579306867742048e+01,4.889579306867742048e+01,4.889579306867742048e+01,4.889579306867742048e+01,4.889579306867742048e+01,4.911850897863834575e+01,4.913916357366571219e+01,4.913916357366571219e+01,4.891684958271751782e+01,4.919135841904136441e+01,4.952233217595077974e+01,4.913916357366571219e+01,4.936177122812903661e+01,4.952233217595077974e+01,4.952233217595077974e+01,4.952233217595077974e+01,4.952233217595077974e+01,4.952233217595077974e+01,4.952233217595077974e+01,4.952233217595077974e+01,4.952233217595077974e+01,4.952233217595077974e+01,4.952233217595077974e+01,4.952233217595077974e+01,4.974345465381228593e+01,4.954147742227352325e+01,4.974345465381228593e+01,4.974345465381228593e+01,4.992084242202110289e+01,4.976250502152271338e+01,4.992084242202110289e+01,4.992084242202110289e+01,4.993847077235197673e+01,4.992902318720398114e+01,4.992084242202110289e+01,4.993847077235197673e+01,4.993847077235197673e+01,4.993847077235197673e+01,5.015809812396081924e+01,5.015809812396081924e+01,5.015809812396081924e+01,5.015809812396081924e+01,5.015809812396081924e+01,5.046903686269073575e+01,5.046903686269073575e+01,5.046903686269073575e+01,5.046903686269073575e+01,5.046903686269073575e+01,5.046903686269073575e+01,5.046903686269073575e+01,5.068597707153800513e+01,5.069376077139683190e+01,5.068597707153800513e+01,5.070270701968790661e+01,5.085532667381627192e+01,5.070270701968790661e+01,5.070270701968790661e+01,5.085532667381627192e+01,5.085532667381627192e+01,5.085532667381627192e+01,5.085532667381627192e+01,5.085532667381627192e+01,5.095245675365026017e+01,5.085532667381627192e+01,5.107112284863230656e+01,5.107112284863230656e+01,5.107112284863230656e+01,5.107112284863230656e+01,5.107112284863230656e+01,5.107112284863230656e+01,5.128667438015621372e+01,5.128667438015621372e+01,5.143562731882015981e+01,5.145169313218890039e+01,5.143562731882015981e+01,5.145169313218890039e+01,5.144311464322993999e+01,5.145169313218890039e+01,5.143562731882015981e+01,5.166616365246986931e+01,5.166616365246986931e+01,5.166616365246986931e+01,5.166616365246986931e+01,5.166616365246986931e+01,5.181310082207143353e+01,5.167290651188816497e+01,5.166616365246986931e+01,5.182785686243205703e+01,5.182785686243205703e+01,5.204135518532793725e+01,5.204135518532793725e+01,5.204135518532793725e+01,5.204135518532793725e+01,5.204135518532793725e+01,5.204135518532793725e+01,5.204135518532793725e+01,5.204135518532793725e+01,5.204135518532793725e+01,5.204135518532793725e+01,5.218630342022211011e+01,5.218630342022211011e+01,5.239831829330410784e+01,5.204135518532793725e+01,5.241239996352835107e+01,5.239831829330410784e+01,5.239831829330410784e+01,5.239831829330410784e+01,5.239831829330410784e+01,5.240491465328490506e+01,5.241239996352835107e+01,5.241239996352835107e+01,5.262446237447955610e+01,5.241239996352835107e+01,5.241239996352835107e+01,5.262446237447955610e+01,5.262446237447955610e+01,5.262446237447955610e+01,5.276651327504897893e+01,5.276651327504897893e+01,5.276651327504897893e+01,5.276651327504897893e+01,5.276651327504897893e+01,5.277944408422661837e+01,5.287456487438786468e+01,5.277944408422661837e+01,5.277944408422661837e+01,5.299063820409643455e+01,5.277944408422661837e+01,5.299063820409643455e+01,5.313081315045936748e+01,5.334040103488596429e+01,5.334040103488596429e+01,5.335302317649380655e+01,5.335302317649380655e+01,5.335302317649380655e+01,5.335302317649380655e+01,5.349134943962206989e+01,5.349134943962206989e+01,5.370011726524153772e+01,5.341542331107677199e+01,5.370011726524153772e+01,5.370011726524153772e+01,5.370011726524153772e+01,5.370560688647510261e+01,5.371174333079608942e+01,5.371174333079608942e+01,5.371174333079608942e+01,5.372123739395888009e+01,5.371174333079608942e+01,5.372123739395888009e+01,5.384824889589098262e+01,5.371628507587764290e+01,5.372123739395888009e+01,5.372123739395888009e+01,5.385795673446719434e+01,5.385795673446719434e+01,5.385795673446719434e+01,5.406691999995607745e+01,5.406691999995607745e+01,5.385795673446719434e+01,5.406691999995607745e+01,5.406691999995607745e+01,5.406691999995607745e+01,5.406691999995607745e+01,5.406691999995607745e+01,5.428451409584333476e+01,5.406691999995607745e+01,5.427494424314287613e+01,5.428451409584333476e+01,5.407544683088825366e+01,5.428451409584333476e+01,5.428451409584333476e+01,5.428451409584333476e+01,5.441866973755620762e+01,5.441866973755620762e+01,5.441866973755620762e+01,5.441866973755620762e+01,5.441866973755620762e+01,5.441866973755620762e+01,5.441866973755620762e+01,5.462596431067967018e+01,5.442627709790808410e+01,5.462596431067967018e+01,5.463468036677706152e+01,5.463468036677706152e+01,5.462596431067967018e+01,5.463468036677706152e+01,5.463468036677706152e+01,5.463468036677706152e+01,5.469441551158677584e+01,5.476710427278909066e+01,5.477384226821932600e+01,5.484199595588012954e+01,5.497370179765603382e+01,5.498160944533513828e+01,5.498160944533513828e+01,5.497751867654380931e+01,5.498160944533513828e+01,5.498160944533513828e+01,5.498160944533513828e+01,5.498160944533513828e+01,5.498160944533513828e+01,5.498160944533513828e+01,5.518820793889832288e+01,5.518820793889832288e+01,5.518820793889832288e+01,5.518820793889832288e+01,5.532540320830192115e+01,5.531825688073648450e+01,5.519521963095748163e+01,5.531825688073648450e+01,5.532540320830192115e+01,5.531825688073648450e+01,5.532540320830192115e+01,5.532540320830192115e+01,5.532540320830192115e+01,5.532540320830192115e+01,5.532540320830192115e+01,5.532540320830192115e+01,5.532540320830192115e+01,5.533042897839246876e+01,5.553761637501862225e+01,5.533042897839246876e+01,5.532540320830192115e+01,5.553761637501862225e+01,5.553761637501862225e+01,5.553761637501862225e+01,5.553761637501862225e+01,5.553761637501862225e+01,5.553761637501862225e+01,5.533042897839246876e+01,5.553761637501862225e+01,5.566615882693206885e+01,5.553761637501862225e+01,5.567048534237231650e+01,5.566615882693206885e+01,5.566615882693206885e+01,5.566615882693206885e+01,5.567048534237231650e+01,5.566615882693206885e+01,5.567048534237231650e+01,5.567048534237231650e+01,5.567048534237231650e+01,5.587703886310680446e+01,5.587703886310680446e+01,5.576360631637952991e+01,5.587703886310680446e+01,5.587703886310680446e+01,5.588061924493842270e+01,5.587703886310680446e+01,5.587703886310680446e+01,5.587703886310680446e+01,5.587703886310680446e+01,5.587703886310680446e+01,5.587703886310680446e+01,5.588061924493842270e+01,5.588061924493842270e+01,5.588061924493842270e+01,5.587703886310680446e+01,5.600396880939731403e+01,5.588061924493842270e+01,5.588061924493842270e+01,5.600764980623327460e+01,5.600764980623327460e+01,5.600764980623327460e+01,5.600764980623327460e+01,5.621357502792376692e+01,5.621357502792376692e+01,5.600764980623327460e+01,5.621357502792376692e+01,5.600764980623327460e+01,5.621357502792376692e+01,5.621357502792376692e+01,5.621357502792376692e+01,5.621357502792376692e+01,5.621357502792376692e+01,5.621657182768852579e+01,5.621357502792376692e+01,5.621657182768852579e+01,5.621357502792376692e+01,5.621657182768852579e+01,5.621357502792376692e+01,5.621657182768852579e+01,5.621657182768852579e+01,5.621657182768852579e+01,5.621657182768852579e+01,5.621657182768852579e+01,5.621745051916564506e+01,5.621657182768852579e+01,5.621657182768852579e+01,5.621657182768852579e+01,5.621657182768852579e+01,5.621745051916564506e+01,5.621657182768852579e+01,5.642482736769004958e+01,5.642243551816340386e+01,5.642243551816340386e+01,5.642482736769004958e+01,5.642482736769004958e+01,5.642243551816340386e+01,5.642243551816340386e+01,5.642376507292668464e+01,5.642482736769004958e+01,5.642482736769004958e+01,5.642482736769004958e+01,5.642482736769004958e+01,5.642482736769004958e+01,5.642482736769004958e+01,5.642482736769004958e+01,5.654977452770375379e+01,5.642482736769004958e+01,5.654977452770375379e+01,5.642482736769004958e+01,5.654977452770375379e+01,5.655015199944291737e+01,5.654977452770375379e+01,5.655015199944291737e+01,5.654977452770375379e+01,5.655015199944291737e+01,5.655015199944291737e+01,5.654977452770375379e+01,5.655015199944291737e+01,5.655015199944291737e+01,5.654977452770375379e+01,5.654977452770375379e+01,5.655015199944291737e+01,5.655015199944291737e+01,5.655015199944291737e+01,5.655015199944291737e+01,5.655015199944291737e+01,5.675688739075495448e+01,5.655015199944291737e+01,5.655015199944291737e+01,5.655015199944291737e+01,5.655015199944291737e+01,5.655015199944291737e+01,5.655015199944291737e+01,5.675688739075495448e+01,5.675688739075495448e+01,5.655015199944291737e+01,5.655015199944291737e+01,5.655015199944291737e+01,5.675676284883437006e+01,5.675676284883437006e+01,5.675688739075495448e+01,5.675676284883437006e+01,5.675708744131124206e+01,5.675676284883437006e+01,5.675676284883437006e+01,5.675676284883437006e+01,5.675676284883437006e+01,5.675688739075495448e+01,5.675708744131124206e+01,5.675676284883437006e+01,5.675676284883437006e+01,5.675676284883437006e+01,5.675676284883437006e+01,5.696338771418739100e+01,5.675676284883437006e+01,5.696338771418739100e+01,5.696338771418739100e+01,5.675676284883437006e+01,5.696338771418739100e+01,5.696338771418739100e+01,5.696338771418739100e+01
2.033812192831944898e+01,2.033812192831944898e+01,2.033812192831944898e+01,2.033812192831944898e+01,2.033812192831944898e+01,2.040696705083523810e+01,2.090047305400547373e+01,2.090047305400547373e+01,2.090047305400547373e+01,2.096246524942312206e+01,2.096246524942312206e+01,2.096246524942312206e+01,2.114551006373594433e+01,2.114551006373594433e+01,2.114551006373594433e+01,2.160375692793031277e+01,2.160375692793031277e+01,2.160375692793031277e+01,2.160375692793031277e+01,2.160375692793031277e+01,2.160375692793031277e+01,2.160375692793031277e+01,2.160375692793031277e+01,2.160375692793031277e+01,2.160375692793031277e+01,2.160375692793031277e+01,2.160375692793031277e+01,2.160375692793031277e+01,2.166162139336615766e+01,2.214910130405548117e+01,2.234419028609949009e+01,2.234419028609949009e+01,2.234419028609949009e+01,2.234419028609949009e+01,2.234419028609949009e+01,2.234419028609949009e+01,2.234419028609949009e+01,2.234419028609949009e+01,2.234419028609949009e+01,2.234419028609949009e+01,2.234419028609949009e+01,2.260114208031349392e+01,2.260114208031349392e+01,2.367393060867987131e+01,2.367393060867987131e+01,2.367393060867987131e+01,2.367393060867987131e+01,2.367393060867987131e+01,2.367393060867987131e+01,2.367393060867987131e+01,2.389402437850355199e+01,2.389402437850355199e+01,2.389402437850355199e+01,2.389402437850355199e+01,2.389402437850355199e+01,2.389402437850355199e+01,2.389402437850355199e+01,2.389402437850355199e+01,2.389402437850355199e+01,2.389402437850355199e+01,2.436842083116031787e+01,2.436842083116031787e+01,2.436842083116031787e+01,2.496016229721121249e+01,2.496016229721121249e+01,2.500169530188380307e+01,2.500169530188380307e+01,2.500169530188380307e+01,2.500169530188380307e+01,2.562162374661447117e+01,2.562162374661447117e+01,2.587250430415848257e+01,2.589999707441108967e+01,2.589999707441108967e+01,2.587250430415848257e+01,2.589999707441108967e+01,2.589999707441108967e+01,2.589999707441108967e+01,2.589999707441108967e+01,2.589999707441108967e+01,2.587250430415848257e+01,2.615292641095376780e+01,2.615292641095376780e+01,2.615292641095376780e+01,2.615292641095376780e+01,2.615292641095376780e+01,2.678445866942388776e+01,2.678445866942388776e+01,2.678445866942388776e+01,2.678445866942388776e+01,2.678445866942388776e+01,2.678445866942388776e+01,2.678445866942388776e+01,2.704360254869294167e+01,2.704360254869294167e+01,2.704360254869294167e+01,2.704360254869294167e+01,2.704360254869294167e+01,2.704360254869294167e+01,2.768570912665703787e+01,2.768570912665703787e+01,2.768570912665703787e+01,2.768570912665703787e+01,2.768570912665703787e+01,2.768570912665703787e+01,2.795074696154827265e+01,2.795074696154827265e+01,2.795074696154827265e+01,2.795074696154827265e+01,2.795074696154827265e+01,2.795074696154827265e+01,2.795074696154827265e+01,2.795074696154827265e+01,2.795074696154827265e+01,2.859817501334135414e+01,2.859817501334135414e+01,2.859817501334135414e+01,2.859817501334135414e+01,2.886857904407978737e+01,2.886857904407978737e+01,2.886857904407978737e+01,2.886857904407978737e+01,2.886188584086664832e+01,2.886188584086664832e+01,2.886857904407978737e+01,2.886188584086664832e+01,2.886188584086664832e+01,2.886188584086664832e+01,2.886188584086664832e+01,2.949859801629998302e+01,2.949859801629998302e+01,2.977871638406212895e+01,2.949859801629998302e+01,2.977871638406212895e+01,2.977871638406212895e+01,2.977871638406212895e+01,2.977871638406212895e+01,2.977871638406212895e+01,2.977871638406212895e+01,2.977871638406212895e+01,2.977871638406212895e+01,3.039553972159011153e+01,3.039553972159011153e+01,3.039553972159011153e+01,3.039553972159011153e+01,3.067883416803584851e+01,3.039553972159011153e+01,3.126557740046317946e+01,3.126557740046317946e+01,3.126557740046317946e+01,3.126557740046317946e+01,3.126557740046317946e+01,3.126557740046317946e+01,3.126557740046317946e+01,3.126557740046317946e+01,3.126557740046317946e+01,3.126557740046317946e+01,3.126557740046317946e+01,3.126557740046317946e+01,3.126557740046317946e+01,3.126557740046317946e+01,3.155093223611301312e+01,3.155093223611301312e+01,3.155093223611301312e+01,3.155093223611301312e+01,3.155093223611301312e+01,3.155093223611301312e+01,3.155093223611301312e+01,3.155093223611301312e+01,3.155093223611301312e+01,3.155093223611301312e+01,3.155093223611301312e+01,3.155093223611301312e+01,3.155093223611301312e+01,3.155093223611301312e+01,3.183689503703419632e+01,3.238823442043516110e+01,3.238823442043516110e+01,3.238823442043516110e+01,3.238823442043516110e+01,3.238823442043516110e+01,3.238823442043516110e+01,3.238823442043516110e+01,3.238823442043516110e+01,3.238823442043516110e+01,3.290216803928148437e+01,3.290216803928148437e+01,3.290216803928148437e+01,3.318865293620723378e+01,3.318865293620723378e+01,3.318865293620723378e+01,3.318865293620723378e+01,3.318865293620723378e+01,3.318865293620723378e+01,3.318865293620723378e+01,3.318865293620723378e+01,3.318865293620723378e+01,3.318865293620723378e+01,3.314574491974372705e+01,3.318865293620723378e+01,3.347502159978561309e+01,3.347502159978561309e+01,3.347502159978561309e+01,3.347502159978561309e+01,3.347502159978561309e+01,3.347502159978561309e+01,3.347502159978561309e+01,3.347502159978561309e+01,3.395297649450032651e+01,3.395297649450032651e+01,3.439905688283391072e+01,3.395297649450032651e+01,3.439905688283391072e+01,3.468312331937585924e+01,3.468312331937585924e+01,3.463181679817353142e+01,3.468312331937585924e+01,3.468312331937585924e+01,3.468312331937585924e+01,3.463181679817353142e+01,3.468312331937585924e+01,3.463181679817353142e+01,3.463181679817353142e+01,3.463181679817353142e+01,3.463181679817353142e+01,3.532684632395185531e+01,3.538128715448096528e+01,3.538128715448096528e+01,3.532684632395185531e+01,3.538128715448096528e+01,3.532684632395185531e+01,3.538128715448096528e+01,3.532684632395185531e+01,3.538128715448096528e+01,3.532684632395185531e+01,3.532684632395185531e+01,3.532684632395185531e+01,3.560907640184760226e+01,3.532684632395185531e+01,3.566249066080460750e+01,3.566249066080460750e+01,3.560907640184760226e+01,3.578420694632007582e+01,3.599266296492726269e+01,3.599266296492726269e+01,3.599266296492726269e+01,3.599266296492726269e+01,3.599266296492726269e+01,3.599266296492726269e+01,3.599266296492726269e+01,3.599266296492726269e+01,3.599266296492726269e+01,3.599266296492726269e+01,3.627061933326244514e+01,3.627061933326244514e+01,3.627061933326244514e+01,3.627061933326244514e+01,3.627061933326244514e+01,3.663152151993678984e+01,3.663152151993678984e+01,3.663152151993678984e+01,3.663152151993678984e+01,3.654773953437620548e+01,3.684558876570350350e+01,3.690447893663183265e+01,3.690447893663183265e+01,3.690447893663183265e+01,3.684558876570350350e+01,3.690447893663183265e+01,3.684558876570350350e+01,3.684558876570350350e+01,3.684558876570350350e+01,3.684558876570350350e+01,3.684558876570350350e+01,3.690447893663183265e+01,3.684558876570350350e+01,3.711647496867752238e+01,3.711647496867752238e+01,3.745231267240235695e+01,3.745231267240235695e+01,3.745231267240235695e+01,3.745231267240235695e+01,3.745231267240235695e+01,3.745231267240235695e+01,3.745231267240235695e+01,3.745231267240235695e+01,3.745231267240235695e+01,3.745231267240235695e+01,3.745231267240235695e+01,3.803703005902632128e+01,3.803703005902632128e+01,3.803703005902632128e+01,3.803703005902632128e+01,3.803703005902632128e+01,3.803703005902632128e+01,3.803703005902632128e+01,3.803703005902632128e+01,3.803703005902632128e+01,3.803703005902632128e+01,3.834862044583067586e+01,3.803703005902632128e+01,3.860204277150669583e+01,3.860204277150669583e+01,3.860204277150669583e+01,3.860204277150669583e+01,3.860204277150669583e+01,3.860204277150669583e+01,3.860204277150669583e+01,3.860204277150669583e+01,3.860204277150669583e+01,3.860204277150669583e+01,3.860204277150669583e+01,3.910194470708934489e+01,3.910194470708934489e+01,3.910194470708934489e+01,3.910194470708934489e+01,3.910194470708934489e+01,3.939419631578643788e+01,3.939419631578643788e+01,3.939419631578643788e+01,3.939419631578643788e+01,3.939419631578643788e+01,3.963593371457982784e+01,3.933098752772316686e+01,3.963593371457982784e+01,3.957075308354350796e+01,3.991940925099265058e+01,3.963593371457982784e+01,3.959996043055261339e+01,3.957075308354350796e+01,3.985681883787963642e+01,3.985681883787963642e+01,3.985681883787963642e+01,4.008996690633212978e+01,3.985681883787963642e+01,4.008996690633212978e+01,3.985681883787963642e+01,4.008996690633212978e+01,4.008996690633212978e+01,4.008996690633212978e+01,4.008996690633212978e+01,4.008996690633212978e+01,4.008996690633212978e+01,4.008996690633212978e+01,4.008996690633212978e+01,4.008996690633212978e+01,4.044431173434637117e+01,4.031946113880979965e+01,4.036916874331542004e+01,4.059593578841688100e+01,4.059593578841688100e+01,4.059593578841688100e+01,4.059593578841688100e+01,4.059593578841688100e+01,4.086942249711651698e+01,4.086942249711651698e+01,4.109005990240153494e+01,4.096913071419614027e+01,4.109005990240153494e+01,4.109005990240153494e+01,4.109005990240153494e+01,4.109005990240153494e+01,4.102912238993830840e+01,4.109005990240153494e+01,4.109005990240153494e+01,4.109005990240153494e+01,4.109005990240153494e+01,4.109005990240153494e+01,4.151405240452027812e+01,4.151405240452027812e+01,4.135876290068549821e+01,4.151405240452027812e+01,4.157352668168690002e+01,4.157352668168690002e+01,4.151405240452027812e+01,4.151405240452027812e+01,4.151405240452027812e+01,4.178197714949919828e+01,4.183819287290045708e+01,4.198941288280420281e+01,4.198941288280420281e+01,4.198941288280420281e+01,4.198941288280420281e+01,4.198941288280420281e+01,4.198941288280420281e+01,4.225382456299826117e+01,4.225382456299826117e+01,4.230855764235158745e+01,4.245598507768688279e+01,4.225382456299826117e+01,4.245598507768688279e+01,4.245598507768688279e+01,4.271729817846709665e+01,4.277056571319022282e+01,4.277056571319022282e+01,4.271729817846709665e+01,4.271729817846709665e+01,4.271729817846709665e+01,4.271729817846709665e+01,4.271729817846709665e+01,4.291442408966342725e+01,4.291442408966342725e+01,4.291442408966342725e+01,4.291442408966342725e+01,4.291442408966342725e+01,4.303088030506260253e+01,4.291442408966342725e+01,4.303088030506260253e+01,4.317295341290526522e+01,4.336527817508423510e+01,4.317295341290526522e+01,4.336527817508423510e+01,4.348058004287517520e+01,4.336527817508423510e+01,4.336527817508423510e+01,4.362125556099707779e+01,4.362125556099707779e+01,4.362125556099707779e+01,4.362125556099707779e+01,4.362125556099707779e+01,4.362125556099707779e+01,4.380900635941551258e+01,4.380900635941551258e+01,4.380900635941551258e+01,4.380900635941551258e+01,4.380900635941551258e+01,4.380900635941551258e+01,4.380900635941551258e+01,4.406259572519537926e+01,4.406259572519537926e+01,4.417643327831346767e+01,4.406259572519537926e+01,4.449730578531875835e+01,4.449730578531875835e+01,4.449730578531875835e+01,4.449730578531875835e+01,4.449730578531875835e+01,4.449730578531875835e+01,4.449730578531875835e+01,4.474772625652338576e+01,4.474772625652338576e+01,4.474772625652338576e+01,4.474772625652338576e+01,4.492567231024522556e+01,4.474772625652338576e+01,4.517379549301551833e+01,4.517379549301551833e+01,4.517379549301551833e+01,4.517379549301551833e+01,4.517379549301551833e+01,4.517379549301551833e+01,4.517379549301551833e+01,4.517379549301551833e+01,4.517379549301551833e+01,4.517379549301551833e+01,4.517379549301551833e+01,4.517379549301551833e+01,4.517379549301551833e+01,4.534794903051002990e+01,4.559380082923038913e+01,4.542096470566885813e+01,4.559380082923038913e+01,4.559380082923038913e+01,4.559380082923038913e+01,4.559380082923038913e+01,4.559380082923038913e+01,4.559380082923038913e+01,4.559380082923038913e+01,4.559380082923038913e+01,4.559380082923038913e+01,4.583857677799859687e+01,4.583857677799859687e+01,4.583857677799859687e+01,4.583857677799859687e+01,4.583857677799859687e+01,4.583857677799859687e+01,4.583857677799859687e+01,4.583857677799859687e+01,4.583857677799859687e+01,4.583857677799859687e+01,4.605183415158357718e+01,4.583857677799859687e+01,4.583857677799859687e+01,4.600796571772329457e+01,4.588153545461074145e+01,4.625037303618944406e+01,4.612387507732670855e+01,4.608223293185432823e+01,4.625037303618944406e+01,4.625037303618944406e+01,4.629288291814067691e+01,4.626953614141758919e+01,4.625037303618944406e+01,4.629288291814067691e+01,4.625037303618944406e+01,4.629288291814067691e+01,4.629288291814067691e+01,4.629288291814067691e+01,4.629288291814067691e+01,4.625037303618944406e+01,4.649155048852232142e+01,4.629288291814067691e+01,4.629288291814067691e+01,4.649155048852232142e+01,4.629288291814067691e+01,4.629288291814067691e+01,4.629288291814067691e+01,4.653289230312653046e+01,4.653289230312653046e+01,4.653289230312653046e+01,4.653289230312653046e+01,4.653289230312653046e+01,4.653289230312653046e+01,4.653289230312653046e+01,4.653289230312653046e+01,4.653289230312653046e+01,4.653289230312653046e+01,4.653289230312653046e+01,4.653289230312653046e+01,4.653289230312653046e+01,4.653289230312653046e+01,4.653289230312653046e+01,4.653289230312653046e+01,4.653289230312653046e+01,4.653289230312653046e+01,4.653289230312653046e+01,4.677178915189224284e+01,4.677178915189224284e+01,4.677178915189224284e+01,4.653289230312653046e+01,4.660546842080638186e+01,4.660546842080638186e+01,4.653289230312653046e+01,4.653289230312653046e+01,4.653289230312653046e+01,4.640529129668991715e+01,4.664452767825835622e+01,4.636522134887892577e+01,4.664452767825835622e+01,4.640529129668991715e+01,4.640529129668991715e+01,4.636522134887892577e+01,4.640529129668991715e+01,4.664452767825835622e+01,4.660546842080638186e+01,4.640529129668991715e+01,4.640529129668991715e+01,4.640529129668991715e+01,4.640529129668991715e+01,4.640529129668991715e+01,4.640529129668991715e+01,4.640529129668991715e+01,4.664452767825835622e+01,4.640529129668991715e+01,4.640529129668991715e+01,4.640529129668991715e+01,4.640529129668991715e+01,4.640529129668991715e+01,4.664452767825835622e+01,4.664452767825835622e+01,4.640529129668991715e+01,4.640529129668991715e+01,4.640529129668991715e+01,4.640529129668991715e+01,4.640529129668991715e+01,4.640529129668991715e+01,4.640529129668991715e+01,4.640529129668991715e+01,4.640529129668991715e+01,4.640529129668991715e+01,4.640529129668991715e+01,4.640529129668991715e+01,4.640529129668991715e+01,4.640529129668991715e+01,4.640529129668991715e+01,4.640529129668991715e+01,4.640529129668991715e+01,4.640529129668991715e+01,4.640529129668991715e+01,4.640529129668991715e+01,4.640529129668991715e+01,4.640529129668991715e+01,4.644482796861133522e+01,4.640529129668991715e+01,4.640529129668991715e+01,4.640529129668991715e+01,4.644482796861133522e+01,4.640529129668991715e+01,4.627356125921561159e+01,4.640529129668991715e+01,4.644482796861133522e+01,4.640529129668991715e+01,4.644482796861133522e+01,4.644482796861133522e+01,4.644482796861133522e+01,4.644482796861133522e+01,4.644482796861133522e+01,4.640529129668991715e+01,4.644482796861133522e+01,4.644482796861133522e+01,4.644482796861133522e+01,4.644482796861133522e+01,4.644482796861133522e+01,4.644482796861133522e+01,4.644482796861133522e+01,4.644482796861133522e+01,4.644482796861133522e+01,4.648376572167961029e+01,4.627356125921561159e+01,4.627356125921561159e+01,4.648376572167961029e+01,4.644482796861133522e+01,4.627356125921561159e+01,4.648376572167961029e+01,4.631148763269767699e+01,4.631148763269767699e+01,4.648376572167961029e+01,4.648376572167961029e+01,4.631148763269767699e+01,4.631148763269767699e+01,4.648376572167961029e+01,4.631148763269767699e+01,4.631148763269767699e+01,4.648376572167961029e+01,4.631148763269767699e+01,4.631148763269767699e+01,4.648376572167961029e+01,4.648376572167961029e+01,4.631148763269767699e+01,4.648376572167961029e+01,4.631148763269767699e+01,4.629071093978033957e+01,4.631148763269767699e+01,4.627356125921561159e+01,4.631148763269767699e+01,4.627356125921561159e+01,4.631148763269767699e+01,4.631148763269767699e+01,4.627356125921561159e+01,4.627356125921561159e+01,4.627356125921561159e+01,4.648376572167961029e+01,4.672071154177690033e+01,4.672071154177690033e+01,4.672071154177690033e+01,4.655013569976946997e+01,4.631148763269767699e+01,4.655013569976946997e+01,4.655013569976946997e+01,4.655013569976946997e+01,4.655013569976946997e+01,4.631148763269767699e+01,4.655013569976946997e+01,4.655013569976946997e+01,4.655013569976946997e+01,4.655013569976946997e+01,4.655013569976946997e+01,4.672071154177690033e+01,4.672071154177690033e+01,4.672071154177690033e+01,4.672071154177690033e+01,4.672071154177690033e+01,4.672071154177690033e+01,4.695704967294302179e+01,4.695704967294302179e+01,4.695704967294302179e+01,4.695704967294302179e+01,4.695704967294302179e+01,4.695704967294302179e+01,4.695704967294302179e+01,4.695704967294302179e+01,4.695704967294302179e+01,4.695704967294302179e+01,4.695704967294302179e+01,4.695704967294302179e+01,4.699296925940673475e+01,4.699296925940673475e+01,4.699296925940673475e+01,4.699296925940673475e+01,4.699296925940673475e+01,4.699296925940673475e+01,4.699296925940673475e+01,4.699296925940673475e+01,4.695704967294302179e+01,4.699296925940673475e+01,4.699296925940673475e+01,4.699296925940673475e+01,4.699296925940673475e+01,4.702797400924285398e+01,4.699296925940673475e+01,4.702797400924285398e+01,4.699296925940673475e+01,4.699296925940673475e+01,4.716124057593841457e+01,4.702797400924285398e+01,4.702797400924285398e+01,4.719717676512470916e+01,4.719717676512470916e+01,4.702797400924285398e+01,4.719717676512470916e+01,4.719717676512470916e+01,4.719717676512470916e+01,4.719717676512470916e+01,4.742933739199243348e+01,4.719717676512470916e+01,4.719717676512470916e+01,4.719717676512470916e+01,4.742933739199243348e+01,4.742933739199243348e+01,4.742933739199243348e+01,4.719717676512470916e+01,4.742933739199243348e+01,4.742933739199243348e+01,4.742933739199243348e+01,4.742933739199243348e+01,4.742933739199243348e+01,4.742933739199243348e+01,4.742933739199243348e+01,4.742933739199243348e+01,4.742933739199243348e+01,4.742933739199243348e+01,4.742933739199243348e+01,4.742933739199243348e+01,4.742933739199243348e+01,4.742933739199243348e+01,4.742933739199243348e+01,4.746327071107885587e+01,4.742933739199243348e+01,4.742933739199243348e+01,4.742933739199243348e+01,4.746327071107885587e+01,4.742933739199243348e+01,4.742933739199243348e+01,4.746327071107885587e+01,4.746327071107885587e+01,4.746327071107885587e+01,4.746327071107885587e+01,4.746327071107885587e+01,4.769408246788653116e+01,4.769408246788653116e+01,4.785942210737337632e+01,4.769408246788653116e+01,4.785942210737337632e+01,4.769408246788653116e+01,4.769408246788653116e+01,4.769408246788653116e+01,4.785942210737337632e+01,4.785942210737337632e+01,4.785942210737337632e+01,4.785942210737337632e+01,4.785942210737337632e+01,4.785942210737337632e+01,4.785942210737337632e+01,4.785942210737337632e+01,4.785942210737337632e+01,4.785942210737337632e+01,4.785942210737337632e+01,4.785942210737337632e+01,4.789220671219885617e+01,4.789220671219885617e+01,4.785942210737337632e+01,4.789220671219885617e+01,4.789220671219885617e+01,4.789220671219885617e+01,4.789220671219885617e+01,4.789220671219885617e+01,4.789220671219885617e+01,4.789220671219885617e+01,4.812028131266586684e+01,4.789220671219885617e+01,4.812028131266586684e+01,4.812028131266586684e+01,4.812028131266586684e+01,4.812028131266586684e+01,4.812028131266586684e+01,4.812028131266586684e+01,4.812028131266586684e+01,4.812028131266586684e+01,4.812028131266586684e+01,4.812028131266586684e+01,4.812028131266586684e+01,4.828340692274628054e+01,4.828340692274628054e+01,4.828340692274628054e+01,4.828340692274628054e+01,4.828340692274628054e+01,4.828340692274628054e+01,4.828340692274628054e+01,4.828340692274628054e+01,4.828340692274628054e+01,4.828340692274628054e+01,4.831497633521911439e+01,4.828340692274628054e+01,4.831497633521911439e+01,4.828340692274628054e+01,4.831497633521911439e+01,4.831497633521911439e+01,4.854054645726195361e+01,4.841652215618352528e+01,4.854054645726195361e+01,4.854054645726195361e+01,4.855402269401872672e+01,4.854054645726195361e+01,4.857011470173856083e+01,4.854054645726195361e+01,4.854054645726195361e+01,4.857011470173856083e+01,4.857011470173856083e+01,4.854054645726195361e+01,4.857011470173856083e+01,4.857011470173856083e+01,4.857011470173856083e+01,4.857011470173856083e+01,4.857011470173856083e+01,4.857011470173856083e+01,4.857011470173856083e+01,4.857011470173856083e+01,4.857011470173856083e+01,4.857011470173856083e+01,4.873177397621504525e+01,4.873177397621504525e+01,4.873177397621504525e+01,4.873177397621504525e+01,4.873177397621504525e+01,4.873177397621504525e+01,4.873177397621504525e+01,4.895505990506072180e+01,4.895505990506072180e+01,4.873177397621504525e+01,4.895505990506072180e+01,4.873177397621504525e+01,4.895505990506072180e+01,4.898336375702086087e+01,4.895505990506072180e+01,4.898336375702086087e+01,4.898336375702086087e+01,4.898336375702086087e+01,4.898336375702086087e+01,4.898336375702086087e+01,4.898336375702086087e+01,4.898336375702086087e+01,4.898336375702086087e+01,4.914279307981342981e+01,4.898336375702086087e+01,4.920585630409458133e+01,4.898336375702086087e+01,4.898336375702086087e+01,4.920585630409458133e+01,4.923221416550250495e+01,4.939100323371139467e+01,4.920585630409458133e+01,4.939100323371139467e+01,4.939100323371139467e+01,4.939100323371139467e+01,4.939100323371139467e+01,4.939100323371139467e+01,4.939100323371139467e+01,4.939100323371139467e+01,4.939100323371139467e+01,4.961153088552771351e+01,4.939100323371139467e+01,4.939100323371139467e+01,4.939100323371139467e+01,4.961153088552771351e+01,4.939100323371139467e+01,4.961153088552771351e+01,4.961153088552771351e+01,4.961153088552771351e+01,4.961153088552771351e+01,4.961153088552771351e+01,4.961153088552771351e+01,4.961153088552771351e+01,4.961153088552771351e+01,4.976755075643043114e+01,4.961153088552771351e+01,4.961153088552771351e+01,4.961153088552771351e+01,4.976755075643043114e+01,5.002010493917872935e+01,4.976755075643043114e+01,5.016588176375046970e+01,5.016588176375046970e+01,5.013988400584169369e+01,5.016588176375046970e+01,5.016588176375046970e+01,5.016588176375046970e+01,5.016588176375046970e+01,5.016588176375046970e+01,5.016588176375046970e+01,5.016588176375046970e+01,5.016588176375046970e+01,5.016588176375046970e+01,5.016588176375046970e+01,5.016588176375046970e+01,5.016588176375046970e+01,5.016588176375046970e+01,5.016588176375046970e+01,5.016588176375046970e+01,5.016588176375046970e+01,5.031822394832980905e+01,5.038313818562048141e+01,5.031822394832980905e+01,5.053445659555914915e+01,5.053445659555914915e+01,5.053445659555914915e+01,5.053445659555914915e+01,5.053445659555914915e+01,5.053445659555914915e+01,5.055916747155763602e+01,5.053445659555914915e+01,5.053445659555914915e+01,5.055916747155763602e+01,5.055916747155763602e+01,5.055916747155763602e+01,5.055916747155763602e+01,5.055916747155763602e+01,5.055916747155763602e+01,5.055916747155763602e+01,5.070941933023584625e+01,5.055916747155763602e+01,5.092415992303708805e+01,5.092415992303708805e+01,5.094757700974832204e+01,5.092415992303708805e+01,5.092415992303708805e+01,5.092415992303708805e+01,5.092415992303708805e+01,5.092415992303708805e+01,5.094757700974832204e+01,5.094757700974832204e+01,5.092415992303708805e+01,5.094757700974832204e+01,5.094757700974832204e+01,5.114917212819592862e+01,5.116186329306535896e+01,5.113840126869832403e+01,5.116186329306535896e+01,5.116186329306535896e+01,5.116186329306535896e+01,5.116186329306535896e+01,5.116186329306535896e+01,5.116186329306535896e+01,5.130915183470345653e+01,5.116186329306535896e+01,5.130915183470345653e+01,5.130915183470345653e+01,5.133127583735753063e+01,5.130915183470345653e+01,5.152201489447522675e+01,5.152201489447522675e+01,5.154427925602831095e+01,5.152201489447522675e+01,5.152201489447522675e+01,5.154427925602831095e+01,5.152201489447522675e+01,5.180968747880545777e+01,5.175675416878137725e+01,5.190119067700494071e+01,5.190119067700494071e+01,5.190119067700494071e+01,5.190119067700494071e+01,5.190119067700494071e+01,5.190119067700494071e+01,5.190119067700494071e+01,5.190119067700494071e+01,5.190119067700494071e+01,5.190119067700494071e+01,5.190119067700494071e+01,5.190119067700494071e+01,5.190119067700494071e+01,5.190119067700494071e+01,5.211217659362055343e+01,5.211217659362055343e+01,5.225435256255131833e+01,5.225435256255131833e+01,5.225435256255131833e+01,5.227606829955798418e+01,5.225435256255131833e+01,5.227606829955798418e+01,5.227606829955798418e+01,5.227606829955798418e+01,5.227606829955798418e+01,5.246384452417809285e+01,5.227606829955798418e+01,5.227606829955798418e+01,5.248586573636385566e+01,5.248586573636385566e+01,5.248586573636385566e+01,5.248586573636385566e+01,5.262618672439314338e+01,5.248586573636385566e+01,5.250613182404001833e+01,5.250613182404001833e+01,5.274078836572029161e+01,5.264678392105463445e+01,5.264678392105463445e+01,5.283450296315012196e+01,5.285548420979286988e+01,5.264678392105463445e+01,5.285548420979286988e+01,5.285548420979286988e+01,5.285548420979286988e+01,5.285548420979286988e+01,5.285548420979286988e+01,5.285548420979286988e+01,5.299397264581197931e+01,5.285548420979286988e+01,5.301347000357549177e+01,5.299397264581197931e+01,5.299397264581197931e+01,5.299397264581197931e+01,5.320119685718955793e+01,5.320119685718955793e+01,5.320119685718955793e+01,5.322115523213734178e+01,5.322115523213734178e+01,5.342805169898946360e+01,5.322115523213734178e+01,5.342805169898946360e+01,5.358299859605171633e+01,5.342805169898946360e+01,5.344673602542676605e+01,5.342805169898946360e+01,5.356404197364503261e+01,5.358299859605171633e+01,5.356404197364503261e+01,5.356404197364503261e+01,5.356404197364503261e+01,5.358299859605171633e+01,5.378890207903695142e+01,5.358299859605171633e+01,5.378890207903695142e+01,5.376940046933382433e+01,5.378890207903695142e+01,5.392315091484083922e+01,5.378890207903695142e+01,5.378890207903695142e+01,5.392315091484083922e+01,5.392315091484083922e+01,5.378890207903695142e+01,5.392315091484083922e+01,5.394113055108002897e+01,5.392315091484083922e+01,5.414610229495670524e+01,5.414610229495670524e+01,5.394113055108002897e+01,5.414610229495670524e+01,5.412751121479551131e+01,5.414610229495670524e+01,5.414610229495670524e+01,5.414610229495670524e+01,5.414610229495670524e+01,5.414610229495670524e+01,5.414610229495670524e+01,5.414610229495670524e+01,5.448205170608126480e+01,5.427863301868581658e+01,5.448205170608126480e+01,5.448205170608126480e+01,5.448205170608126480e+01,5.448205170608126480e+01,5.449975772723052359e+01,5.448205170608126480e+01,5.448205170608126480e+01,5.449975772723052359e+01,5.463059427669027457e+01,5.463059427669027457e+01,5.481453390630758093e+01,5.459128219559329409e+01,5.454099212782772810e+01,5.461266805130483704e+01,5.484997044482434347e+01,5.483312139034073596e+01,5.484997044482434347e+01,5.484997044482434347e+01,5.483312139034073596e+01,5.483312139034073596e+01,5.483312139034073596e+01,5.505219805319619297e+01,5.505219805319619297e+01,5.503462432443151187e+01,5.505219805319619297e+01,5.505219805319619297e+01,5.518081667641497035e+01,5.518081667641497035e+01,5.518081667641497035e+01,5.525336901693335534e+01,5.538141762227061093e+01,5.538141762227061093e+01,5.538141762227061093e+01,5.538141762227061093e+01,5.538141762227061093e+01,5.538141762227061093e+01,5.539821824447418663e+01,5.538141762227061093e+01,5.539821824447418663e+01,5.538141762227061093e+01,5.538141762227061093e+01,5.552523089049473981e+01,5.552523089049473981e+01,5.559848434015395213e+01,5.572496668388203034e+01,5.571541425551185256e+01,5.570722867071967954e+01,5.552523089049473981e+01,5.572496668388203034e+01,5.572496668388203034e+01,5.572496668388203034e+01,5.572496668388203034e+01,5.572496668388203034e+01,5.572496668388203034e+01,5.592355398065753036e+01,5.594041778728168168e+01,5.574102355475466197e+01,5.572496668388203034e+01,5.604832939636951750e+01,5.606535677922081362e+01,5.604832939636951750e+01,5.606535677922081362e+01,5.606535677922081362e+01,5.606535677922081362e+01,5.606535677922081362e+01,5.604832939636951750e+01,5.606535677922081362e+01,5.606535677922081362e+01,5.624524860837721008e+01,5.606535677922081362e+01,5.626305667670677479e+01,5.606535677922081362e+01,5.626305667670677479e+01,5.626305667670677479e+01,5.638632491413304848e+01,5.638632491413304848e+01,5.638632491413304848e+01,5.638632491413304848e+01,5.640267039030333507e+01,5.640267039030333507e+01,5.659950995235768545e+01,5.647468609672246487e+01,5.659026357107341454e+01,5.659950995235768545e+01,5.672129381567819451e+01,5.672129381567819451e+01,5.659950995235768545e+01,5.659950995235768545e+01,5.672129381567819451e+01,5.673698720632719272e+01,5.673698720632719272e+01,5.672129381567819451e+01,5.691643612327862201e+01,5.691643612327862201e+01,5.691643612327862201e+01,5.693298960485712712e+01,5.691643612327862201e+01,5.691643612327862201e+01,5.693298960485712712e+01,5.693298960485712712e+01,5.693298960485712712e+01,5.693298960485712712e+01,5.705331214596468925e+01,5.705331214596468925e+01,5.705331214596468925e+01,5.705331214596468925e+01,5.724760147900764196e+01,5.705331214596468925e+01,5.706838412995445964e+01,5.724760147900764196e+01,5.724760147900764196e+01,5.757590899907959425e+01,5.757590899907959425e+01,5.758303710879819448e+01,5.778427941500057585e+01,5.790142668795682113e+01,5.770878858582436521e+01,5.778427941500057585e+01,5.790142668795682113e+01,5.790142668795682113e+01,5.790831547797824186e+01,5.790142668795682113e+01,5.791630760504861541e+01,5.790142668795682113e+01,5.790142668795682113e+01,5.790142668795682113e+01,5.791630760504861541e+01,5.791630760504861541e+01,5.790142668795682113e+01,5.809262412018566124e+01,5.822422031277426413e+01,5.822422031277426413e+01,5.810843047096029323e+01,5.810843047096029323e+01,5.812271985490431092e+01,5.812271985490431092e+01,5.823860126437143947e+01,5.823860126437143947e+01,5.835331211810692764e+01,5.835331211810692764e+01,5.835331211810692764e+01,5.835331211810692764e+01,5.835331211810692764e+01,5.835331211810692764e+01,5.835331211810692764e+01,5.854435342661420805e+01,5.835331211810692764e+01,5.854435342661420805e+01,5.855826336229434759e+01,5.854435342661420805e+01,5.854435342661420805e+01,5.854435342661420805e+01,5.855826336229434759e+01,5.855826336229434759e+01,5.854435342661420805e+01,5.855826336229434759e+01,5.874874425327975302e+01,5.855826336229434759e+01,5.855826336229434759e+01,5.855826336229434759e+01,5.855826336229434759e+01,5.867163005772886208e+01,5.886188739794838654e+01,5.886188739794838654e+01,5.886188739794838654e+01,5.886188739794838654e+01,5.886188739794838654e+01,5.886188739794838654e+01,5.887535511231521923e+01,5.896090725068038552e+01,5.887535511231521923e+01,5.887535511231521923e+01,5.887535511231521923e+01,5.887535511231521923e+01,5.896090725068038552e+01,5.906502753693162333e+01,5.906502753693162333e+01,5.906502753693162333e+01,5.907801729801243340e+01,5.907801729801243340e+01,5.907105703454377021e+01,5.926709015979911044e+01,5.937880530139063495e+01,5.937880530139063495e+01,5.937880530139063495e+01,5.926709015979911044e+01,5.926709015979911044e+01,5.937124796868430110e+01,5.937880530139063495e+01,5.936474216249059310e+01,5.937880530139063495e+01,5.937880530139063495e+01,5.937880530139063495e+01,5.937880530139063495e+01,5.937880530139063495e+01,5.937880530139063495e+01,5.937880530139063495e+01,5.939141774128013651e+01,5.939141774128013651e+01,5.939141774128013651e+01,5.957966117202010992e+01,5.939141774128013651e+01,5.939141774128013651e+01,5.939141774128013651e+01,5.957966117202010992e+01,5.957966117202010992e+01,5.957966117202010992e+01,5.957966117202010992e+01,5.957966117202010992e+01,5.959187357327767387e+01,5.959187357327767387e+01,5.970239490410839522e+01,5.970239490410839522e+01,5.964174556202125643e+01,5.970239490410839522e+01,5.969013265627288689e+01,5.970239490410839522e+01,5.970239490410839522e+01,5.970239490410839522e+01,5.970239490410839522e+01,5.970239490410839522e+01,5.988981271757899094e+01,5.989534178701817524e+01,5.990170917907182258e+01,5.988981271757899094e+01,5.990170917907182258e+01,5.990170917907182258e+01,5.988981271757899094e+01,5.988981271757899094e+01,5.990170917907182258e+01,5.990170917907182258e+01,5.990170917907182258e+01,5.990170917907182258e+01,5.990170917907182258e+01,6.001100122631422096e+01,5.990170917907182258e+01,5.990170917907182258e+01,5.990170917907182258e+01,5.990170917907182258e+01,5.990170917907182258e+01,5.990170917907182258e+01,6.008845328344042258e+01,6.008845328344042258e+01,6.001100122631422096e+01,6.002150666371493060e+01,6.019759607707418780e+01,6.002150666371493060e+01,6.001100122631422096e+01,6.020920199317833266e+01,6.020920199317833266e+01,6.020920199317833266e+01,6.020920199317833266e+01,6.020920199317833266e+01,6.020920199317833266e+01,6.020920199317833266e+01,6.020920199317833266e+01,6.020920199317833266e+01,6.020920199317833266e+01,6.020920199317833266e+01,6.020920199317833266e+01,6.039509471643133054e+01,6.040640643808585253e+01,6.020920199317833266e+01,6.021940156349729989e+01,6.020920199317833266e+01,6.039509471643133054e+01,6.021940156349729989e+01,6.040640643808585253e+01,6.039509471643133054e+01,6.039509471643133054e+01,6.039509471643133054e+01,6.040640643808585253e+01,6.040640643808585253e+01,6.040640643808585253e+01,6.040640643808585253e+01,6.040640643808585253e+01,6.051440056544112878e+01,6.040640643808585253e+01,6.040640643808585253e+01,6.040640643808585253e+01,6.069944356969080701e+01,6.040640643808585253e+01,6.052436213009514887e+01,6.059157486879210808e+01,6.051905503349614435e+01,6.071051990372353657e+01,6.071051990372353657e+01,6.071051990372353657e+01,6.069944356969080701e+01,6.071051990372353657e+01,6.071051990372353657e+01,6.071051990372353657e+01,6.071051990372353657e+01,6.071051990372353657e+01,6.071051990372353657e+01,6.071051990372353657e+01,6.071051990372353657e+01,6.071051990372353657e+01,6.072024578698322017e+01,6.071051990372353657e+01,6.071051990372353657e+01,6.072024578698322017e+01,6.071051990372353657e+01,6.072024578698322017e+01,6.072024578698322017e+01,6.072024578698322017e+01,6.072024578698322017e+01,6.072024578698322017e+01,6.072024578698322017e+01,6.072024578698322017e+01,6.072024578698322017e+01,6.072024578698322017e+01,6.090565912963082695e+01,6.072024578698322017e+01,6.072024578698322017e+01,6.072024578698322017e+01,6.072024578698322017e+01,6.072860460343361666e+01,6.072024578698322017e+01,6.090565912963082695e+01,6.091518589352505586e+01,6.101240912628658464e+01,6.083548257416417471e+01,6.090565912963082695e+01,6.091518589352505586e+01,6.102195139590595829e+01,6.101240912628658464e+01,6.091518589352505586e+01,6.091518589352505586e+01,6.091518589352505586e+01,6.102195139590595829e+01,6.090565912963082695e+01,6.091518589352505586e+01,6.091518589352505586e+01,6.091518589352505586e+01,6.102195139590595829e+01,6.102195139590595829e+01,6.102195139590595829e+01,6.102195139590595829e+01,6.102195139590595829e+01,6.102195139590595829e+01,6.102195139590595829e+01,6.102195139590595829e+01,6.103015885313560318e+01,6.103015885313560318e+01,6.103015885313560318e+01,6.102195139590595829e+01
3.181175384351580249e+01,3.181175384351580249e+01,3.181175384351580249e+01,3.181175384351580249e+01,3.181175384351580249e+01,3.181175384351580249e+01,3.181175384351580249e+01,3.181175384351580249e+01,3.181175384351580249e+01,3.245325393091589916e+01,3.181175384351580249e+01,3.187334771521235410e+01,3.181175384351580249e+01,3.187334771521235410e+01,3.187334771521235410e+01,3.187334771521235410e+01,3.187334771521235410e+01,3.187334771521235410e+01,3.187334771521235410e+01,3.187334771521235410e+01,3.187334771521235410e+01,3.187334771521235410e+01,3.187334771521235410e+01,3.187334771521235410e+01,3.181175384351580249e+01,3.187334771521235410e+01,3.187334771521235410e+01,3.187334771521235410e+01,3.187334771521235410e+01,3.187334771521235410e+01,3.187334771521235410e+01,3.187334771521235410e+01,3.187334771521235410e+01,3.187334771521235410e+01,3.187334771521235410e+01,3.187334771521235410e+01,3.187334771521235410e+01,3.187334771521235410e+01,3.187334771521235410e+01,3.187334771521235410e+01,3.187334771521235410e+01,3.187334771521235410e+01,3.187334771521235410e+01,3.187334771521235410e+01,3.187334771521235410e+01,3.187334771521235410e+01,3.187334771521235410e+01,3.187334771521235410e+01,3.187334771521235410e+01,3.187334771521235410e+01,3.187334771521235410e+01,3.187334771521235410e+01,3.187334771521235410e+01,3.187334771521235410e+01,3.187334771521235410e+01,3.187334771521235410e+01,3.187334771521235410e+01,3.187334771521235410e+01,3.187334771521235410e+01,3.187334771521235410e+01,3.187334771521235410e+01,3.187334771521235410e+01,3.187334771521235410e+01,3.187334771521235410e+01,3.187334771521235410e+01,3.187334771521235410e+01,3.187334771521235410e+01,3.187334771521235410e+01,3.187334771521235410e+01,3.187334771521235410e+01,3.187334771521235410e+01,3.187334771521235410e+01,3.187334771521235410e+01,3.187334771521235410e+01,3.187334771521235410e+01,3.187334771521235410e+01,3.187334771521235410e+01,3.187334771521235410e+01,3.187334771521235410e+01,3.187334771521235410e+01,3.187334771521235410e+01,3.187334771521235410e+01,3.187334771521235410e+01,3.187334771521235410e+01,3.187334771521235410e+01,3.187334771521235410e+01,3.187334771521235410e+01,3.187334771521235410e+01,3.187334771521235410e+01,3.187334771521235410e+01,3.187334771521235410e+01,3.187334771521235410e+01,3.187334771521235410e+01,3.187334771521235410e+01,3.187334771521235410e+01,3.187334771521235410e+01,3.187334771521235410e+01,3.187334771521235410e+01,3.187334771521235410e+01,3.191406429339331652e+01,3.187334771521235410e+01,3.187334771521235410e+01,3.187334771521235410e+01,3.187334771521235410e+01,3.191406429339331652e+01,3.191406429339331652e+01,3.187334771521235410e+01,3.187334771521235410e+01,3.187334771521235410e+01,3.187334771521235410e+01,3.187334771521235410e+01,3.187334771521235410e+01,3.187334771521235410e+01,3.187334771521235410e+01,3.187334771521235410e+01,3.187334771521235410e+01,3.187334771521235410e+01,3.187334771521235410e+01,3.187334771521235410e+01,3.191406429339331652e+01,3.187334771521235410e+01,3.187334771521235410e+01,3.191406429339331652e+01,3.191406429339331652e+01,3.187334771521235410e+01,3.187334771521235410e+01,3.187334771521235410e+01,3.187334771521235410e+01,3.191406429339331652e+01,3.191406429339331652e+01,3.191406429339331652e+01,3.187334771521235410e+01,3.187334771521235410e+01,3.187334771521235410e+01,3.187334771521235410e+01,3.191406429339331652e+01,3.191406429339331652e+01,3.191406429339331652e+01,3.187334771521235410e+01,3.187334771521235410e+01,3.191406429339331652e+01,3.191406429339331652e+01,3.191406429339331652e+01,3.187334771521235410e+01,3.191406429339331652e+01,3.191406429339331652e+01,3.187334771521235410e+01,3.191406429339331652e+01,3.191406429339331652e+01,3.191406429339331652e+01,3.191406429339331652e+01,3.191406429339331652e+01,3.191406429339331652e+01,3.187334771521235410e+01,3.191406429339331652e+01,3.191406429339331652e+01,3.191406429339331652e+01,3.191406429339331652e+01,3.191406429339331652e+01,3.191406429339331652e+01,3.191406429339331652e+01,3.191406429339331652e+01,3.191406429339331652e+01,3.191406429339331652e+01,3.191406429339331652e+01,3.191406429339331652e+01,3.191406429339331652e+01,3.191406429339331652e+01,3.191406429339331652e+01,3.191406429339331652e+01,3.191406429339331652e+01,3.191406429339331652e+01,3.191406429339331652e+01,3.191406429339331652e+01,3.191406429339331652e+01,3.191406429339331652e+01,3.191406429339331652e+01,3.191406429339331652e+01,3.191406429339331652e+01,3.191406429339331652e+01,3.191406429339331652e+01,3.191406429339331652e+01,3.192997366166162720e+01,3.191406429339331652e+01,3.191406429339331652e+01,3.191406429339331652e+01,3.191406429339331652e+01,3.191406429339331652e+01,3.191406429339331652e+01,3.191406429339331652e+01,3.191406429339331652e+01,3.191406429339331652e+01,3.191406429339331652e+01,3.191406429339331652e+01,3.192997366166162720e+01,3.192997366166162720e+01,3.192997366166162720e+01,3.191406429339331652e+01,3.192997366166162720e+01,3.191406429339331652e+01,3.127311948742251246e+01,3.192997366166162720e+01,3.191406429339331652e+01,3.191406429339331652e+01,3.192997366166162720e+01,3.191406429339331652e+01,3.191406429339331652e+01,3.191406429339331652e+01,3.191406429339331652e+01,3.191406429339331652e+01,3.192997366166162720e+01,3.191406429339331652e+01,3.192997366166162720e+01,3.192997366166162720e+01,3.192997366166162720e+01,3.192997366166162720e+01,3.191406429339331652e+01,3.191406429339331652e+01,3.191406429339331652e+01,3.191406429339331652e+01,3.191406429339331652e+01,3.191406429339331652e+01,3.192997366166162720e+01,3.192997366166162720e+01,3.192997366166162720e+01,3.191406429339331652e+01,3.191406429339331652e+01,3.192997366166162720e+01,3.192997366166162720e+01,3.192997366166162720e+01,3.191406429339331652e+01,3.192997366166162720e+01,3.192997366166162720e+01,3.191406429339331652e+01,3.192997366166162720e+01,3.127311948742251246e+01,3.191406429339331652e+01,3.191406429339331652e+01,3.192997366166162720e+01,3.127311948742251246e+01,3.192997366166162720e+01,3.191406429339331652e+01,3.192997366166162720e+01,3.192997366166162720e+01,3.192997366166162720e+01,3.192997366166162720e+01,3.192997366166162720e+01,3.192997366166162720e+01,3.192997366166162720e+01,3.192997366166162720e+01,3.192997366166162720e+01,3.192997366166162720e+01,3.192997366166162720e+01,3.192997366166162720e+01,3.192997366166162720e+01,3.192997366166162720e+01,3.192997366166162720e+01,3.192997366166162720e+01,3.192997366166162720e+01,3.192997366166162720e+01,3.192997366166162720e+01,3.192997366166162720e+01,3.192997366166162720e+01,3.192997366166162720e+01,3.192997366166162720e+01,3.192997366166162720e+01,3.192997366166162720e+01,3.192997366166162720e+01,3.192997366166162720e+01,3.192997366166162720e+01,3.192997366166162720e+01,3.191406429339331652e+01,3.192997366166162720e+01,3.192997366166162720e+01,3.192997366166162720e+01,3.192997366166162720e+01,3.192997366166162720e+01,3.192997366166162720e+01,3.192997366166162720e+01,3.192997366166162720e+01,3.192997366166162720e+01,3.130836609641293933e+01,3.192997366166162720e+01,3.130836609641293933e+01,3.192997366166162720e+01,3.192997366166162720e+01,3.192997366166162720e+01,3.130836609641293933e+01,3.192997366166162720e+01,3.192997366166162720e+01,3.130836609641293933e+01,3.130836609641293933e+01,3.192997366166162720e+01,3.130836609641293933e+01,3.192997366166162720e+01,3.192997366166162720e+01,3.130836609641293933e+01,3.130836609641293933e+01,3.130836609641293933e+01,3.192997366166162720e+01,3.130836609641293933e+01,3.192997366166162720e+01,3.192997366166162720e+01,3.130836609641293933e+01,3.191406429339331652e+01,3.192997366166162720e+01,3.159286906488367919e+01,3.130836609641293933e+01,3.192997366166162720e+01,3.192997366166162720e+01,3.130836609641293933e+01,3.192997366166162720e+01,3.192997366166162720e+01,3.192997366166162720e+01,3.192997366166162720e+01,3.192997366166162720e+01,3.192997366166162720e+01,3.192997366166162720e+01,3.192997366166162720e+01,3.130836609641293933e+01,3.192997366166162720e+01,3.192997366166162720e+01,3.192997366166162720e+01,3.130836609641293933e+01,3.159286906488367919e+01,3.192997366166162720e+01,3.192997366166162720e+01,3.130836609641293933e+01,3.192997366166162720e+01,3.130836609641293933e+01,3.130836609641293933e+01,3.192997366166162720e+01,3.130836609641293933e+01,3.192997366166162720e+01,3.130836609641293933e+01,3.130836609641293933e+01,3.130836609641293933e+01,3.130836609641293933e+01,3.130836609641293933e+01,3.192997366166162720e+01,3.192997366166162720e+01,3.130836609641293933e+01,3.192997366166162720e+01,3.192997366166162720e+01,3.130836609641293933e+01,3.130836609641293933e+01,3.192997366166162720e+01,3.130836609641293933e+01,3.130836609641293933e+01,3.130836609641293933e+01,3.130836609641293933e+01,3.130836609641293933e+01,3.192997366166162720e+01,3.130836609641293933e+01,3.130836609641293933e+01,3.130836609641293933e+01,3.192997366166162720e+01,3.130836609641293933e+01,3.130836609641293933e+01,3.130836609641293933e+01,3.192997366166162720e+01,3.130836609641293933e+01,3.130836609641293933e+01,3.130836609641293933e+01,3.130836609641293933e+01,3.130836609641293933e+01,3.130836609641293933e+01,3.130836609641293933e+01,3.130836609641293933e+01,3.192997366166162720e+01,3.192997366166162720e+01,3.192997366166162720e+01,3.192997366166162720e+01,3.192997366166162720e+01,3.220090253479371967e+01,3.192997366166162720e+01,3.192997366166162720e+01,3.192997366166162720e+01,3.192997366166162720e+01,3.130836609641293933e+01,3.130836609641293933e+01,3.130836609641293933e+01,3.130836609641293933e+01,3.130836609641293933e+01,3.130836609641293933e+01,3.192997366166162720e+01,3.130836609641293933e+01,3.130836609641293933e+01,3.220090253479371967e+01,3.157281113879623291e+01,3.192997366166162720e+01,3.130836609641293933e+01,3.130836609641293933e+01,3.130836609641293933e+01,3.130836609641293933e+01,3.130836609641293933e+01,3.220090253479371967e+01,3.130836609641293933e+01,3.157281113879623291e+01,3.157281113879623291e+01,3.157281113879623291e+01,3.130836609641293933e+01,3.157281113879623291e+01,3.130836609641293933e+01,3.220090253479371967e+01,3.130836609641293933e+01,3.130836609641293933e+01,3.157281113879623291e+01,3.157281113879623291e+01,3.157281113879623291e+01,3.157281113879623291e+01,3.130836609641293933e+01,3.130836609641293933e+01,3.157281113879623291e+01,3.157281113879623291e+01,3.157281113879623291e+01,3.157281113879623291e+01,3.157281113879623291e+01,3.157281113879623291e+01,3.157281113879623291e+01,3.157281113879623291e+01,3.157281113879623291e+01,3.157281113879623291e+01,3.157281113879623291e+01,3.157281113879623291e+01,3.220090253479371967e+01,3.157281113879623291e+01,3.157281113879623291e+01,3.157281113879623291e+01,3.157281113879623291e+01,3.157281113879623291e+01,3.157281113879623291e+01,3.157281113879623291e+01,3.157281113879623291e+01,3.220090253479371967e+01,3.157281113879623291e+01,3.157281113879623291e+01,3.157281113879623291e+01,3.185995391228860640e+01,3.185995391228860640e+01,3.157281113879623291e+01,3.157281113879623291e+01,3.157281113879623291e+01,3.220090253479371967e+01,3.157281113879623291e+01,3.157281113879623291e+01,3.157281113879623291e+01,3.157281113879623291e+01,3.157281113879623291e+01,3.157281113879623291e+01,3.157281113879623291e+01,3.157281113879623291e+01,3.157281113879623291e+01,3.157281113879623291e+01,3.157281113879623291e+01,3.157281113879623291e+01,3.157281113879623291e+01,3.157281113879623291e+01,3.157281113879623291e+01,3.157281113879623291e+01,3.157281113879623291e+01,3.157281113879623291e+01,3.157281113879623291e+01,3.157281113879623291e+01,3.157281113879623291e+01,3.220090253479371967e+01,3.157281113879623291e+01,3.157281113879623291e+01,3.157281113879623291e+01,3.157281113879623291e+01,3.157281113879623291e+01,3.157281113879623291e+01,3.157281113879623291e+01,3.157281113879623291e+01,3.220090253479371967e+01,3.157281113879623291e+01,3.157281113879623291e+01,3.157281113879623291e+01,3.157281113879623291e+01,3.157281113879623291e+01,3.157281113879623291e+01,3.157281113879623291e+01,3.157281113879623291e+01,3.157281113879623291e+01,3.157281113879623291e+01,3.157281113879623291e+01,3.157281113879623291e+01,3.185995391228860640e+01,3.157281113879623291e+01,3.157281113879623291e+01,3.157281113879623291e+01,3.157281113879623291e+01,3.157281113879623291e+01,3.157281113879623291e+01,3.157281113879623291e+01,3.157281113879623291e+01,3.157281113879623291e+01,3.157281113879623291e+01,3.157281113879623291e+01,3.157281113879623291e+01,3.157281113879623291e+01,3.157281113879623291e+01,3.157281113879623291e+01,3.157281113879623291e+01,3.157281113879623291e+01,3.157281113879623291e+01,3.157281113879623291e+01,3.157281113879623291e+01,3.157281113879623291e+01,3.185995391228860640e+01,3.157281113879623291e+01,3.157281113879623291e+01,3.157281113879623291e+01,3.157281113879623291e+01,3.157281113879623291e+01,3.157281113879623291e+01,3.220090253479371967e+01,3.157281113879623291e+01,3.157281113879623291e+01,3.157281113879623291e+01,3.157281113879623291e+01,3.157281113879623291e+01,3.157281113879623291e+01,3.220090253479371967e+01,3.157281113879623291e+01,3.220090253479371967e+01,3.157281113879623291e+01,3.157281113879623291e+01,3.220090253479371967e+01,3.157281113879623291e+01,3.157281113879623291e+01,3.157281113879623291e+01,3.220090253479371967e+01,3.157281113879623291e+01,3.157281113879623291e+01,3.220090253479371967e+01,3.220090253479371967e+01,3.157281113879623291e+01,3.220090253479371967e+01,3.220090253479371967e+01,3.157281113879623291e+01,3.186118403881967964e+01,3.246775727945998824e+01,3.183451545730938292e+01,3.183451545730938292e+01,3.183451545730938292e+01,3.183451545730938292e+01,3.246775727945998824e+01,3.183451545730938292e+01,3.246775727945998824e+01,3.157281113879623291e+01,3.232157167286637645e+01,3.183451545730938292e+01,3.246775727945998824e+01,3.220090253479371967e+01,3.246775727945998824e+01,3.247070875053341155e+01,3.246775727945998824e+01,3.246775727945998824e+01,3.183451545730938292e+01,3.246775727945998824e+01,3.246775727945998824e+01,3.220090253479371967e+01,3.246775727945998824e+01,3.183451545730938292e+01,3.246775727945998824e+01,3.183451545730938292e+01,3.246775727945998824e+01,3.183451545730938292e+01,3.183451545730938292e+01,3.246775727945998824e+01,3.246775727945998824e+01,3.246775727945998824e+01,3.246775727945998824e+01,3.246775727945998824e+01,3.246775727945998824e+01,3.246775727945998824e+01,3.246775727945998824e+01,3.246775727945998824e+01,3.183451545730938292e+01,3.246775727945998824e+01,3.246775727945998824e+01,3.246775727945998824e+01,3.246775727945998824e+01,3.246775727945998824e+01,3.246775727945998824e+01,3.246775727945998824e+01,3.246775727945998824e+01,3.246775727945998824e+01,3.246775727945998824e+01,3.246775727945998824e+01,3.246775727945998824e+01,3.246775727945998824e+01,3.246775727945998824e+01,3.246775727945998824e+01,3.246775727945998824e+01,3.246775727945998824e+01,3.246775727945998824e+01,3.246775727945998824e+01,3.246775727945998824e+01,3.246775727945998824e+01,3.246775727945998824e+01,3.246775727945998824e+01,3.246775727945998824e+01,3.246775727945998824e+01,3.246775727945998824e+01,3.246775727945998824e+01,3.246775727945998824e+01,3.246775727945998824e+01,3.246775727945998824e+01,3.246775727945998824e+01,3.246775727945998824e+01,3.247070875053341155e+01,3.247070875053341155e+01,3.246775727945998824e+01,3.272957480149373310e+01,3.246775727945998824e+01,3.272957480149373310e+01,3.272957480149373310e+01,3.272957480149373310e+01,3.246775727945998824e+01,3.272957480149373310e+01,3.272957480149373310e+01,3.272957480149373310e+01,3.272957480149373310e+01,3.272957480149373310e+01,3.246775727945998824e+01,3.272957480149373310e+01,3.272957480149373310e+01,3.272957480149373310e+01,3.273935487765491814e+01,3.247070875053341155e+01,3.247070875053341155e+01,3.247070875053341155e+01,3.247070875053341155e+01,3.247070875053341155e+01,3.247070875053341155e+01,3.247070875053341155e+01,3.247070875053341155e+01,3.247070875053341155e+01,3.247070875053341155e+01,3.273935487765491814e+01,3.272957480149373310e+01,3.272957480149373310e+01,3.273935487765491814e+01,3.273935487765491814e+01,3.247070875053341155e+01,3.272894200255527863e+01,3.273935487765491814e+01,3.272894200255527863e+01,3.245358144059221672e+01,3.272894200255527863e+01,3.273935487765491814e+01,3.245358144059221672e+01,3.273935487765491814e+01,3.273935487765491814e+01,3.273935487765491814e+01,3.273935487765491814e+01,3.273935487765491814e+01,3.273935487765491814e+01,3.273935487765491814e+01,3.272894200255527863e+01,3.272894200255527863e+01,3.273935487765491814e+01,3.273935487765491814e+01,3.272894200255527863e+01,3.272894200255527863e+01,3.272894200255527863e+01,3.273935487765491814e+01,3.272894200255527863e+01,3.272894200255527863e+01,3.272894200255527863e+01,3.272894200255527863e+01,3.272894200255527863e+01,3.272894200255527863e+01,3.273935487765491814e+01,3.273935487765491814e+01,3.272894200255527863e+01,3.273935487765491814e+01,3.273935487765491814e+01,3.272894200255527863e+01,3.273935487765491814e+01,3.273935487765491814e+01,3.272894200255527863e+01,3.273935487765491814e+01,3.273935487765491814e+01,3.273935487765491814e+01,3.273935487765491814e+01,3.272894200255527863e+01,3.272894200255527863e+01,3.300097480381656823e+01,3.300354625899470307e+01,3.300097480381656823e+01,3.300097480381656823e+01,3.300097480381656823e+01,3.300097480381656823e+01,3.300420424957819421e+01,3.300097480381656823e+01,3.300097480381656823e+01,3.300097480381656823e+01,3.300354625899470307e+01,3.300097480381656823e+01,3.300097480381656823e+01,3.300354625899470307e+01,3.300097480381656823e+01,3.300097480381656823e+01,3.300097480381656823e+01,3.354885466568026686e+01,3.300097480381656823e+01,3.300354625899470307e+01,3.300354625899470307e+01,3.300097480381656823e+01,3.300097480381656823e+01,3.354885466568026686e+01,3.354885466568026686e+01,3.357542178037479630e+01,3.300354625899470307e+01,3.354885466568026686e+01,3.354885466568026686e+01,3.354885466568026686e+01,3.354885466568026686e+01,3.382141207697178231e+01,3.326969716096783714e+01,3.326969716096783714e+01,3.382141207697178231e+01,3.382141207697178231e+01,3.382141207697178231e+01,3.354885466568026686e+01,3.383116558870978707e+01,3.354885466568026686e+01,3.382141207697178231e+01,3.382141207697178231e+01,3.382141207697178231e+01,3.382141207697178231e+01,3.382141207697178231e+01,3.382141207697178231e+01,3.382141207697178231e+01,3.382141207697178231e+01,3.382141207697178231e+01,3.382141207697178231e+01,3.382141207697178231e+01,3.382141207697178231e+01,3.382141207697178231e+01,3.382141207697178231e+01,3.382141207697178231e+01,3.382141207697178231e+01,3.382141207697178231e+01,3.382141207697178231e+01,3.382141207697178231e+01,3.382141207697178231e+01,3.382141207697178231e+01,3.382141207697178231e+01,3.382141207697178231e+01,3.409041754518126766e+01,3.409041754518126766e+01,3.409041754518126766e+01,3.409041754518126766e+01,3.409041754518126766e+01,3.409041754518126766e+01,3.409041754518126766e+01,3.409041754518126766e+01,3.409041754518126766e+01,3.409041754518126766e+01,3.409041754518126766e+01,3.459990572961264377e+01,3.409041754518126766e+01,3.459990572961264377e+01,3.409041754518126766e+01,3.432538450911255268e+01,3.409041754518126766e+01,3.409041754518126766e+01,3.459990572961264377e+01,3.459990572961264377e+01,3.409041754518126766e+01,3.459990572961264377e+01,3.459990572961264377e+01,3.459990572961264377e+01,3.459990572961264377e+01,3.459990572961264377e+01,3.459990572961264377e+01,3.486973087638141777e+01,3.486973087638141777e+01,3.459990572961264377e+01,3.486973087638141777e+01,3.486973087638141777e+01,3.486973087638141777e+01,3.486973087638141777e+01,3.486973087638141777e+01,3.486973087638141777e+01,3.486973087638141777e+01,3.486973087638141777e+01,3.486973087638141777e+01,3.486973087638141777e+01,3.486973087638141777e+01,3.486973087638141777e+01,3.486973087638141777e+01,3.486973087638141777e+01,3.486973087638141777e+01,3.486973087638141777e+01,3.486973087638141777e+01,3.486973087638141777e+01,3.486973087638141777e+01,3.513618968617404192e+01,3.486973087638141777e+01,3.486973087638141777e+01,3.486973087638141777e+01,3.484050947391955333e+01,3.557240503142627830e+01,3.513618968617404192e+01,3.513618968617404192e+01,3.513618968617404192e+01,3.557240503142627830e+01,3.511527824387592034e+01,3.513618968617404192e+01,3.557240503142627830e+01,3.557240503142627830e+01,3.557240503142627830e+01,3.511527824387592034e+01,3.557240503142627830e+01,3.557240503142627830e+01,3.557240503142627830e+01,3.557240503142627830e+01,3.557240503142627830e+01,3.557240503142627830e+01,3.557240503142627830e+01,3.557240503142627830e+01,3.557240503142627830e+01,3.557240503142627830e+01,3.557240503142627830e+01,3.557240503142627830e+01,3.557240503142627830e+01,3.557240503142627830e+01,3.557240503142627830e+01,3.584656414322029150e+01,3.584656414322029150e+01,3.584656414322029150e+01,3.584656414322029150e+01,3.584656414322029150e+01,3.584656414322029150e+01,3.584656414322029150e+01,3.584656414322029150e+01,3.584656414322029150e+01,3.584656414322029150e+01,3.584656414322029150e+01,3.584656414322029150e+01,3.584656414322029150e+01,3.584656414322029150e+01,3.584656414322029150e+01,3.584656414322029150e+01,3.584656414322029150e+01,3.584656414322029150e+01,3.584656414322029150e+01,3.611785361461993205e+01,3.584656414322029150e+01,3.584656414322029150e+01,3.584656414322029150e+01,3.611785361461993205e+01,3.611785361461993205e+01,3.611785361461993205e+01,3.611785361461993205e+01,3.611785361461993205e+01,3.611785361461993205e+01,3.611785361461993205e+01,3.611785361461993205e+01,3.611785361461993205e+01,3.611785361461993205e+01,3.654101838055463247e+01,3.611785361461993205e+01,3.654101838055463247e+01,3.654101838055463247e+01,3.654101838055463247e+01,3.654101838055463247e+01,3.654101838055463247e+01,3.654101838055463247e+01,3.654101838055463247e+01,3.654101838055463247e+01,3.681043329199370362e+01,3.654101838055463247e+01,3.681043329199370362e+01,3.681043329199370362e+01,3.681043329199370362e+01,3.681043329199370362e+01,3.677122213655555782e+01,3.681043329199370362e+01,3.681043329199370362e+01,3.681043329199370362e+01,3.681043329199370362e+01,3.681043329199370362e+01,3.681043329199370362e+01,3.681043329199370362e+01,3.681043329199370362e+01,3.681043329199370362e+01,3.681043329199370362e+01,3.720070002888589045e+01,3.707635548508719836e+01,3.746689171953455855e+01,3.720070002888589045e+01,3.746689171953455855e+01,3.746689171953455855e+01,3.732093389481181589e+01,3.746689171953455855e+01,3.746689171953455855e+01,3.746689171953455855e+01,3.746689171953455855e+01,3.746689171953455855e+01,3.746689171953455855e+01,3.746689171953455855e+01,3.746689171953455855e+01,3.741945932619122317e+01,3.746689171953455855e+01,3.746689171953455855e+01,3.746689171953455855e+01,3.746689171953455855e+01,3.741945932619122317e+01,3.746689171953455855e+01,3.741945932619122317e+01,3.798685822452950589e+01,3.798685822452950589e+01,3.794489268671168247e+01,3.741945932619122317e+01,3.794489268671168247e+01,3.798685822452950589e+01,3.798685822452950589e+01,3.798685822452950589e+01,3.794489268671168247e+01,3.794489268671168247e+01,3.798685822452950589e+01,3.794489268671168247e+01,3.829430949900820735e+01,3.798685822452950589e+01,3.834712741612005260e+01,3.831887547486006440e+01,3.829430949900820735e+01,3.829430949900820735e+01,3.854786421138393848e+01,3.859924895979420256e+01,3.859924895979420256e+01,3.854786421138393848e+01,3.854786421138393848e+01,3.854786421138393848e+01,3.854786421138393848e+01,3.854786421138393848e+01,3.859924895979420256e+01,3.854786421138393848e+01,3.854786421138393848e+01,3.854786421138393848e+01,3.854786421138393848e+01,3.854786421138393848e+01,3.893380549541001301e+01,3.893380549541001301e+01,3.854786421138393848e+01,3.887466992034469371e+01,3.893380549541001301e+01,3.887466992034469371e+01,3.898625173218039208e+01,3.893380549541001301e+01,3.914804280799214808e+01,3.912092642429169587e+01,3.912092642429169587e+01,3.912092642429169587e+01,3.912092642429169587e+01,3.912092642429169587e+01,3.912092642429169587e+01,3.912092642429169587e+01,3.912092642429169587e+01,3.912092642429169587e+01,3.942945931941952864e+01,3.942945931941952864e+01,3.942945931941952864e+01,3.942945931941952864e+01,3.942945931941952864e+01,3.942945931941952864e+01,3.973191825915403541e+01,3.942945931941952864e+01,3.966833804059333346e+01,3.966833804059333346e+01,3.966833804059333346e+01,3.973191825915403541e+01,3.966833804059333346e+01,3.966833804059333346e+01,3.966833804059333346e+01,3.966833804059333346e+01,3.966833804059333346e+01,3.966833804059333346e+01,3.966833804059333346e+01,3.966833804059333346e+01,3.973191825915403541e+01,3.966833804059333346e+01,3.966833804059333346e+01,3.966833804059333346e+01,3.966833804059333346e+01,3.966833804059333346e+01,3.990029320872324803e+01,3.990029320872324803e+01,3.996379560361756944e+01,4.019392120344152630e+01,4.026069457171047361e+01,4.019392120344152630e+01,4.019392120344152630e+01,4.019392120344152630e+01,4.019392120344152630e+01,4.054421171081451547e+01,4.019392120344152630e+01,4.019392120344152630e+01,4.038973595655648552e+01,4.047619267294452072e+01,4.054421171081451547e+01,4.054421171081451547e+01,4.054421171081451547e+01,4.054421171081451547e+01,4.047619267294452072e+01,4.047619267294452072e+01,4.076943249051605278e+01,4.047619267294452072e+01,4.070094268613652844e+01,4.076943249051605278e+01,4.070094268613652844e+01,4.070094268613652844e+01,4.076943249051605278e+01,4.076943249051605278e+01,4.070094268613652844e+01,4.076943249051605278e+01,4.076943249051605278e+01,4.076943249051605278e+01,4.076943249051605278e+01,4.076943249051605278e+01,4.076943249051605278e+01,4.076943249051605278e+01,4.076943249051605278e+01,4.076943249051605278e+01,4.076943249051605278e+01,4.070094268613652844e+01,4.104242632204925911e+01,4.076943249051605278e+01,4.126119011279237725e+01,4.098763161481680584e+01,4.126119011279237725e+01,4.126119011279237725e+01,4.126119011279237725e+01,4.126119011279237725e+01,4.126119011279237725e+01,4.126119011279237725e+01,4.126119011279237725e+01,4.126119011279237725e+01,4.126119011279237725e+01,4.126119011279237725e+01,4.126119011279237725e+01,4.126119011279237725e+01,4.126119011279237725e+01,4.152588353945728983e+01,4.152588353945728983e+01,4.152588353945728983e+01,4.152588353945728983e+01,4.152588353945728983e+01,4.152588353945728983e+01,4.173850040657251981e+01,4.152588353945728983e+01,4.173850040657251981e+01,4.173850040657251981e+01,4.173850040657251981e+01,4.152588353945728983e+01,4.173850040657251981e+01,4.173850040657251981e+01,4.173850040657251981e+01,4.173850040657251981e+01,4.173850040657251981e+01,4.173850040657251981e+01,4.173850040657251981e+01,4.173850040657251981e+01,4.173850040657251981e+01,4.173850040657251981e+01,4.173850040657251981e+01,4.173850040657251981e+01,4.173850040657251981e+01,4.173850040657251981e+01,4.173850040657251981e+01,4.173850040657251981e+01,4.173850040657251981e+01,4.173850040657251981e+01,4.199665552316039197e+01,4.194445996372796515e+01,4.173850040657251981e+01,4.199665552316039197e+01,4.199665552316039197e+01,4.220344320666021076e+01,4.194445996372796515e+01,4.220344320666021076e+01,4.199665552316039197e+01,4.220344320666021076e+01,4.220344320666021076e+01,4.220344320666021076e+01,4.220344320666021076e+01,4.220344320666021076e+01,4.220344320666021076e+01,4.220344320666021076e+01,4.220344320666021076e+01,4.245645247013288781e+01,4.220344320666021076e+01,4.220344320666021076e+01,4.220344320666021076e+01,4.245645247013288781e+01,4.245645247013288781e+01,4.252149058703846407e+01,4.252149058703846407e+01,4.248584529998133519e+01,4.245645247013288781e+01,4.245645247013288781e+01,4.245645247013288781e+01,4.252149058703846407e+01,4.245645247013288781e+01,4.245645247013288781e+01,4.252149058703846407e+01,4.254775483176456419e+01,4.252149058703846407e+01,4.252149058703846407e+01,4.265771903871857518e+01,4.245645247013288781e+01,4.245645247013288781e+01,4.272327320257157623e+01,4.265771903871857518e+01,4.290667834535113201e+01,4.245645247013288781e+01,4.272327320257157623e+01,4.297024144598372430e+01,4.290667834535113201e+01,4.290667834535113201e+01,4.290667834535113201e+01,4.290667834535113201e+01,4.297024144598372430e+01,4.290667834535113201e+01,4.297024144598372430e+01,4.297024144598372430e+01,4.290667834535113201e+01,4.297024144598372430e+01,4.290667834535113201e+01,4.297024144598372430e+01,4.290667834535113201e+01,4.290667834535113201e+01,4.297024144598372430e+01,4.290667834535113201e+01,4.297024144598372430e+01,4.297024144598372430e+01,4.290667834535113201e+01,4.290667834535113201e+01,4.315215611594670264e+01,4.316683746904182328e+01,4.315215611594670264e+01,4.316683746904182328e+01,4.315215611594670264e+01,4.321322077662993166e+01,4.321322077662993166e+01,4.334848075931660105e+01,4.341031263288276421e+01,4.341031263288276421e+01,4.341031263288276421e+01,4.341031263288276421e+01,4.341031263288276421e+01,4.334848075931660105e+01,4.341031263288276421e+01,4.341031263288276421e+01,4.334848075931660105e+01,4.334848075931660105e+01,4.341031263288276421e+01,4.341031263288276421e+01,4.341031263288276421e+01,4.341031263288276421e+01,4.341031263288276421e+01,4.341031263288276421e+01,4.341031263288276421e+01,4.341031263288276421e+01,4.341031263288276421e+01,4.360197761348781853e+01,4.360197761348781853e+01,4.360197761348781853e+01,4.384274249597807227e+01,4.360197761348781853e+01,4.384274249597807227e+01,4.384274249597807227e+01,4.384274249597807227e+01,4.384274249597807227e+01,4.384274249597807227e+01,4.384274249597807227e+01,4.384274249597807227e+01,4.384274249597807227e+01,4.384274249597807227e+01,4.384274249597807227e+01,4.384274249597807227e+01,4.384274249597807227e+01,4.384274249597807227e+01,4.384274249597807227e+01,4.384274249597807227e+01,4.384274249597807227e+01,4.384274249597807227e+01,4.384274249597807227e+01,4.384274249597807227e+01,4.384274249597807227e+01,4.408090435213337344e+01,4.402971631466697033e+01,4.384274249597807227e+01,4.384274249597807227e+01,4.408090435213337344e+01,4.408090435213337344e+01,4.402971631466697033e+01,4.413765798365544413e+01,4.426836987453017258e+01,4.426836987453017258e+01,4.408090435213337344e+01,4.426836987453017258e+01,4.426836987453017258e+01,4.432579150170680293e+01,4.426836987453017258e+01,4.426836987453017258e+01,4.432579150170680293e+01,4.426836987453017258e+01,4.426836987453017258e+01,4.426836987453017258e+01,4.432579150170680293e+01,4.432579150170680293e+01,4.426836987453017258e+01,4.432579150170680293e+01,4.426836987453017258e+01,4.426836987453017258e+01,4.426836987453017258e+01,4.432579150170680293e+01,4.426836987453017258e+01,4.426836987453017258e+01,4.426836987453017258e+01,4.432579150170680293e+01,4.432579150170680293e+01,4.426836987453017258e+01,4.426836987453017258e+01,4.432579150170680293e+01,4.432579150170680293e+01,4.432579150170680293e+01,4.455972602107820535e+01,4.432579150170680293e+01,4.455972602107820535e+01,4.432579150170680293e+01,4.455972602107820535e+01,4.455972602107820535e+01,4.455972602107820535e+01,4.455972602107820535e+01,4.455972602107820535e+01,4.455972602107820535e+01,4.455972602107820535e+01,4.474338687217839095e+01,4.474338687217839095e+01,4.474338687217839095e+01,4.474338687217839095e+01,4.455972602107820535e+01,4.474338687217839095e+01,4.474338687217839095e+01,4.474338687217839095e+01,4.474338687217839095e+01,4.474338687217839095e+01,4.474338687217839095e+01,4.474338687217839095e+01,4.474338687217839095e+01,4.474338687217839095e+01,4.474338687217839095e+01,4.474338687217839095e+01,4.497601708083510630e+01,4.479803211207743630e+01,4.497601708083510630e+01,4.497601708083510630e+01,4.497601708083510630e+01,4.502824389637198266e+01,4.502824389637198266e+01,4.502824389637198266e+01,4.497601708083510630e+01,4.497601708083510630e+01,4.502824389637198266e+01,4.502824389637198266e+01,4.502824389637198266e+01,4.502824389637198266e+01,4.525719092019360801e+01,4.502824389637198266e+01,4.502824389637198266e+01,4.525719092019360801e+01,4.497601708083510630e+01,4.525719092019360801e+01,4.525719092019360801e+01,4.525719092019360801e+01,4.525719092019360801e+01,4.525719092019360801e+01,4.525719092019360801e+01,4.525719092019360801e+01,4.543742438522399851e+01,4.543742438522399851e+01,4.543742438522399851e+01,4.525719092019360801e+01,4.543742438522399851e+01,4.543742438522399851e+01,4.543742438522399851e+01,4.543742438522399851e+01,4.543742438522399851e+01,4.543742438522399851e+01,4.543742438522399851e+01,4.543742438522399851e+01,4.543742438522399851e+01,4.543742438522399851e+01,4.543742438522399851e+01,4.543742438522399851e+01,4.543742438522399851e+01,4.543742438522399851e+01,4.543742438522399851e+01,4.543742438522399851e+01,4.543742438522399851e+01,4.543742438522399851e+01,4.543742438522399851e+01,4.543742438522399851e+01,4.543742438522399851e+01,4.543742438522399851e+01,4.543742438522399851e+01,4.543742438522399851e+01,4.543742438522399851e+01,4.543742438522399851e+01,4.543742438522399851e+01,4.543742438522399851e+01,4.566562513400357659e+01,4.543742438522399851e+01,4.545980604252719814e+01,4.543742438522399851e+01,4.543742438522399851e+01,4.543742438522399851e+01,4.543742438522399851e+01,4.543742438522399851e+01,4.543742438522399851e+01,4.566562513400357659e+01,4.566562513400357659e+01,4.566562513400357659e+01,4.566562513400357659e+01,4.584175463470636203e+01,4.584175463470636203e+01,4.584175463470636203e+01,4.584175463470636203e+01,4.584175463470636203e+01,4.584175463470636203e+01,4.588946957940414961e+01,4.584175463470636203e+01,4.584175463470636203e+01,4.606935955887512080e+01,4.606935955887512080e+01,4.584175463470636203e+01,4.611478617162738658e+01,4.611478617162738658e+01,4.584175463470636203e+01,4.611478617162738658e+01,4.606935955887512080e+01,4.611478617162738658e+01,4.606935955887512080e+01,4.611478617162738658e+01,4.611478617162738658e+01,4.611478617162738658e+01,4.611478617162738658e+01,4.611478617162738658e+01,4.611478617162738658e+01,4.611478617162738658e+01,4.606935955887512080e+01,4.611478617162738658e+01,4.611478617162738658e+01,4.611478617162738658e+01,4.611478617162738658e+01,4.611478617162738658e+01,4.611478617162738658e+01,4.611478617162738658e+01,4.611478617162738658e+01,4.611478617162738658e+01,4.611478617162738658e+01,4.611478617162738658e+01,4.628764326674018292e+01,4.611478617162738658e+01,4.628764326674018292e+01,4.628764326674018292e+01,4.611478617162738658e+01,4.628764326674018292e+01,4.628764326674018292e+01,4.628764326674018292e+01,4.651255458131949183e+01,4.628764326674018292e+01,4.628764326674018292e+01,4.638891315699360263e+01,4.628764326674018292e+01,4.651255458131949183e+01,4.651255458131949183e+01,4.651255458131949183e+01,4.651255458131949183e+01,4.651255458131949183e+01,4.651255458131949183e+01,4.651255458131949183e+01,4.651255458131949183e+01,4.651255458131949183e+01,4.655533584433511862e+01,4.651255458131949183e+01,4.651255458131949183e+01,4.651255458131949183e+01,4.651255458131949183e+01,4.655533584433511862e+01,4.655533584433511862e+01,4.655533584433511862e+01,4.651255458131949183e+01,4.655533584433511862e+01,4.651255458131949183e+01,4.655533584433511862e+01
3.995898684713473870e+01,4.006240705719398676e+01,4.006240705719398676e+01,4.006240705719398676e+01,4.006240705719398676e+01,4.006240705719398676e+01,4.006240705719398676e+01,4.006240705719398676e+01,4.015064673099600867e+01,4.015064673099600867e+01,3.997363798048425565e+01,3.997363798048425565e+01,3.997363798048425565e+01,4.004056752863348123e+01,4.004056752863348123e+01,4.004056752863348123e+01,3.956506815859049198e+01,3.956506815859049198e+01,3.946524723575427629e+01,3.956506815859049198e+01,3.938262319149335156e+01,3.938262319149335156e+01,3.938262319149335156e+01,3.944832942871182979e+01,3.938262319149335156e+01,3.944832942871182979e+01,3.938262319149335156e+01,3.938262319149335156e+01,3.944832942871182979e+01,3.942087729006453145e+01,3.944832942871182979e+01,3.944832942871182979e+01,3.942087729006453145e+01,3.944832942871182979e+01,3.944832942871182979e+01,3.944832942871182979e+01,3.944832942871182979e+01,3.944832942871182979e+01,3.925507036554130735e+01,3.925507036554130735e+01,3.925507036554130735e+01,3.925507036554130735e+01,3.925507036554130735e+01,3.925507036554130735e+01,3.925507036554130735e+01,3.925507036554130735e+01,3.925507036554130735e+01,3.929617933374365890e+01,3.929617933374365890e+01,3.925507036554130735e+01,3.929617933374365890e+01,3.929617933374365890e+01,3.929617933374365890e+01,3.929617933374365890e+01,3.929617933374365890e+01,3.929617933374365890e+01,3.929617933374365890e+01,3.929617933374365890e+01,3.929617933374365890e+01,3.929617933374365890e+01,3.929617933374365890e+01,3.929617933374365890e+01,3.929617933374365890e+01,3.929617933374365890e+01,3.929617933374365890e+01,3.929617933374365890e+01,3.929617933374365890e+01,3.929617933374365890e+01,3.929617933374365890e+01,3.929617933374365890e+01,3.929617933374365890e+01,3.929617933374365890e+01,3.929617933374365890e+01,3.909030262317031656e+01,3.909030262317031656e+01,3.909030262317031656e+01,3.929617933374365890e+01,3.929617933374365890e+01,3.909030262317031656e+01,3.909030262317031656e+01,3.909030262317031656e+01,3.909030262317031656e+01,3.909030262317031656e+01,3.909030262317031656e+01,3.909030262317031656e+01,3.909030262317031656e+01,3.909030262317031656e+01,3.909030262317031656e+01,3.909030262317031656e+01,3.909030262317031656e+01,3.909030262317031656e+01,3.909030262317031656e+01,3.909030262317031656e+01,3.909030262317031656e+01,3.909030262317031656e+01,3.909030262317031656e+01,3.909030262317031656e+01,3.909030262317031656e+01,3.909030262317031656e+01,3.909030262317031656e+01,3.909030262317031656e+01,3.909030262317031656e+01,3.909030262317031656e+01,3.909030262317031656e+01,3.909030262317031656e+01,3.909030262317031656e+01,3.909030262317031656e+01,3.909030262317031656e+01,3.909030262317031656e+01,3.909030262317031656e+01,3.909030262317031656e+01,3.909030262317031656e+01,3.909030262317031656e+01,3.909030262317031656e+01,3.909030262317031656e+01,3.909030262317031656e+01,3.909030262317031656e+01,3.909030262317031656e+01,3.909030262317031656e+01,3.909030262317031656e+01,3.909030262317031656e+01,3.909030262317031656e+01,3.909030262317031656e+01,3.909030262317031656e+01,3.909030262317031656e+01,3.909030262317031656e+01,3.909030262317031656e+01,3.909030262317031656e+01,3.909030262317031656e+01,3.909030262317031656e+01,3.909030262317031656e+01,3.909030262317031656e+01,3.909030262317031656e+01,3.909030262317031656e+01,3.909030262317031656e+01,3.910609413247898658e+01,3.909030262317031656e+01,3.909030262317031656e+01,3.910609413247898658e+01,3.909030262317031656e+01,3.910609413247898658e+01,3.909030262317031656e+01,3.909030262317031656e+01,3.909030262317031656e+01,3.909030262317031656e+01,3.910609413247898658e+01,3.910609413247898658e+01,3.910609413247898658e+01,3.910609413247898658e+01,3.888651267973204995e+01,3.910609413247898658e+01,3.888651267973204995e+01,3.910609413247898658e+01,3.888651267973204995e+01,3.909030262317031656e+01,3.888651267973204995e+01,3.887966063242696890e+01,3.888651267973204995e+01,3.888651267973204995e+01,3.909030262317031656e+01,3.887966063242696890e+01,3.887966063242696890e+01,3.927029830010754097e+01,3.910609413247898658e+01,3.910609413247898658e+01,3.888540140903047870e+01,3.888651267973204995e+01,3.887966063242696890e+01,3.887966063242696890e+01,3.927029830010754097e+01,3.927029830010754097e+01,3.888651267973204995e+01,3.927029830010754097e+01,3.927029830010754097e+01,3.927029830010754097e+01,3.887966063242696890e+01,3.927029830010754097e+01,3.888651267973204995e+01,3.927029830010754097e+01,3.927029830010754097e+01,3.927029830010754097e+01,3.928327251554415511e+01,3.927029830010754097e+01,3.927029830010754097e+01,3.927029830010754097e+01,3.927029830010754097e+01,3.927029830010754097e+01,3.927029830010754097e+01,3.927029830010754097e+01,3.888651267973204995e+01,3.927029830010754097e+01,3.927029830010754097e+01,3.927029830010754097e+01,3.928327251554415511e+01,3.927029830010754097e+01,3.927029830010754097e+01,3.927029830010754097e+01,3.927029830010754097e+01,3.927029830010754097e+01,3.927029830010754097e+01,3.927029830010754097e+01,3.927029830010754097e+01,3.927029830010754097e+01,3.927029830010754097e+01,3.927029830010754097e+01,3.927029830010754097e+01,3.927029830010754097e+01,3.927029830010754097e+01,3.927029830010754097e+01,3.927029830010754097e+01,3.927029830010754097e+01,3.927029830010754097e+01,3.927029830010754097e+01,3.927029830010754097e+01,3.927029830010754097e+01,3.928327251554415511e+01,3.927029830010754097e+01,3.927029830010754097e+01,3.927029830010754097e+01,3.927029830010754097e+01,3.927029830010754097e+01,3.927029830010754097e+01,3.927029830010754097e+01,3.927029830010754097e+01,3.927029830010754097e+01,3.927029830010754097e+01,3.927029830010754097e+01,3.927029830010754097e+01,3.927029830010754097e+01,3.927029830010754097e+01,3.927029830010754097e+01,3.927029830010754097e+01,3.927029830010754097e+01,3.927029830010754097e+01,3.927029830010754097e+01,3.927029830010754097e+01,3.927029830010754097e+01,3.927029830010754097e+01,3.927029830010754097e+01,3.927029830010754097e+01,3.927029830010754097e+01,3.927029830010754097e+01,3.927029830010754097e+01,3.927029830010754097e+01,3.927029830010754097e+01,3.927029830010754097e+01,3.927029830010754097e+01,3.927029830010754097e+01,3.927029830010754097e+01,3.927029830010754097e+01,3.927029830010754097e+01,3.927029830010754097e+01,3.927029830010754097e+01,3.927029830010754097e+01,3.927029830010754097e+01,3.927029830010754097e+01,3.927029830010754097e+01,3.927029830010754097e+01,3.927029830010754097e+01,3.927029830010754097e+01,3.927029830010754097e+01,3.927029830010754097e+01,3.927029830010754097e+01,3.927029830010754097e+01,3.927029830010754097e+01,3.927029830010754097e+01,3.927029830010754097e+01,3.927029830010754097e+01,3.927029830010754097e+01,3.927029830010754097e+01,3.927029830010754097e+01,3.927029830010754097e+01,3.927029830010754097e+01,3.927029830010754097e+01,3.927029830010754097e+01,3.927029830010754097e+01,3.927029830010754097e+01,3.927029830010754097e+01,3.927029830010754097e+01,3.927029830010754097e+01,3.927029830010754097e+01,3.927029830010754097e+01,3.927029830010754097e+01,3.961608255213368324e+01,3.927029830010754097e+01,3.961608255213368324e+01,3.961608255213368324e+01,3.961608255213368324e+01,3.927029830010754097e+01,3.927029830010754097e+01,3.961608255213368324e+01,3.927029830010754097e+01,3.961608255213368324e+01,3.961608255213368324e+01,3.961608255213368324e+01,3.961608255213368324e+01,3.961608255213368324e+01,3.961608255213368324e+01,3.961608255213368324e+01,3.961608255213368324e+01,3.961608255213368324e+01,3.961608255213368324e+01,3.961608255213368324e+01,3.961608255213368324e+01,3.961608255213368324e+01,3.961608255213368324e+01,3.961608255213368324e+01,3.961608255213368324e+01,3.961608255213368324e+01,3.961608255213368324e+01,3.961608255213368324e+01,3.961608255213368324e+01,3.961608255213368324e+01,3.961608255213368324e+01,3.961608255213368324e+01,3.961608255213368324e+01,3.961608255213368324e+01,3.961608255213368324e+01,3.961608255213368324e+01,3.961608255213368324e+01,3.961608255213368324e+01,3.961608255213368324e+01,3.961608255213368324e+01,3.961608255213368324e+01,3.961608255213368324e+01,3.961608255213368324e+01,3.961608255213368324e+01,3.961608255213368324e+01,3.961608255213368324e+01,3.961608255213368324e+01,3.961608255213368324e+01,3.957812654189512358e+01,3.993145895591672456e+01,3.961608255213368324e+01,3.961608255213368324e+01,3.993145895591672456e+01,3.993145895591672456e+01,3.993145895591672456e+01,3.993145895591672456e+01,3.993145895591672456e+01,3.993145895591672456e+01,3.993145895591672456e+01,3.993145895591672456e+01,3.993145895591672456e+01,3.993145895591672456e+01,3.993145895591672456e+01,3.993145895591672456e+01,3.993145895591672456e+01,3.993145895591672456e+01,3.993145895591672456e+01,3.993145895591672456e+01,3.993145895591672456e+01,3.993145895591672456e+01,3.993145895591672456e+01,3.993145895591672456e+01,3.993145895591672456e+01,3.993145895591672456e+01,3.993145895591672456e+01,3.993145895591672456e+01,3.993145895591672456e+01,3.993145895591672456e+01,3.993145895591672456e+01,3.993145895591672456e+01,3.993145895591672456e+01,3.993145895591672456e+01,3.993145895591672456e+01,3.993145895591672456e+01,3.993145895591672456e+01,3.993145895591672456e+01,3.993145895591672456e+01,3.993145895591672456e+01,3.993145895591672456e+01,3.993145895591672456e+01,3.993145895591672456e+01,3.993145895591672456e+01,3.993145895591672456e+01,3.993145895591672456e+01,3.993145895591672456e+01,3.993145895591672456e+01,3.993145895591672456e+01,3.993145895591672456e+01,3.993145895591672456e+01,3.993145895591672456e+01,3.993145895591672456e+01,3.993145895591672456e+01,3.993145895591672456e+01,3.993145895591672456e+01,3.993145895591672456e+01,3.993145895591672456e+01,3.993145895591672456e+01,3.993145895591672456e+01,3.993145895591672456e+01,3.993145895591672456e+01,3.993145895591672456e+01,3.993145895591672456e+01,3.993145895591672456e+01,3.993145895591672456e+01,3.993145895591672456e+01,3.993145895591672456e+01,3.993145895591672456e+01,3.993145895591672456e+01,3.993145895591672456e+01,3.993145895591672456e+01,3.993145895591672456e+01,3.993145895591672456e+01,3.993145895591672456e+01,3.993145895591672456e+01,3.993145895591672456e+01,3.993145895591672456e+01,3.993145895591672456e+01,3.993145895591672456e+01,3.993145895591672456e+01,3.993145895591672456e+01,3.993145895591672456e+01,3.993145895591672456e+01,3.993145895591672456e+01,3.993145895591672456e+01,4.022366307446937839e+01,3.993145895591672456e+01,3.993145895591672456e+01,4.022366307446937839e+01,4.022366307446937839e+01,4.022366307446937839e+01,4.022366307446937839e+01,4.022366307446937839e+01,4.022366307446937839e+01,4.022366307446937839e+01,4.022366307446937839e+01,4.022366307446937839e+01,4.022366307446937839e+01,4.026987803301874180e+01,4.022366307446937839e+01,4.022366307446937839e+01,4.022366307446937839e+01,4.022366307446937839e+01,4.026987803301874180e+01,4.026987803301874180e+01,4.022366307446937839e+01,4.022366307446937839e+01,4.022366307446937839e+01,4.026987803301874180e+01,4.022366307446937839e+01,4.022366307446937839e+01,4.026987803301874180e+01,4.022366307446937839e+01,4.022366307446937839e+01,4.022366307446937839e+01,4.022366307446937839e+01,4.026987803301874180e+01,4.022366307446937839e+01,4.022366307446937839e+01,4.022366307446937839e+01,4.026987803301874180e+01,4.022366307446937839e+01,4.022366307446937839e+01,4.026987803301874180e+01,4.026987803301874180e+01,4.022366307446937839e+01,4.022366307446937839e+01,4.026987803301874180e+01,4.026987803301874180e+01,4.026987803301874180e+01,4.024524209792226515e+01,4.022366307446937839e+01,4.024524209792226515e+01,4.026987803301874180e+01,4.022366307446937839e+01,4.026987803301874180e+01,4.026987803301874180e+01,4.026987803301874180e+01,4.022366307446937839e+01,4.026987803301874180e+01,4.026987803301874180e+01,4.022366307446937839e+01,4.026987803301874180e+01,4.022366307446937839e+01,4.026987803301874180e+01,4.022366307446937839e+01,4.026987803301874180e+01,4.026987803301874180e+01,4.022366307446937839e+01,4.022366307446937839e+01,4.026987803301874180e+01,4.026987803301874180e+01,4.026987803301874180e+01,4.022366307446937839e+01,4.026987803301874180e+01,4.026987803301874180e+01,4.026987803301874180e+01,4.022366307446937839e+01,4.026987803301874180e+01,4.026987803301874180e+01,4.026987803301874180e+01,4.026987803301874180e+01,4.022366307446937839e+01,4.026987803301874180e+01,4.026987803301874180e+01,4.026987803301874180e+01,4.026987803301874180e+01,4.026987803301874180e+01,4.026987803301874180e+01,4.026987803301874180e+01,4.054915146276903215e+01,4.026987803301874180e+01,4.026987803301874180e+01,4.026987803301874180e+01,4.026987803301874180e+01,4.054915146276903215e+01,4.054915146276903215e+01,4.054915146276903215e+01,4.078684690757835085e+01,4.054915146276903215e+01,4.039765053169347198e+01,4.054915146276903215e+01,4.078684690757835085e+01,4.054915146276903215e+01,4.054915146276903215e+01,4.054915146276903215e+01,4.054915146276903215e+01,4.078684690757835085e+01,4.078684690757835085e+01,4.078684690757835085e+01,4.078684690757835085e+01,4.054915146276903215e+01,4.054915146276903215e+01,4.054915146276903215e+01,4.078684690757835085e+01,4.078684690757835085e+01,4.092177142054678995e+01,4.078684690757835085e+01,4.054915146276903215e+01,4.078684690757835085e+01,4.078684690757835085e+01,4.105227435542393977e+01,4.105227435542393977e+01,4.105227435542393977e+01,4.105227435542393977e+01,4.078684690757835085e+01,4.105227435542393977e+01,4.078684690757835085e+01,4.105227435542393977e+01,4.105227435542393977e+01,4.105227435542393977e+01,4.105227435542393977e+01,4.105227435542393977e+01,4.105227435542393977e+01,4.081421591677410277e+01,4.105227435542393977e+01,4.105227435542393977e+01,4.105227435542393977e+01,4.105227435542393977e+01,4.105227435542393977e+01,4.105227435542393977e+01,4.105227435542393977e+01,4.105227435542393977e+01,4.105227435542393977e+01,4.105227435542393977e+01,4.105227435542393977e+01,4.105227435542393977e+01,4.105227435542393977e+01,4.105227435542393977e+01,4.105227435542393977e+01,4.105227435542393977e+01,4.105227435542393977e+01,4.105227435542393977e+01,4.105227435542393977e+01,4.105227435542393977e+01,4.105227435542393977e+01,4.105227435542393977e+01,4.105227435542393977e+01,4.105227435542393977e+01,4.105227435542393977e+01,4.105227435542393977e+01,4.109826330497610059e+01,4.105227435542393977e+01,4.105227435542393977e+01,4.105227435542393977e+01,4.105227435542393977e+01,4.105227435542393977e+01,4.105227435542393977e+01,4.105227435542393977e+01,4.105227435542393977e+01,4.105227435542393977e+01,4.105227435542393977e+01,4.105227435542393977e+01,4.105227435542393977e+01,4.105227435542393977e+01,4.105227435542393977e+01,4.105227435542393977e+01,4.105227435542393977e+01,4.105227435542393977e+01,4.105227435542393977e+01,4.105227435542393977e+01,4.105227435542393977e+01,4.105227435542393977e+01,4.105227435542393977e+01,4.105227435542393977e+01,4.105227435542393977e+01,4.105227435542393977e+01,4.105227435542393977e+01,4.109826330497610059e+01,4.105227435542393977e+01,4.105227435542393977e+01,4.105227435542393977e+01,4.105227435542393977e+01,4.105227435542393977e+01,4.105227435542393977e+01,4.105227435542393977e+01,4.105227435542393977e+01,4.105227435542393977e+01,4.109826330497610059e+01,4.109826330497610059e+01,4.105227435542393977e+01,4.105227435542393977e+01,4.105227435542393977e+01,4.105227435542393977e+01,4.105227435542393977e+01,4.105227435542393977e+01,4.105227435542393977e+01,4.105227435542393977e+01,4.105227435542393977e+01,4.109826330497610059e+01,4.109826330497610059e+01,4.105227435542393977e+01,4.109826330497610059e+01,4.105227435542393977e+01,4.105227435542393977e+01,4.105227435542393977e+01,4.130671616561947701e+01,4.135456540271658099e+01,4.105227435542393977e+01,4.105227435542393977e+01,4.105227435542393977e+01,4.105227435542393977e+01,4.105227435542393977e+01,4.105227435542393977e+01,4.105227435542393977e+01,4.105227435542393977e+01,4.105227435542393977e+01,4.105227435542393977e+01,4.105227435542393977e+01,4.105227435542393977e+01,4.130671616561947701e+01,4.135456540271658099e+01,4.105227435542393977e+01,4.130671616561947701e+01,4.105227435542393977e+01,4.105227435542393977e+01,4.105227435542393977e+01,4.105227435542393977e+01,4.105227435542393977e+01,4.105227435542393977e+01,4.105227435542393977e+01,4.105227435542393977e+01,4.105227435542393977e+01,4.105227435542393977e+01,4.105227435542393977e+01,4.105227435542393977e+01,4.105227435542393977e+01,4.105227435542393977e+01,4.105227435542393977e+01,4.130671616561947701e+01,4.105227435542393977e+01,4.130671616561947701e+01,4.130671616561947701e+01,4.105227435542393977e+01,4.130671616561947701e+01,4.130671616561947701e+01,4.130671616561947701e+01,4.130671616561947701e+01,4.130671616561947701e+01,4.130671616561947701e+01,4.130671616561947701e+01,4.130671616561947701e+01,4.130671616561947701e+01,4.130671616561947701e+01,4.130671616561947701e+01,4.130671616561947701e+01,4.130671616561947701e+01,4.130671616561947701e+01,4.130671616561947701e+01,4.130671616561947701e+01,4.130671616561947701e+01,4.130671616561947701e+01,4.130671616561947701e+01,4.130671616561947701e+01,4.130671616561947701e+01,4.130671616561947701e+01,4.130671616561947701e+01,4.130671616561947701e+01,4.130671616561947701e+01,4.130671616561947701e+01,4.130671616561947701e+01,4.130671616561947701e+01,4.130671616561947701e+01,4.130671616561947701e+01,4.130671616561947701e+01,4.130671616561947701e+01,4.130671616561947701e+01,4.130671616561947701e+01,4.130671616561947701e+01,4.130671616561947701e+01,4.130671616561947701e+01,4.130671616561947701e+01,4.130671616561947701e+01,4.130671616561947701e+01,4.130671616561947701e+01,4.130671616561947701e+01,4.130671616561947701e+01,4.130671616561947701e+01,4.130671616561947701e+01,4.130671616561947701e+01,4.130671616561947701e+01,4.130671616561947701e+01,4.130671616561947701e+01,4.130671616561947701e+01,4.130671616561947701e+01,4.130671616561947701e+01,4.130671616561947701e+01,4.135456540271658099e+01,4.130671616561947701e+01,4.130671616561947701e+01,4.130671616561947701e+01,4.130671616561947701e+01,4.130671616561947701e+01,4.130671616561947701e+01,4.130671616561947701e+01,4.135456540271658099e+01,4.130671616561947701e+01,4.155403068199615291e+01,4.130671616561947701e+01,4.155403068199615291e+01,4.130671616561947701e+01,4.130671616561947701e+01,4.160203643928637973e+01,4.135456540271658099e+01,4.155403068199615291e+01,4.155403068199615291e+01,4.155403068199615291e+01,4.155403068199615291e+01,4.160203643928637973e+01,4.135456540271658099e+01,4.155403068199615291e+01,4.135456540271658099e+01,4.160203643928637973e+01,4.155403068199615291e+01,4.160203643928637973e+01,4.155403068199615291e+01,4.160203643928637973e+01,4.160203643928637973e+01,4.160203643928637973e+01,4.160203643928637973e+01,4.160203643928637973e+01,4.160203643928637973e+01,4.160203643928637973e+01,4.160203643928637973e+01,4.160203643928637973e+01,4.155403068199615291e+01,4.155403068199615291e+01,4.160203643928637973e+01,4.160203643928637973e+01,4.160203643928637973e+01,4.155403068199615291e+01,4.160203643928637973e+01,4.160203643928637973e+01,4.160203643928637973e+01,4.183401743856322241e+01,4.160203643928637973e+01,4.160203643928637973e+01,4.160203643928637973e+01,4.160203643928637973e+01,4.160203643928637973e+01,4.160203643928637973e+01,4.160203643928637973e+01,4.160203643928637973e+01,4.183401743856322241e+01,4.160203643928637973e+01,4.160203643928637973e+01,4.160203643928637973e+01,4.160203643928637973e+01,4.160203643928637973e+01,4.183401743856322241e+01,4.183401743856322241e+01,4.160203643928637973e+01,4.160203643928637973e+01,4.183401743856322241e+01,4.160203643928637973e+01,4.183401743856322241e+01,4.160203643928637973e+01,4.183401743856322241e+01,4.183401743856322241e+01,4.183401743856322241e+01,4.207429022913756000e+01,4.183401743856322241e+01,4.183401743856322241e+01,4.185411025853233724e+01,4.170678829731060944e+01,4.183401743856322241e+01,4.160203643928637973e+01,4.183401743856322241e+01,4.183401743856322241e+01,4.160203643928637973e+01,4.185411025853233724e+01,4.183401743856322241e+01,4.207429022913756000e+01,4.183401743856322241e+01,4.211806807314869161e+01,4.183401743856322241e+01,4.207429022913756000e+01,4.207429022913756000e+01,4.207429022913756000e+01,4.207429022913756000e+01,4.183401743856322241e+01,4.187742387426649771e+01,4.211806807314869161e+01,4.209442501560798888e+01,4.207429022913756000e+01,4.207429022913756000e+01,4.211806807314869161e+01,4.207429022913756000e+01,4.207429022913756000e+01,4.207429022913756000e+01,4.207429022913756000e+01,4.211806807314869161e+01,4.211806807314869161e+01,4.207429022913756000e+01,4.207429022913756000e+01,4.207429022913756000e+01,4.207429022913756000e+01,4.207429022913756000e+01,4.211806807314869161e+01,4.211806807314869161e+01,4.207429022913756000e+01,4.211806807314869161e+01,4.211806807314869161e+01,4.211806807314869161e+01,4.211806807314869161e+01,4.211806807314869161e+01,4.211806807314869161e+01,4.211806807314869161e+01,4.207429022913756000e+01,4.211806807314869161e+01,4.211806807314869161e+01,4.211806807314869161e+01,4.211806807314869161e+01,4.211806807314869161e+01,4.211806807314869161e+01,4.211806807314869161e+01,4.211806807314869161e+01,4.211806807314869161e+01,4.211806807314869161e+01,4.211806807314869161e+01,4.211806807314869161e+01,4.211806807314869161e+01,4.211806807314869161e+01,4.211806807314869161e+01,4.211806807314869161e+01,4.211806807314869161e+01,4.211806807314869161e+01,4.211806807314869161e+01,4.211806807314869161e+01,4.211806807314869161e+01,4.211806807314869161e+01,4.211806807314869161e+01,4.211806807314869161e+01,4.211806807314869161e+01,4.235391440811207531e+01,4.211806807314869161e+01,4.235391440811207531e+01,4.235391440811207531e+01,4.235391440811207531e+01,4.211806807314869161e+01,4.211806807314869161e+01,4.211806807314869161e+01,4.235391440811207531e+01,4.235391440811207531e+01,4.211806807314869161e+01,4.235391440811207531e+01,4.235391440811207531e+01,4.235391440811207531e+01,4.235391440811207531e+01,4.235391440811207531e+01,4.235391440811207531e+01,4.235391440811207531e+01,4.235391440811207531e+01,4.235391440811207531e+01,4.235391440811207531e+01,4.235391440811207531e+01,4.235391440811207531e+01,4.235391440811207531e+01,4.235391440811207531e+01,4.235391440811207531e+01,4.235391440811207531e+01,4.235391440811207531e+01,4.235391440811207531e+01,4.235391440811207531e+01,4.235391440811207531e+01,4.235391440811207531e+01,4.235391440811207531e+01,4.235391440811207531e+01,4.235391440811207531e+01,4.235391440811207531e+01,4.235391440811207531e+01,4.235391440811207531e+01,4.235391440811207531e+01,4.235391440811207531e+01,4.235391440811207531e+01,4.235391440811207531e+01,4.235391440811207531e+01,4.235391440811207531e+01,4.235391440811207531e+01,4.235391440811207531e+01,4.235391440811207531e+01,4.235391440811207531e+01,4.235391440811207531e+01,4.235391440811207531e+01,4.235391440811207531e+01,4.235391440811207531e+01,4.235391440811207531e+01,4.235391440811207531e+01,4.235391440811207531e+01,4.235391440811207531e+01,4.235391440811207531e+01,4.235391440811207531e+01,4.235391440811207531e+01,4.235391440811207531e+01,4.235391440811207531e+01,4.235391440811207531e+01,4.235391440811207531e+01,4.235391440811207531e+01,4.235391440811207531e+01,4.235391440811207531e+01,4.235391440811207531e+01,4.235391440811207531e+01,4.235391440811207531e+01,4.235391440811207531e+01,4.235391440811207531e+01,4.235391440811207531e+01,4.235391440811207531e+01,4.235391440811207531e+01,4.235391440811207531e+01,4.235391440811207531e+01,4.235391440811207531e+01,4.235391440811207531e+01,4.235391440811207531e+01,4.235391440811207531e+01,4.235391440811207531e+01,4.235391440811207531e+01,4.235391440811207531e+01,4.235391440811207531e+01,4.235391440811207531e+01,4.235391440811207531e+01,4.235391440811207531e+01,4.235391440811207531e+01,4.235391440811207531e+01,4.235391440811207531e+01,4.235391440811207531e+01,4.235391440811207531e+01,4.235391440811207531e+01,4.235391440811207531e+01,4.235391440811207531e+01,4.235391440811207531e+01,4.235391440811207531e+01,4.235391440811207531e+01,4.235391440811207531e+01,4.235391440811207531e+01,4.235391440811207531e+01,4.235391440811207531e+01,4.235391440811207531e+01,4.235391440811207531e+01,4.235391440811207531e+01,4.235391440811207531e+01,4.235391440811207531e+01,4.235391440811207531e+01,4.235391440811207531e+01,4.235391440811207531e+01,4.239371494454571376e+01,4.235391440811207531e+01,4.239371494454571376e+01,4.235391440811207531e+01,4.235391440811207531e+01,4.235391440811207531e+01,4.235391440811207531e+01,4.257931308707271256e+01,4.235391440811207531e+01,4.235391440811207531e+01,4.235391440811207531e+01,4.235391440811207531e+01,4.235391440811207531e+01,4.257931308707271256e+01,4.235391440811207531e+01,4.257931308707271256e+01,4.257931308707271256e+01,4.257931308707271256e+01,4.257931308707271256e+01,4.261856554287908949e+01,4.235391440811207531e+01,4.257931308707271256e+01,4.257931308707271256e+01,4.261856554287908949e+01,4.257931308707271256e+01,4.261856554287908949e+01,4.257931308707271256e+01,4.257931308707271256e+01,4.261856554287908949e+01,4.257931308707271256e+01,4.257931308707271256e+01,4.257931308707271256e+01,4.261856554287908949e+01,4.235391440811207531e+01,4.261856554287908949e+01,4.261856554287908949e+01,4.261856554287908949e+01,4.257931308707271256e+01,4.257931308707271256e+01,4.261856554287908949e+01,4.257931308707271256e+01,4.261856554287908949e+01,4.261856554287908949e+01,4.261856554287908949e+01,4.257931308707271256e+01,4.261856554287908949e+01,4.257931308707271256e+01,4.257931308707271256e+01,4.261856554287908949e+01,4.261856554287908949e+01,4.257931308707271256e+01,4.261856554287908949e+01,4.257931308707271256e+01,4.261856554287908949e+01,4.257931308707271256e+01,4.261856554287908949e+01,4.284917321211383268e+01,4.261856554287908949e+01,4.261856554287908949e+01,4.261856554287908949e+01,4.261856554287908949e+01,4.261856554287908949e+01,4.261856554287908949e+01,4.261856554287908949e+01,4.261856554287908949e+01,4.257931308707271256e+01,4.261856554287908949e+01,4.281051897868352540e+01,4.261856554287908949e+01,4.284917321211383268e+01,4.261856554287908949e+01,4.284917321211383268e+01,4.261856554287908949e+01,4.261856554287908949e+01,4.281051897868352540e+01,4.257931308707271256e+01,4.261856554287908949e+01,4.257931308707271256e+01,4.257931308707271256e+01,4.284917321211383268e+01,4.284917321211383268e+01,4.284917321211383268e+01,4.284917321211383268e+01,4.284917321211383268e+01,4.284917321211383268e+01,4.284917321211383268e+01,4.284917321211383268e+01,4.261856554287908949e+01,4.284917321211383268e+01,4.261856554287908949e+01,4.284917321211383268e+01,4.284917321211383268e+01,4.284917321211383268e+01,4.284917321211383268e+01,4.284917321211383268e+01,4.261856554287908949e+01,4.284917321211383268e+01,4.284917321211383268e+01,4.261856554287908949e+01,4.281051897868352540e+01,4.284917321211383268e+01,4.284917321211383268e+01,4.284917321211383268e+01,4.281051897868352540e+01,4.284917321211383268e+01,4.284917321211383268e+01,4.281051897868352540e+01,4.284917321211383268e+01,4.284917321211383268e+01,4.284917321211383268e+01,4.284917321211383268e+01,4.284917321211383268e+01,4.284917321211383268e+01,4.284917321211383268e+01,4.284917321211383268e+01,4.284917321211383268e+01,4.284917321211383268e+01,4.284917321211383268e+01,4.284917321211383268e+01,4.284917321211383268e+01,4.284917321211383268e+01,4.284917321211383268e+01,4.281051897868352540e+01,4.284917321211383268e+01,4.284917321211383268e+01,4.284917321211383268e+01,4.284917321211383268e+01,4.284917321211383268e+01,4.284917321211383268e+01,4.284917321211383268e+01,4.284917321211383268e+01,4.284917321211383268e+01,4.284917321211383268e+01,4.284917321211383268e+01,4.284917321211383268e+01,4.284917321211383268e+01,4.284917321211383268e+01,4.284917321211383268e+01,4.284917321211383268e+01,4.284917321211383268e+01,4.284917321211383268e+01,4.284917321211383268e+01,4.284917321211383268e+01,4.284917321211383268e+01,4.284917321211383268e+01,4.284917321211383268e+01,4.284917321211383268e+01,4.284917321211383268e+01,4.284917321211383268e+01,4.281051897868352540e+01,4.284917321211383268e+01,4.284917321211383268e+01,4.284917321211383268e+01,4.284917321211383268e+01,4.284917321211383268e+01,4.284917321211383268e+01,4.284917321211383268e+01,4.284917321211383268e+01,4.284917321211383268e+01,4.284917321211383268e+01,4.284917321211383268e+01,4.284917321211383268e+01,4.284917321211383268e+01,4.284917321211383268e+01,4.284917321211383268e+01,4.284917321211383268e+01,4.284917321211383268e+01,4.284917321211383268e+01,4.284917321211383268e+01,4.284917321211383268e+01,4.284917321211383268e+01,4.284917321211383268e+01,4.284917321211383268e+01,4.284917321211383268e+01,4.284917321211383268e+01,4.284917321211383268e+01,4.284917321211383268e+01,4.284917321211383268e+01,4.284917321211383268e+01,4.284917321211383268e+01,4.284917321211383268e+01,4.284917321211383268e+01,4.284917321211383268e+01,4.284917321211383268e+01,4.284917321211383268e+01,4.284917321211383268e+01,4.284917321211383268e+01,4.284917321211383268e+01,4.284917321211383268e+01,4.284917321211383268e+01,4.284917321211383268e+01,4.284917321211383268e+01,4.284917321211383268e+01,4.329648258872911981e+01,4.329648258872911981e+01,4.331227629894816999e+01,4.329648258872911981e+01,4.331227629894816999e+01,4.329648258872911981e+01,4.333062291783348030e+01,4.333062291783348030e+01,4.333062291783348030e+01,4.329648258872911981e+01,4.333062291783348030e+01,4.331227629894816999e+01,4.333062291783348030e+01,4.333062291783348030e+01,4.329648258872911981e+01,4.333062291783348030e+01,4.329648258872911981e+01,4.333062291783348030e+01,4.333062291783348030e+01,4.329648258872911981e+01,4.333062291783348030e+01,4.333062291783348030e+01,4.333062291783348030e+01,4.333062291783348030e+01,4.329648258872911981e+01,4.333062291783348030e+01,4.333062291783348030e+01,4.333062291783348030e+01,4.333062291783348030e+01,4.333062291783348030e+01,4.333062291783348030e+01,4.333062291783348030e+01,4.333062291783348030e+01,4.329648258872911981e+01,4.333062291783348030e+01,4.333062291783348030e+01,4.333062291783348030e+01,4.329648258872911981e+01,4.333062291783348030e+01,4.333062291783348030e+01,4.333062291783348030e+01,4.333062291783348030e+01,4.333062291783348030e+01,4.333062291783348030e+01,4.333062291783348030e+01,4.333062291783348030e+01,4.333062291783348030e+01,4.329648258872911981e+01,4.333062291783348030e+01,4.333062291783348030e+01,4.333062291783348030e+01,4.333062291783348030e+01,4.333062291783348030e+01,4.333062291783348030e+01,4.333062291783348030e+01,4.333062291783348030e+01,4.333062291783348030e+01,4.333062291783348030e+01,4.333062291783348030e+01,4.333062291783348030e+01,4.333062291783348030e+01,4.333062291783348030e+01,4.333062291783348030e+01,4.333062291783348030e+01,4.333062291783348030e+01,4.333062291783348030e+01,4.333062291783348030e+01,4.333062291783348030e+01,4.333062291783348030e+01,4.333062291783348030e+01,4.333062291783348030e+01,4.333062291783348030e+01,4.333062291783348030e+01,4.333062291783348030e+01,4.333062291783348030e+01,4.333062291783348030e+01,4.333062291783348030e+01,4.333062291783348030e+01,4.333062291783348030e+01,4.333062291783348030e+01,4.333062291783348030e+01,4.333062291783348030e+01,4.333062291783348030e+01,4.333062291783348030e+01,4.333062291783348030e+01,4.333062291783348030e+01,4.333062291783348030e+01,4.333062291783348030e+01,4.333062291783348030e+01,4.333062291783348030e+01,4.333062291783348030e+01,4.333062291783348030e+01,4.333062291783348030e+01,4.333062291783348030e+01,4.333062291783348030e+01,4.333062291783348030e+01,4.333062291783348030e+01,4.333062291783348030e+01,4.333062291783348030e+01,4.333062291783348030e+01,4.333062291783348030e+01,4.333062291783348030e+01,4.333062291783348030e+01,4.333062291783348030e+01,4.333062291783348030e+01,4.333062291783348030e+01,4.333062291783348030e+01,4.333062291783348030e+01,4.333062291783348030e+01,4.333062291783348030e+01,4.333062291783348030e+01,4.333062291783348030e+01,4.333062291783348030e+01,4.333062291783348030e+01,4.333062291783348030e+01,4.333062291783348030e+01,4.333062291783348030e+01,4.333062291783348030e+01,4.333062291783348030e+01,4.333062291783348030e+01,4.333062291783348030e+01,4.333062291783348030e+01,4.333062291783348030e+01,4.333062291783348030e+01,4.333062291783348030e+01,4.333062291783348030e+01,4.333062291783348030e+01,4.333062291783348030e+01,4.333062291783348030e+01,4.333062291783348030e+01,4.333062291783348030e+01,4.333062291783348030e+01,4.333062291783348030e+01,4.333062291783348030e+01,4.333062291783348030e+01,4.333062291783348030e+01,4.333062291783348030e+01,4.333062291783348030e+01,4.333062291783348030e+01,4.333062291783348030e+01,4.333062291783348030e+01,4.333062291783348030e+01,4.333062291783348030e+01,4.333062291783348030e+01,4.333062291783348030e+01,4.333062291783348030e+01,4.333062291783348030e+01,4.333062291783348030e+01,4.333062291783348030e+01,4.333062291783348030e+01,4.333062291783348030e+01,4.333062291783348030e+01,4.333062291783348030e+01,4.333062291783348030e+01,4.333062291783348030e+01,4.333062291783348030e+01,4.333062291783348030e+01,4.333062291783348030e+01,4.333062291783348030e+01,4.333062291783348030e+01,4.333062291783348030e+01,4.333062291783348030e+01,4.333062291783348030e+01,4.333062291783348030e+01,4.333062291783348030e+01,4.333062291783348030e+01,4.333062291783348030e+01,4.333062291783348030e+01,4.333062291783348030e+01,4.333062291783348030e+01,4.333062291783348030e+01,4.333062291783348030e+01,4.333062291783348030e+01,4.333062291783348030e+01,4.333062291783348030e+01,4.333062291783348030e+01,4.333062291783348030e+01,4.333062291783348030e+01,4.333062291783348030e+01,4.355543614860040691e+01,4.333062291783348030e+01,4.333062291783348030e+01,4.333062291783348030e+01,4.355543614860040691e+01,4.354662259145160164e+01,4.333062291783348030e+01,4.342813715730117252e+01,4.354662259145160164e+01,4.355543614860040691e+01,4.333062291783348030e+01,4.354662259145160164e+01,4.376953996004540670e+01,4.354662259145160164e+01,4.355543614860040691e+01,4.376953996004540670e+01,4.379899634550974952e+01,4.333062291783348030e+01,4.376953996004540670e+01,4.376953996004540670e+01,4.376953996004540670e+01,4.357620748283559209e+01,4.376953996004540670e+01,4.379899634550974952e+01,4.379899634550974952e+01,4.379899634550974952e+01,4.379899634550974952e+01,4.376953996004540670e+01,4.379899634550974952e+01,4.379899634550974952e+01,4.376953996004540670e+01,4.376953996004540670e+01,4.379899634550974952e+01,4.379899634550974952e+01,4.376953996004540670e+01,4.379899634550974952e+01,4.379899634550974952e+01,4.379899634550974952e+01,4.376953996004540670e+01,4.379899634550974952e+01,4.379899634550974952e+01,4.379899634550974952e+01,4.379899634550974952e+01,4.379899634550974952e+01,4.376953996004540670e+01,4.379899634550974952e+01,4.379899634550974952e+01,4.379899634550974952e+01,4.379899634550974952e+01,4.379899634550974952e+01,4.379899634550974952e+01,4.379899634550974952e+01,4.379899634550974952e+01,4.379899634550974952e+01,4.379899634550974952e+01,4.379899634550974952e+01
1.720114967853209720e+01,1.720114967853209720e+01,1.752254363813500859e+01,1.767051023715197999e+01,1.767051023715197999e+01,1.767051023715197999e+01,1.771221645711186454e+01,1.771221645711186454e+01,1.787315053119141695e+01,1.792503918170123711e+01,1.855040386612845538e+01,1.860873676354930595e+01,1.918579067978717489e+01,1.925392773588724538e+01,1.980004201403576403e+01,2.026668778981186847e+01,2.045312154657208836e+01,2.045312154657208836e+01,2.094788173444187507e+01,2.094788173444187507e+01,2.094788173444187507e+01,2.114557752855681372e+01,2.114557752855681372e+01,2.114557752855681372e+01,2.114557752855681372e+01,2.114557752855681372e+01,2.114557752855681372e+01,2.114557752855681372e+01,2.159835024164610928e+01,2.159835024164610928e+01,2.159835024164610928e+01,2.159835024164610928e+01,2.180849317788467090e+01,2.187790042576613203e+01,2.180849317788467090e+01,2.180849317788467090e+01,2.187790042576613203e+01,2.187790042576613203e+01,2.187790042576613203e+01,2.236234939363617258e+01,2.236234939363617258e+01,2.236234939363617258e+01,2.236234939363617258e+01,2.242938115243060437e+01,2.242938115243060437e+01,2.242938115243060437e+01,2.242938115243060437e+01,2.242938115243060437e+01,2.265072307453469591e+01,2.265072307453469591e+01,2.265072307453469591e+01,2.265072307453469591e+01,2.265072307453469591e+01,2.316886773042871894e+01,2.316886773042871894e+01,2.316886773042871894e+01,2.316886773042871894e+01,2.316886773042871894e+01,2.316886773042871894e+01,2.340431583822104855e+01,2.365427881055374471e+01,2.365427881055374471e+01,2.365427881055374471e+01,2.365427881055374471e+01,2.421032274316401356e+01,2.365427881055374471e+01,2.421032274316401356e+01,2.421032274316401356e+01,2.421032274316401356e+01,2.421032274316401356e+01,2.421032274316401356e+01,2.421032274316401356e+01,2.447620559657060824e+01,2.447620559657060824e+01,2.447620559657060824e+01,2.447620559657060824e+01,2.447620559657060824e+01,2.447620559657060824e+01,2.447620559657060824e+01,2.447620559657060824e+01,2.447620559657060824e+01,2.507403496982922775e+01,2.507403496982922775e+01,2.503171844852079175e+01,2.531677140999201470e+01,2.535548611533878116e+01,2.531677140999201470e+01,2.535548611533878116e+01,2.531677140999201470e+01,2.531677140999201470e+01,2.531677140999201470e+01,2.531677140999201470e+01,2.531677140999201470e+01,2.596482286134985173e+01,2.625811560393651689e+01,2.625811560393651689e+01,2.625811560393651689e+01,2.691686240230285776e+01,2.691686240230285776e+01,2.691686240230285776e+01,2.691686240230285776e+01,2.691686240230285776e+01,2.691686240230285776e+01,2.691686240230285776e+01,2.691686240230285776e+01,2.721362303119014570e+01,2.721362303119014570e+01,2.721362303119014570e+01,2.721362303119014570e+01,2.721362303119014570e+01,2.721362303119014570e+01,2.721362303119014570e+01,2.721362303119014570e+01,2.786619735382961949e+01,2.752101159809656750e+01,2.752101159809656750e+01,2.879892681114084141e+01,2.879892681114084141e+01,2.879892681114084141e+01,2.879892681114084141e+01,2.879892681114084141e+01,2.879892681114084141e+01,2.909925749473120860e+01,2.909925749473120860e+01,2.909925749473120860e+01,2.910486970509251492e+01,2.910486970509251492e+01,2.909925749473120860e+01,2.910486970509251492e+01,2.941411922080848740e+01,2.941411922080848740e+01,3.000606143869530129e+01,3.000606143869530129e+01,3.000606143869530129e+01,3.000606143869530129e+01,3.057260885369385761e+01,3.031376227450567740e+01,3.087307882891573030e+01,3.087307882891573030e+01,3.087307882891573030e+01,3.087307882891573030e+01,3.087307882891573030e+01,3.087307882891573030e+01,3.117850627345367798e+01,3.117850627345367798e+01,3.170445643163760607e+01,3.170445643163760607e+01,3.170445643163760607e+01,3.170445643163760607e+01,3.170445643163760607e+01,3.169142989502814700e+01,3.200680813848957484e+01,3.200680813848957484e+01,3.247892027961729866e+01,3.247892027961729866e+01,3.250026864397924697e+01,3.247892027961729866e+01,3.247892027961729866e+01,3.247892027961729866e+01,3.277586528904875962e+01,3.323274278737431331e+01,3.323274278737431331e+01,3.323274278737431331e+01,3.323274278737431331e+01,3.352447334196873641e+01,3.352447334196873641e+01,3.352447334196873641e+01,3.352447334196873641e+01,3.395484774560697616e+01,3.395484774560697616e+01,3.424074847796311616e+01,3.424074847796311616e+01,3.424074847796311616e+01,3.424074847796311616e+01,3.424074847796311616e+01,3.424074847796311616e+01,3.464748162004269005e+01,3.492708763666971095e+01,3.492708763666971095e+01,3.492708763666971095e+01,3.492708763666971095e+01,3.531301678167795188e+01,3.531301678167795188e+01,3.558601816738394774e+01,3.558601816738394774e+01,3.558601816738394774e+01,3.553978734867800426e+01,3.558601816738394774e+01,3.558601816738394774e+01,3.617055201731375291e+01,3.585826649041728587e+01,3.617055201731375291e+01,3.617055201731375291e+01,3.652331587802026291e+01,3.617055201731375291e+01,3.657217604735867411e+01,3.677975173370404605e+01,3.677975173370404605e+01,3.677975173370404605e+01,3.677975173370404605e+01,3.677975173370404605e+01,3.703454594864707161e+01,3.736945976880609521e+01,3.736945976880609521e+01,3.736945976880609521e+01,3.736945976880609521e+01,3.736945976880609521e+01,3.794154524117941918e+01,3.769833514911544370e+01,3.794154524117941918e+01,3.794154524117941918e+01,3.794154524117941918e+01,3.826082805418499788e+01,3.873216585255450184e+01,3.873216585255450184e+01,3.873216585255450184e+01,3.903930098678316796e+01,3.903930098678316796e+01,3.903930098678316796e+01,3.903930098678316796e+01,3.926750273345306397e+01,3.903930098678316796e+01,3.926750273345306397e+01,3.926750273345306397e+01,3.926750273345306397e+01,3.956771514103372311e+01,3.926750273345306397e+01,3.973525833887526204e+01,3.973525833887526204e+01,3.978987861315975749e+01,4.003207444082850230e+01,4.003207444082850230e+01,4.003207444082850230e+01,4.003207444082850230e+01,4.003207444082850230e+01,4.030040512397790309e+01,4.024636338739774288e+01,4.024636338739774288e+01,4.024636338739774288e+01,4.024636338739774288e+01,4.024636338739774288e+01,4.053780483694672654e+01,4.024636338739774288e+01,4.053780483694672654e+01,4.076200252121059009e+01,4.103330147133323180e+01,4.103330147133323180e+01,4.103330147133323180e+01,4.103330147133323180e+01,4.103330147133323180e+01,4.103330147133323180e+01,4.103330147133323180e+01,4.103330147133323180e+01,4.103330147133323180e+01,4.103330147133323180e+01,4.123705964989400030e+01,4.123705964989400030e+01,4.123705964989400030e+01,4.151923237544472300e+01,4.151923237544472300e+01,4.151923237544472300e+01,4.151923237544472300e+01,4.151923237544472300e+01,4.151923237544472300e+01,4.151923237544472300e+01,4.199617519767711116e+01,4.199617519767711116e+01,4.199617519767711116e+01,4.179949826792837797e+01,4.199617519767711116e+01,4.199617519767711116e+01,4.199617519767711116e+01,4.227244382915100829e+01,4.199617519767711116e+01,4.227244382915100829e+01,4.227244382915100829e+01,4.227244382915100829e+01,4.246463189841121277e+01,4.227244382915100829e+01,4.227244382915100829e+01,4.246463189841121277e+01,4.246463189841121277e+01,4.273712755383341744e+01,4.273712755383341744e+01,4.246463189841121277e+01,4.273712755383341744e+01,4.273712755383341744e+01,4.273712755383341744e+01,4.273712755383341744e+01,4.273712755383341744e+01,4.273712755383341744e+01,4.273712755383341744e+01,4.273712755383341744e+01,4.273712755383341744e+01,4.273712755383341744e+01,4.273712755383341744e+01,4.273712755383341744e+01,4.273712755383341744e+01,4.292504276722819867e+01,4.292504276722819867e+01,4.273712755383341744e+01,4.292504276722819867e+01,4.319394240105620497e+01,4.319394240105620497e+01,4.319394240105620497e+01,4.319394240105620497e+01,4.319394240105620497e+01,4.319394240105620497e+01,4.319394240105620497e+01,4.319394240105620497e+01,4.319394240105620497e+01,4.319394240105620497e+01,4.319394240105620497e+01,4.319394240105620497e+01,4.319394240105620497e+01,4.319394240105620497e+01,4.319394240105620497e+01,4.319394240105620497e+01,4.346113356398826255e+01,4.346113356398826255e+01,4.346113356398826255e+01,4.364324564342651058e+01,4.337779945693927885e+01,4.364324564342651058e+01,4.364324564342651058e+01,4.364324564342651058e+01,4.364324564342651058e+01,4.364324564342651058e+01,4.364324564342651058e+01,4.364324564342651058e+01,4.364324564342651058e+01,4.364324564342651058e+01,4.364324564342651058e+01,4.364324564342651058e+01,4.364324564342651058e+01,4.364324564342651058e+01,4.364324564342651058e+01,4.364324564342651058e+01,4.364324564342651058e+01,4.390693517853754457e+01,4.364324564342651058e+01,4.364324564342651058e+01,4.390693517853754457e+01,4.390693517853754457e+01,4.390693517853754457e+01,4.390693517853754457e+01,4.390693517853754457e+01,4.390693517853754457e+01,4.390693517853754457e+01,4.390693517853754457e+01,4.390693517853754457e+01,4.390693517853754457e+01,4.390693517853754457e+01,4.390693517853754457e+01,4.390693517853754457e+01,4.390693517853754457e+01,4.390693517853754457e+01,4.390693517853754457e+01,4.390693517853754457e+01,4.390693517853754457e+01,4.390693517853754457e+01,4.390693517853754457e+01,4.390693517853754457e+01,4.390693517853754457e+01,4.390693517853754457e+01,4.390693517853754457e+01,4.390693517853754457e+01,4.390693517853754457e+01,4.390693517853754457e+01,4.390693517853754457e+01,4.390693517853754457e+01,4.390693517853754457e+01,4.390693517853754457e+01,4.390693517853754457e+01,4.390693517853754457e+01,4.390693517853754457e+01,4.390693517853754457e+01,4.390693517853754457e+01,4.390693517853754457e+01,4.390693517853754457e+01,4.390693517853754457e+01,4.390693517853754457e+01,4.390693517853754457e+01,4.390693517853754457e+01,4.395114186831928293e+01,4.390693517853754457e+01,4.390693517853754457e+01,4.390693517853754457e+01,4.390693517853754457e+01,4.395114186831928293e+01,4.395114186831928293e+01,4.376969712282242853e+01,4.372662792575787449e+01,4.376969712282242853e+01,4.376969712282242853e+01,4.376969712282242853e+01,4.376969712282242853e+01,4.350563522459960097e+01,4.350563522459960097e+01,4.350563522459960097e+01,4.376969712282242853e+01,4.376969712282242853e+01,4.376969712282242853e+01,4.350563522459960097e+01,4.350563522459960097e+01,4.350563522459960097e+01,4.350563522459960097e+01,4.350563522459960097e+01,4.350563522459960097e+01,4.350563522459960097e+01,4.350563522459960097e+01,4.350563522459960097e+01,4.350563522459960097e+01,4.350563522459960097e+01,4.350563522459960097e+01,4.350563522459960097e+01,4.350563522459960097e+01,4.350563522459960097e+01,4.350563522459960097e+01,4.350563522459960097e+01,4.350563522459960097e+01,4.332036431998877646e+01,4.336395732922130719e+01,4.332036431998877646e+01,4.350563522459960097e+01,4.336395732922130719e+01,4.332036431998877646e+01,4.336395732922130719e+01,4.355056049786742278e+01,4.336395732922130719e+01,4.336395732922130719e+01,4.336395732922130719e+01,4.336395732922130719e+01,4.336395732922130719e+01,4.336395732922130719e+01,4.336395732922130719e+01,4.336395732922130719e+01,4.336395732922130719e+01,4.336395732922130719e+01,4.336395732922130719e+01,4.336395732922130719e+01,4.336395732922130719e+01,4.336395732922130719e+01,4.336395732922130719e+01,4.336395732922130719e+01,4.336395732922130719e+01,4.336395732922130719e+01,4.336395732922130719e+01,4.336395732922130719e+01,4.336395732922130719e+01,4.336395732922130719e+01,4.336395732922130719e+01,4.336395732922130719e+01,4.336395732922130719e+01,4.336395732922130719e+01,4.336395732922130719e+01,4.336395732922130719e+01,4.336395732922130719e+01,4.336395732922130719e+01,4.336395732922130719e+01,4.309813762629551803e+01,4.336395732922130719e+01,4.336395732922130719e+01,4.314404751203731081e+01,4.336395732922130719e+01,4.340789950254519169e+01,4.340789950254519169e+01,4.314404751203731081e+01,4.336395732922130719e+01,4.314404751203731081e+01,4.340789950254519169e+01,4.295177355238561034e+01,4.314404751203731081e+01,4.321805481034262897e+01,4.314404751203731081e+01,4.321805481034262897e+01,4.321805481034262897e+01,4.340789950254519169e+01,4.295177355238561034e+01,4.295177355238561034e+01,4.314404751203731081e+01,4.321805481034262897e+01,4.295177355238561034e+01,4.295177355238561034e+01,4.295177355238561034e+01,4.295177355238561034e+01,4.295177355238561034e+01,4.295177355238561034e+01,4.295177355238561034e+01,4.295177355238561034e+01,4.303854187312795432e+01,4.321805481034262897e+01,4.295177355238561034e+01,4.295177355238561034e+01,4.295177355238561034e+01,4.295177355238561034e+01,4.295177355238561034e+01,4.295177355238561034e+01,4.295177355238561034e+01,4.295177355238561034e+01,4.295177355238561034e+01,4.295177355238561034e+01,4.295177355238561034e+01,4.295177355238561034e+01,4.295177355238561034e+01,4.321805481034262897e+01,4.295177355238561034e+01,4.295177355238561034e+01,4.299667814271660404e+01,4.299667814271660404e+01,4.299667814271660404e+01,4.295177355238561034e+01,4.321805481034262897e+01,4.326084536395281077e+01,4.295177355238561034e+01,4.299667814271660404e+01,4.326084536395281077e+01,4.299667814271660404e+01,4.326084536395281077e+01,4.326084536395281077e+01,4.299667814271660404e+01,4.299667814271660404e+01,4.326084536395281077e+01,4.326084536395281077e+01,4.326084536395281077e+01,4.326084536395281077e+01,4.326084536395281077e+01,4.319050720369619256e+01,4.326084536395281077e+01,4.345219366264011995e+01,4.326084536395281077e+01,4.326084536395281077e+01,4.326084536395281077e+01,4.345219366264011995e+01,4.345219366264011995e+01,4.326084536395281077e+01,4.326084536395281077e+01,4.345219366264011995e+01,4.345219366264011995e+01,4.326084536395281077e+01,4.345219366264011995e+01,4.326084536395281077e+01,4.326084536395281077e+01,4.345219366264011995e+01,4.345219366264011995e+01,4.345219366264011995e+01,4.345219366264011995e+01,4.349684767096383808e+01,4.345219366264011995e+01,4.345219366264011995e+01,4.349684767096383808e+01,4.345219366264011995e+01,4.349684767096383808e+01,4.349684767096383808e+01,4.349684767096383808e+01,4.349684767096383808e+01,4.349684767096383808e+01,4.349684767096383808e+01,4.349684767096383808e+01,4.349684767096383808e+01,4.349684767096383808e+01,4.349684767096383808e+01,4.349684767096383808e+01,4.349684767096383808e+01,4.349684767096383808e+01,4.349684767096383808e+01,4.349684767096383808e+01,4.349684767096383808e+01,4.349684767096383808e+01,4.349684767096383808e+01,4.349684767096383808e+01,4.349684767096383808e+01,4.349684767096383808e+01,4.349684767096383808e+01,4.349684767096383808e+01,4.349684767096383808e+01,4.354186764737473680e+01,4.354186764737473680e+01,4.354186764737473680e+01,4.349684767096383808e+01,4.351706125155099869e+01,4.354186764737473680e+01,4.354186764737473680e+01,4.354186764737473680e+01,4.354186764737473680e+01,4.354186764737473680e+01,4.354186764737473680e+01,4.354186764737473680e+01,4.354186764737473680e+01,4.354186764737473680e+01,4.354186764737473680e+01,4.373428502686597596e+01,4.373428502686597596e+01,4.373428502686597596e+01,4.378117833613875121e+01,4.378117833613875121e+01,4.403292081838603877e+01,4.403292081838603877e+01,4.378117833613875121e+01,4.403292081838603877e+01,4.403292081838603877e+01,4.398853136987611379e+01,4.403292081838603877e+01,4.403292081838603877e+01,4.403292081838603877e+01,4.403292081838603877e+01,4.403292081838603877e+01,4.428466265174919414e+01,4.403292081838603877e+01,4.428466265174919414e+01,4.403292081838603877e+01,4.428466265174919414e+01,4.428466265174919414e+01,4.428466265174919414e+01,4.428466265174919414e+01,4.428466265174919414e+01,4.428466265174919414e+01,4.428466265174919414e+01,4.428466265174919414e+01,4.428466265174919414e+01,4.428466265174919414e+01,4.428466265174919414e+01,4.447187923350447392e+01,4.447187923350447392e+01,4.447187923350447392e+01,4.428466265174919414e+01,4.447187923350447392e+01,4.447187923350447392e+01,4.447187923350447392e+01,4.451543621130338124e+01,4.447187923350447392e+01,4.451543621130338124e+01,4.447187923350447392e+01,4.447187923350447392e+01,4.451543621130338124e+01,4.447187923350447392e+01,4.447187923350447392e+01,4.472128537925460989e+01,4.472128537925460989e+01,4.472128537925460989e+01,4.472128537925460989e+01,4.476265164768186366e+01,4.476265164768186366e+01,4.494705772511090203e+01,4.472128537925460989e+01,4.472128537925460989e+01,4.476265164768186366e+01,4.472128537925460989e+01,4.472128537925460989e+01,4.494705772511090203e+01,4.490437442492952158e+01,4.497050303236324709e+01,4.501560358127690620e+01,4.515146736717825604e+01,4.515146736717825604e+01,4.515146736717825604e+01,4.515146736717825604e+01,4.515146736717825604e+01,4.515146736717825604e+01,4.515146736717825604e+01,4.515146736717825604e+01,4.515146736717825604e+01,4.519219382702129195e+01,4.543723241390583212e+01,4.543723241390583212e+01,4.561562308854031755e+01,4.557540056959606289e+01,4.557540056959606289e+01,4.561562308854031755e+01,4.561562308854031755e+01,4.561562308854031755e+01,4.561562308854031755e+01,4.561562308854031755e+01,4.561562308854031755e+01,4.565542696388222055e+01,4.565542696388222055e+01,4.585837896366298594e+01,4.589657911422440861e+01,4.589657911422440861e+01,4.603310997872122101e+01,4.589657911422440861e+01,4.607242252473179178e+01,4.607242252473179178e+01,4.607242252473179178e+01,4.607242252473179178e+01,4.607242252473179178e+01,4.607242252473179178e+01,4.607242252473179178e+01,4.607242252473179178e+01,4.607242252473179178e+01,4.607242252473179178e+01,4.607242252473179178e+01,4.607242252473179178e+01,4.631148763269767699e+01,4.631148763269767699e+01,4.631148763269767699e+01,4.631148763269767699e+01,4.631148763269767699e+01,4.648376572167961029e+01,4.638923144298432533e+01,4.631148763269767699e+01,4.652204810190789885e+01,4.652204810190789885e+01,4.652204810190789885e+01,4.675769198883622835e+01,4.675769198883622835e+01,4.675769198883622835e+01,4.675769198883622835e+01,4.675769198883622835e+01,4.675769198883622835e+01,4.675769198883622835e+01,4.675769198883622835e+01,4.699296925940673475e+01,4.675769198883622835e+01,4.675769198883622835e+01,4.702797400924285398e+01,4.702797400924285398e+01,4.702797400924285398e+01,4.719717676512470916e+01,4.719717676512470916e+01,4.719717676512470916e+01,4.719717676512470916e+01,4.719717676512470916e+01,4.719717676512470916e+01,4.719717676512470916e+01,4.719717676512470916e+01,4.719717676512470916e+01,4.719717676512470916e+01,4.719717676512470916e+01,4.719717676512470916e+01,4.719717676512470916e+01,4.719717676512470916e+01,4.719717676512470916e+01,4.742933739199243348e+01,4.719717676512470916e+01,4.723217262149002948e+01,4.759532662849206019e+01,4.750388650550792136e+01,4.746327071107885587e+01,4.759532662849206019e+01,4.763013184097857788e+01,4.763013184097857788e+01,4.763013184097857788e+01,4.763013184097857788e+01,4.763013184097857788e+01,4.785942210737337632e+01,4.763013184097857788e+01,4.785942210737337632e+01,4.785942210737337632e+01,4.785942210737337632e+01,4.785942210737337632e+01,4.785942210737337632e+01,4.789220671219885617e+01,4.785942210737337632e+01,4.785942210737337632e+01,4.789220671219885617e+01,4.789220671219885617e+01,4.785942210737337632e+01,4.789220671219885617e+01,4.789220671219885617e+01,4.789220671219885617e+01,4.789220671219885617e+01,4.802315141249238195e+01,4.828340692274628054e+01,4.805675031681467857e+01,4.805675031681467857e+01,4.828340692274628054e+01,4.828340692274628054e+01,4.805675031681467857e+01,4.828340692274628054e+01,4.828340692274628054e+01,4.825061177276123914e+01,4.828340692274628054e+01,4.828340692274628054e+01,4.828340692274628054e+01,4.828340692274628054e+01,4.828340692274628054e+01,4.828340692274628054e+01,4.828340692274628054e+01,4.844489849506967261e+01,4.828340692274628054e+01,4.845960049421082516e+01,4.850963806876914219e+01,4.870147559916385660e+01,4.870147559916385660e+01,4.870147559916385660e+01,4.870147559916385660e+01,4.870147559916385660e+01,4.870147559916385660e+01,4.870147559916385660e+01,4.870147559916385660e+01,4.870147559916385660e+01,4.873177397621504525e+01,4.870147559916385660e+01,4.870147559916385660e+01,4.895505990506072180e+01,4.873177397621504525e+01,4.895505990506072180e+01,4.873177397621504525e+01,4.911381117575690780e+01,4.895505990506072180e+01,4.911381117575690780e+01,4.895505990506072180e+01,4.911381117575690780e+01,4.895505990506072180e+01,4.911381117575690780e+01,4.911381117575690780e+01,4.911381117575690780e+01,4.911381117575690780e+01,4.936400196663898754e+01,4.933548391039741432e+01,4.933548391039741432e+01,4.936400196663898754e+01,4.933548391039741432e+01,4.936400196663898754e+01,4.936400196663898754e+01,4.936400196663898754e+01,4.936400196663898754e+01,4.936400196663898754e+01,4.936400196663898754e+01,4.936400196663898754e+01,4.958485247777052507e+01,4.958485247777052507e+01,4.959705041285036486e+01,4.961153088552771351e+01,4.958485247777052507e+01,4.989416147925440015e+01,4.976755075643043114e+01,4.974028110134375424e+01,4.974028110134375424e+01,4.976755075643043114e+01,4.989416147925440015e+01,4.992200718233294054e+01,4.992200718233294054e+01,4.992200718233294054e+01,5.013988400584169369e+01,4.992200718233294054e+01,5.013988400584169369e+01,5.013988400584169369e+01,5.013988400584169369e+01,5.013988400584169369e+01,5.013988400584169369e+01,5.013988400584169369e+01,5.029169117797419375e+01,5.029169117797419375e+01,5.029169117797419375e+01,5.029169117797419375e+01,5.029169117797419375e+01,5.029169117797419375e+01,5.029169117797419375e+01,5.029169117797419375e+01,5.050809891198267110e+01,5.050809891198267110e+01,5.031822394832980905e+01,5.053445659555914915e+01,5.053445659555914915e+01,5.053445659555914915e+01,5.053445659555914915e+01,5.053445659555914915e+01,5.053445659555914915e+01,5.053445659555914915e+01,5.068421206792582012e+01,5.053445659555914915e+01,5.053445659555914915e+01,5.053445659555914915e+01,5.068421206792582012e+01,5.089903000952637058e+01,5.089903000952637058e+01,5.089903000952637058e+01,5.089903000952637058e+01,5.089903000952637058e+01,5.089903000952637058e+01,5.092415992303708805e+01,5.092415992303708805e+01,5.092415992303708805e+01,5.089903000952637058e+01,5.092415992303708805e+01,5.092415992303708805e+01,5.092415992303708805e+01,5.113840126869832403e+01,5.092415992303708805e+01,5.113840126869832403e+01,5.128525376354291154e+01,5.128525376354291154e+01,5.128525376354291154e+01,5.128525376354291154e+01,5.128525376354291154e+01,5.130915183470345653e+01,5.128525376354291154e+01,5.149802599748588250e+01,5.128525376354291154e+01,5.149802599748588250e+01,5.149802599748588250e+01,5.152201489447522675e+01,5.152201489447522675e+01,5.149802599748588250e+01,5.152201489447522675e+01,5.171015583023121565e+01,5.173429027406353953e+01,5.177497930969753526e+01,5.187834259890756528e+01,5.187834259890756528e+01,5.187834259890756528e+01,5.187834259890756528e+01,5.185382476790975659e+01,5.187834259890756528e+01,5.187834259890756528e+01,5.187834259890756528e+01,5.187834259890756528e+01,5.187834259890756528e+01,5.187834259890756528e+01,5.187834259890756528e+01,5.187834259890756528e+01,5.190119067700494071e+01,5.208910272414657783e+01,5.209969171541516175e+01,5.208910272414657783e+01,5.211217659362055343e+01,5.225435256255131833e+01,5.211217659362055343e+01,5.225435256255131833e+01,5.225435256255131833e+01,5.225435256255131833e+01,5.225435256255131833e+01,5.225435256255131833e+01,5.225435256255131833e+01,5.225435256255131833e+01,5.246384452417809285e+01,5.225435256255131833e+01,5.246384452417809285e+01,5.246384452417809285e+01,5.225435256255131833e+01,5.246384452417809285e+01,5.246384452417809285e+01,5.260383312681268109e+01,5.260383312681268109e+01,5.260383312681268109e+01,5.246384452417809285e+01,5.262618672439314338e+01,5.248586573636385566e+01,5.260383312681268109e+01,5.260383312681268109e+01,5.260383312681268109e+01,5.262618672439314338e+01,5.262618672439314338e+01,5.281182938797641668e+01,5.262618672439314338e+01,5.283450296315012196e+01,5.264678392105463445e+01,5.285548420979286988e+01,5.283450296315012196e+01,5.284415982417242930e+01,5.285548420979286988e+01,5.283450296315012196e+01,5.285548420979286988e+01,5.285548420979286988e+01,5.285548420979286988e+01,5.299397264581197931e+01,5.299397264581197931e+01,5.299397264581197931e+01,5.299397264581197931e+01,5.299397264581197931e+01,5.320119685718955793e+01,5.320119685718955793e+01,5.299397264581197931e+01,5.301347000357549177e+01,5.320119685718955793e+01,5.320119685718955793e+01,5.320119685718955793e+01,5.320119685718955793e+01,5.322115523213734178e+01,5.341702331557647909e+01,5.342805169898946360e+01,5.342805169898946360e+01,5.342805169898946360e+01,5.342805169898946360e+01,5.340761704370412843e+01,5.340761704370412843e+01,5.342805169898946360e+01,5.342805169898946360e+01,5.344673602542676605e+01,5.343668180634213627e+01,5.358299859605171633e+01,5.356404197364503261e+01,5.356404197364503261e+01,5.358299859605171633e+01,5.358299859605171633e+01,5.356404197364503261e+01,5.358299859605171633e+01,5.358299859605171633e+01,5.358299859605171633e+01,5.367576107582880951e+01,5.378890207903695142e+01,5.367576107582880951e+01,5.378890207903695142e+01,5.376940046933382433e+01,5.378890207903695142e+01,5.378890207903695142e+01,5.378890207903695142e+01,5.378890207903695142e+01,5.378890207903695142e+01,5.378890207903695142e+01,5.380662938856335842e+01,5.378890207903695142e+01,5.392315091484083922e+01,5.380662938856335842e+01,5.378890207903695142e+01,5.392315091484083922e+01,5.378890207903695142e+01,5.394113055108002897e+01,5.394113055108002897e+01,5.392315091484083922e+01,5.394113055108002897e+01,5.394113055108002897e+01,5.392315091484083922e+01,5.394113055108002897e+01,5.394113055108002897e+01,5.414610229495670524e+01,5.414610229495670524e+01,5.414610229495670524e+01,5.414610229495670524e+01,5.414610229495670524e+01,5.414610229495670524e+01,5.412751121479551131e+01,5.414610229495670524e+01,5.414610229495670524e+01,5.414610229495670524e+01,5.414610229495670524e+01,5.414610229495670524e+01,5.414610229495670524e+01,5.414610229495670524e+01,5.414610229495670524e+01,5.414610229495670524e+01,5.414610229495670524e+01,5.414610229495670524e+01,5.435015064604543511e+01,5.435015064604543511e+01,5.416289933961810732e+01,5.436763174174267021e+01,5.414610229495670524e+01,5.436763174174267021e+01,5.435015064604543511e+01,5.436763174174267021e+01,5.436763174174267021e+01,5.449975772723052359e+01,5.435015064604543511e+01,5.429566370576130652e+01,5.429566370576130652e+01,5.429566370576130652e+01,5.451565420607856538e+01,5.449023787667956498e+01,5.448205170608126480e+01,5.451565420607856538e+01,5.451565420607856538e+01,5.451565420607856538e+01,5.449975772723052359e+01,5.449975772723052359e+01,5.451565420607856538e+01,5.451565420607856538e+01,5.451565420607856538e+01,5.451565420607856538e+01,5.451565420607856538e+01,5.451565420607856538e+01,5.451565420607856538e+01,5.451565420607856538e+01,5.449975772723052359e+01,5.451565420607856538e+01,5.451565420607856538e+01,5.451565420607856538e+01,5.451565420607856538e+01,5.451565420607856538e+01,5.451565420607856538e+01,5.471951401399784487e+01,5.451565420607856538e+01,5.451565420607856538e+01,5.451565420607856538e+01,5.451565420607856538e+01,5.451565420607856538e+01,5.471951401399784487e+01,5.471951401399784487e+01,5.471951401399784487e+01,5.471951401399784487e+01,5.471951401399784487e+01,5.452219433759820078e+01,5.471951401399784487e+01,5.471951401399784487e+01,5.473434005201855257e+01,5.471951401399784487e+01,5.473434005201855257e+01,5.486499864346981781e+01,5.471951401399784487e+01,5.486499864346981781e+01,5.473434005201855257e+01,5.473434005201855257e+01,5.486499864346981781e+01,5.486499864346981781e+01,5.486499864346981781e+01,5.473434005201855257e+01,5.486499864346981781e+01,5.487812266794465188e+01,5.486499864346981781e+01,5.486499864346981781e+01,5.473434005201855257e+01,5.486499864346981781e+01,5.473434005201855257e+01,5.506802802915179740e+01,5.506802802915179740e+01,5.495649334223506344e+01,5.487114511120395832e+01,5.486499864346981781e+01,5.508203577418922947e+01,5.495181556850912585e+01,5.487812266794465188e+01,5.507456173638506414e+01,5.486499864346981781e+01,5.506802802915179740e+01,5.487812266794465188e+01,5.506802802915179740e+01,5.506802802915179740e+01,5.486499864346981781e+01,5.508203577418922947e+01,5.506802802915179740e+01,5.506802802915179740e+01,5.508203577418922947e+01,5.508203577418922947e+01,5.508203577418922947e+01,5.508203577418922947e+01,5.508203577418922947e+01,5.508203577418922947e+01,5.508203577418922947e+01,5.506802802915179740e+01,5.508203577418922947e+01,5.508203577418922947e+01,5.508203577418922947e+01,5.508203577418922947e+01,5.508203577418922947e+01,5.508203577418922947e+01,5.506802802915179740e+01,5.508203577418922947e+01,5.508203577418922947e+01,5.528485415304792383e+01,5.508203577418922947e+01,5.509414209689844455e+01,5.508203577418922947e+01,5.508772368152959586e+01,5.508203577418922947e+01,5.508203577418922947e+01,5.508203577418922947e+01,5.528485415304792383e+01,5.508203577418922947e+01,5.508203577418922947e+01,5.508203577418922947e+01,5.509414209689844455e+01,5.509414209689844455e+01,5.528485415304792383e+01,5.509414209689844455e+01,5.509414209689844455e+01,5.529790671122179191e+01,5.528485415304792383e+01,5.529790671122179191e+01,5.528485415304792383e+01,5.528485415304792383e+01,5.510426715332179981e+01,5.529790671122179191e+01,5.508203577418922947e+01,5.528485415304792383e+01,5.529790671122179191e+01,5.529790671122179191e+01,5.542649344136699341e+01,5.542649344136699341e+01,5.543781645444142470e+01,5.542649344136699341e+01,5.543781645444142470e+01,5.543781645444142470e+01,5.543781645444142470e+01,5.543781645444142470e+01,5.543781645444142470e+01,5.543781645444142470e+01,5.543781645444142470e+01,5.544716112852197654e+01,5.543781645444142470e+01,5.543781645444142470e+01,5.543781645444142470e+01,5.543781645444142470e+01,5.542649344136699341e+01,5.543781645444142470e+01,5.544716112852197654e+01,5.543781645444142470e+01,5.543781645444142470e+01,5.543781645444142470e+01,5.543781645444142470e+01,5.543781645444142470e+01,5.544716112852197654e+01,5.543781645444142470e+01,5.544716112852197654e+01,5.544716112852197654e+01,5.544716112852197654e+01,5.544716112852197654e+01,5.543781645444142470e+01,5.553915720697941794e+01,5.564082750991698845e+01,5.565125754862638274e+01,5.565125754862638274e+01,5.564082750991698845e+01,5.557484824338689577e+01,5.544716112852197654e+01,5.565125754862638274e+01,5.544716112852197654e+01,5.544716112852197654e+01,5.543781645444142470e+01,5.544716112852197654e+01,5.565125754862638274e+01,5.566659514589552060e+01,5.565972543298540387e+01,5.565972543298540387e+01,5.565125754862638274e+01,5.565972543298540387e+01,5.565125754862638274e+01,5.565125754862638274e+01,5.577838689942477401e+01,5.557484824338689577e+01,5.565125754862638274e+01,5.565125754862638274e+01,5.577838689942477401e+01,5.565125754862638274e+01,5.578699640554297901e+01,5.577838689942477401e+01,5.577838689942477401e+01,5.565972543298540387e+01,5.565972543298540387e+01,5.565972543298540387e+01,5.578699640554297901e+01,5.565972543298540387e+01,5.565972543298540387e+01,5.578699640554297901e+01,5.578699640554297901e+01,5.565972543298540387e+01,5.565972543298540387e+01,5.578699640554297901e+01,5.571714370459599763e+01,5.578699640554297901e+01,5.578699640554297901e+01,5.578699640554297901e+01,5.565972543298540387e+01,5.578699640554297901e+01,5.565972543298540387e+01,5.578699640554297901e+01,5.578699640554297901e+01,5.578699640554297901e+01,5.579356138830678447e+01,5.578699640554297901e+01,5.579356138830678447e+01,5.579356138830678447e+01,5.578699640554297901e+01,5.565972543298540387e+01,5.579356138830678447e+01,5.579356138830678447e+01,5.578699640554297901e+01,5.578699640554297901e+01,5.578699640554297901e+01,5.579020804994210181e+01,5.579356138830678447e+01,5.578699640554297901e+01,5.565972543298540387e+01,5.578699640554297901e+01,5.578699640554297901e+01,5.578699640554297901e+01,5.578699640554297901e+01,5.578699640554297901e+01,5.566615882693206885e+01,5.579356138830678447e+01,5.579356138830678447e+01,5.578699640554297901e+01,5.579356138830678447e+01,5.579356138830678447e+01,5.579356138830678447e+01,5.578699640554297901e+01,5.579356138830678447e+01,5.578699640554297901e+01,5.579356138830678447e+01,5.579356138830678447e+01,5.579356138830678447e+01,5.579356138830678447e+01,5.579356138830678447e+01,5.578699640554297901e+01,5.579800840889718216e+01,5.579356138830678447e+01,5.579356138830678447e+01,5.579800840889718216e+01,5.579356138830678447e+01,5.579356138830678447e+01,5.567048534237231650e+01,5.579356138830678447e+01,5.579800840889718216e+01,5.579356138830678447e+01,5.579356138830678447e+01,5.579800840889718216e+01,5.579356138830678447e+01,5.579800840889718216e+01,5.579800840889718216e+01,5.579356138830678447e+01,5.579800840889718216e+01,5.579356138830678447e+01,5.579800840889718216e+01,5.579800840889718216e+01,5.579800840889718216e+01,5.579356138830678447e+01,5.579800840889718216e+01,5.579800840889718216e+01,5.579356138830678447e+01,5.579800840889718216e+01,5.579800840889718216e+01,5.579800840889718216e+01,5.579800840889718216e+01,5.600396880939731403e+01,5.579800840889718216e+01,5.579800840889718216e+01,5.579800840889718216e+01,5.579800840889718216e+01,5.579800840889718216e+01,5.579800840889718216e+01,5.579800840889718216e+01,5.579800840889718216e+01,5.579800840889718216e+01,5.579800840889718216e+01,5.579800840889718216e+01,5.579800840889718216e+01,5.579800840889718216e+01,5.579800840889718216e+01,5.579800840889718216e+01,5.579800840889718216e+01,5.579800840889718216e+01,5.579800840889718216e+01,5.579800840889718216e+01,5.579800840889718216e+01,5.579800840889718216e+01,5.579800840889718216e+01,5.579800840889718216e+01,5.579800840889718216e+01,5.579800840889718216e+01,5.579800840889718216e+01,5.579800840889718216e+01,5.579800840889718216e+01,5.579800840889718216e+01,5.579800840889718216e+01,5.580026412116161083e+01,5.579800840889718216e+01,5.580026412116161083e+01,5.600588782504033247e+01,5.579800840889718216e+01,5.579800840889718216e+01,5.579800840889718216e+01,5.580026412116161083e+01,5.579929903196496355e+01,5.580026412116161083e+01,5.579800840889718216e+01,5.580026412116161083e+01,5.580026412116161083e+01,5.600396880939731403e+01,5.579929903196496355e+01,5.600764980623327460e+01,5.580026412116161083e+01,5.600764980623327460e+01,5.600764980623327460e+01,5.600396880939731403e+01,5.579800840889718216e+01,5.580026412116161083e+01,5.600396880939731403e+01,5.600396880939731403e+01,5.580026412116161083e+01,5.580026412116161083e+01,5.580026412116161083e+01,5.600764980623327460e+01,5.580026412116161083e+01,5.600764980623327460e+01,5.580026412116161083e+01,5.600764980623327460e+01,5.600764980623327460e+01,5.580054480328690403e+01,5.600764980623327460e+01,5.600764980623327460e+01,5.600764980623327460e+01,5.600764980623327460e+01,5.600764980623327460e+01,5.600764980623327460e+01,5.580026412116161083e+01,5.600764980623327460e+01,5.600917399050612033e+01,5.600764980623327460e+01,5.600917399050612033e+01,5.600764980623327460e+01,5.600764980623327460e+01,5.600917399050612033e+01,5.600764980623327460e+01,5.600917399050612033e+01,5.600917399050612033e+01,5.600917399050612033e+01,5.600917399050612033e+01,5.600764980623327460e+01,5.600917399050612033e+01,5.600917399050612033e+01,5.600917399050612033e+01,5.600917399050612033e+01,5.600917399050612033e+01
1.925392773588724538e+01,1.962443226405575913e+01,2.016426891756838202e+01,2.033812192831944898e+01,2.033812192831944898e+01,2.040696705083523810e+01,2.090047305400547373e+01,2.160375692793031277e+01,2.166162139336615766e+01,2.239693202221598867e+01,2.244315132535900048e+01,2.244315132535900048e+01,2.244315132535900048e+01,2.244315132535900048e+01,2.244315132535900048e+01,2.239693202221598867e+01,2.260114208031349392e+01,2.260114208031349392e+01,2.312277189438433922e+01,2.312277189438433922e+01,2.367393060867987131e+01,2.367393060867987131e+01,2.367393060867987131e+01,2.367393060867987131e+01,2.367393060867987131e+01,2.367393060867987131e+01,2.367393060867987131e+01,2.389402437850355199e+01,2.389402437850355199e+01,2.389402437850355199e+01,2.389402437850355199e+01,2.389402437850355199e+01,2.389402437850355199e+01,2.389402437850355199e+01,2.389402437850355199e+01,2.389402437850355199e+01,2.436842083116031787e+01,2.496016229721121249e+01,2.496016229721121249e+01,2.496016229721121249e+01,2.496016229721121249e+01,2.496016229721121249e+01,2.583710283562058763e+01,2.583710283562058763e+01,2.583710283562058763e+01,2.583710283562058763e+01,2.583710283562058763e+01,2.587250430415848257e+01,2.587250430415848257e+01,2.583710283562058763e+01,2.613108843296584283e+01,2.613108843296584283e+01,2.613108843296584283e+01,2.613108843296584283e+01,2.676371011686095613e+01,2.676371011686095613e+01,2.676371011686095613e+01,2.702856953235131243e+01,2.702856953235131243e+01,2.702856953235131243e+01,2.702856953235131243e+01,2.702856953235131243e+01,2.767068774211594828e+01,2.792459506552657444e+01,2.794138865650000980e+01,2.794138865650000980e+01,2.794138865650000980e+01,2.794138865650000980e+01,2.792459506552657444e+01,2.856691935976644814e+01,2.856691935976644814e+01,2.884759782220107382e+01,2.884759782220107382e+01,2.884759782220107382e+01,2.884759782220107382e+01,2.884759782220107382e+01,2.884759782220107382e+01,2.913336697044720580e+01,2.913336697044720580e+01,2.976233001002800194e+01,2.976233001002800194e+01,2.976233001002800194e+01,2.976233001002800194e+01,3.065648514037742345e+01,3.065648514037742345e+01,3.065648514037742345e+01,3.065648514037742345e+01,3.065648514037742345e+01,3.123234212179699298e+01,3.123234212179699298e+01,3.123234212179699298e+01,3.152100127216577263e+01,3.152100127216577263e+01,3.152100127216577263e+01,3.152100127216577263e+01,3.152100127216577263e+01,3.149120923889174861e+01,3.181147754386702076e+01,3.181147754386702076e+01,3.178520149799723171e+01,3.231552546170780715e+01,3.231552546170780715e+01,3.260894483497405361e+01,3.260894483497405361e+01,3.260894483497405361e+01,3.310487211611436464e+01,3.310487211611436464e+01,3.339686779210602907e+01,3.339686779210602907e+01,3.339686779210602907e+01,3.339686779210602907e+01,3.339686779210602907e+01,3.339686779210602907e+01,3.368989266798686089e+01,3.414965900427868917e+01,3.458239962826297642e+01,3.458239962826297642e+01,3.458239962826297642e+01,3.458239962826297642e+01,3.486881495235922301e+01,3.486881495235922301e+01,3.527401662250531444e+01,3.527401662250531444e+01,3.527401662250531444e+01,3.555630993143149254e+01,3.550457428002115279e+01,3.555630993143149254e+01,3.588301995798407518e+01,3.588301995798407518e+01,3.615918151587614915e+01,3.615918151587614915e+01,3.615918151587614915e+01,3.615918151587614915e+01,3.615918151587614915e+01,3.615918151587614915e+01,3.678767877369444506e+01,3.678767877369444506e+01,3.678767877369444506e+01,3.678767877369444506e+01,3.678767877369444506e+01,3.705704092301374430e+01,3.705704092301374430e+01,3.739254846468308102e+01,3.739254846468308102e+01,3.739254846468308102e+01,3.739254846468308102e+01,3.751100434160546371e+01,3.765530769994138183e+01,3.797617110156231490e+01,3.791679321405863590e+01,3.791679321405863590e+01,3.817056657970534417e+01,3.848099583321060635e+01,3.848099583321060635e+01,3.848099583321060635e+01,3.848099583321060635e+01,3.848099583321060635e+01,3.848099583321060635e+01,3.848099583321060635e+01,3.897242784510131486e+01,3.897242784510131486e+01,3.890963332626955662e+01,3.920889155186009845e+01,3.920889155186009845e+01,3.920889155186009845e+01,3.944423875319525763e+01,3.944423875319525763e+01,3.944423875319525763e+01,3.973596086525953552e+01,3.944423875319525763e+01,3.973596086525953552e+01,3.973596086525953552e+01,3.996486140555844457e+01,3.996486140555844457e+01,3.996486140555844457e+01,3.996486140555844457e+01,3.996486140555844457e+01,3.996486140555844457e+01,3.996486140555844457e+01,4.025018957024663280e+01,4.019035376827871175e+01,4.047290193869432073e+01,4.047290193869432073e+01,4.047290193869432073e+01,4.047290193869432073e+01,4.047290193869432073e+01,4.075277266623167804e+01,4.075277266623167804e+01,4.075277266623167804e+01,4.075277266623167804e+01,4.096955818527385418e+01,4.096955818527385418e+01,4.091148286029522296e+01,4.091148286029522296e+01,4.091148286029522296e+01,4.091148286029522296e+01,4.091148286029522296e+01,4.139900960861742618e+01,4.139900960861742618e+01,4.139900960861742618e+01,4.139900960861742618e+01,4.139900960861742618e+01,4.139900960861742618e+01,4.139900960861742618e+01,4.139900960861742618e+01,4.167312689808469628e+01,4.160501864333084399e+01,4.167312689808469628e+01,4.187708832870757902e+01,4.187708832870757902e+01,4.187708832870757902e+01,4.214749533198457954e+01,4.214749533198457954e+01,4.209596320318739515e+01,4.214749533198457954e+01,4.214749533198457954e+01,4.261344035277063824e+01,4.234640145798524458e+01,4.214749533198457954e+01,4.256290316416960451e+01,4.256290316416960451e+01,4.256290316416960451e+01,4.256290316416960451e+01,4.256290316416960451e+01,4.256290316416960451e+01,4.256290316416960451e+01,4.256290316416960451e+01,4.275549856371263502e+01,4.275549856371263502e+01,4.275549856371263502e+01,4.275549856371263502e+01,4.302186815552888532e+01,4.302186815552888532e+01,4.302186815552888532e+01,4.302186815552888532e+01,4.320999182907020497e+01,4.328685176973381488e+01,4.347326807060905196e+01,4.347326807060905196e+01,4.347326807060905196e+01,4.347326807060905196e+01,4.347326807060905196e+01,4.347326807060905196e+01,4.347326807060905196e+01,4.347326807060905196e+01,4.347326807060905196e+01,4.347326807060905196e+01,4.347326807060905196e+01,4.347326807060905196e+01,4.365714462163040821e+01,4.373513860443762979e+01,4.391746253232234665e+01,4.391746253232234665e+01,4.391746253232234665e+01,4.391746253232234665e+01,4.417632785310103571e+01,4.417632785310103571e+01,4.417632785310103571e+01,4.417632785310103571e+01,4.435477337028635247e+01,4.435477337028635247e+01,4.435477337028635247e+01,4.435477337028635247e+01,4.435477337028635247e+01,4.461071820047979486e+01,4.461071820047979486e+01,4.447013351744853793e+01,4.461071820047979486e+01,4.486516998207725493e+01,4.461071820047979486e+01,4.503859167389698115e+01,4.503859167389698115e+01,4.503859167389698115e+01,4.503859167389698115e+01,4.503859167389698115e+01,4.503859167389698115e+01,4.503859167389698115e+01,4.503859167389698115e+01,4.503859167389698115e+01,4.503859167389698115e+01,4.503859167389698115e+01,4.503859167389698115e+01,4.520990260116172976e+01,4.546021871214480825e+01,4.546021871214480825e+01,4.546021871214480825e+01,4.546021871214480825e+01,4.546021871214480825e+01,4.546021871214480825e+01,4.546021871214480825e+01,4.570889511515655812e+01,4.570889511515655812e+01,4.570889511515655812e+01,4.570889511515655812e+01,4.587585981430712678e+01,4.587585981430712678e+01,4.587585981430712678e+01,4.587585981430712678e+01,4.587585981430712678e+01,4.587585981430712678e+01,4.587585981430712678e+01,4.587585981430712678e+01,4.587585981430712678e+01,4.612177134558885427e+01,4.612177134558885427e+01,4.612177134558885427e+01,4.612177134558885427e+01,4.628576470990698510e+01,4.628576470990698510e+01,4.628576470990698510e+01,4.628576470990698510e+01,4.652899751194053124e+01,4.652899751194053124e+01,4.652899751194053124e+01,4.652899751194053124e+01,4.652899751194053124e+01,4.652899751194053124e+01,4.652899751194053124e+01,4.652899751194053124e+01,4.677053113655932037e+01,4.652899751194053124e+01,4.677053113655932037e+01,4.677053113655932037e+01,4.677053113655932037e+01,4.677053113655932037e+01,4.693081079067865602e+01,4.716974698524308707e+01,4.693081079067865602e+01,4.716974698524308707e+01,4.716974698524308707e+01,4.716974698524308707e+01,4.716974698524308707e+01,4.716974698524308707e+01,4.716974698524308707e+01,4.716974698524308707e+01,4.716974698524308707e+01,4.716974698524308707e+01,4.716974698524308707e+01,4.716974698524308707e+01,4.716974698524308707e+01,4.716974698524308707e+01,4.716974698524308707e+01,4.716974698524308707e+01,4.716974698524308707e+01,4.716974698524308707e+01,4.716974698524308707e+01,4.716974698524308707e+01,4.716974698524308707e+01,4.716974698524308707e+01,4.716974698524308707e+01,4.716974698524308707e+01,4.716974698524308707e+01,4.716974698524308707e+01,4.716974698524308707e+01,4.716974698524308707e+01,4.716974698524308707e+01,4.716974698524308707e+01,4.716974698524308707e+01,4.701040076759458231e+01,4.716974698524308707e+01,4.701040076759458231e+01,4.716974698524308707e+01,4.716974698524308707e+01,4.701040076759458231e+01,4.701040076759458231e+01,4.701040076759458231e+01,4.701040076759458231e+01,4.701040076759458231e+01,4.701040076759458231e+01,4.701040076759458231e+01,4.701040076759458231e+01,4.701040076759458231e+01,4.701040076759458231e+01,4.701040076759458231e+01,4.701040076759458231e+01,4.701040076759458231e+01,4.701040076759458231e+01,4.701040076759458231e+01,4.701040076759458231e+01,4.705137962714039190e+01,4.705137962714039190e+01,4.701040076759458231e+01,4.701040076759458231e+01,4.705137962714039190e+01,4.701040076759458231e+01,4.705137962714039190e+01,4.705137962714039190e+01,4.688989598288996774e+01,4.705137962714039190e+01,4.688989598288996774e+01,4.688989598288996774e+01,4.688989598288996774e+01,4.688989598288996774e+01,4.688989598288996774e+01,4.688989598288996774e+01,4.688989598288996774e+01,4.688989598288996774e+01,4.688989598288996774e+01,4.688989598288996774e+01,4.688989598288996774e+01,4.664972978763181999e+01,4.664972978763181999e+01,4.664972978763181999e+01,4.664972978763181999e+01,4.664972978763181999e+01,4.664972978763181999e+01,4.664972978763181999e+01,4.664972978763181999e+01,4.664972978763181999e+01,4.664972978763181999e+01,4.664972978763181999e+01,4.664972978763181999e+01,4.669072350748654543e+01,4.664972978763181999e+01,4.664972978763181999e+01,4.664972978763181999e+01,4.669072350748654543e+01,4.669072350748654543e+01,4.669072350748654543e+01,4.652587652337567192e+01,4.644989233861377187e+01,4.644989233861377187e+01,4.652587652337567192e+01,4.652587652337567192e+01,4.628380191341634031e+01,4.628380191341634031e+01,4.628380191341634031e+01,4.628380191341634031e+01,4.652587652337567192e+01,4.628380191341634031e+01,4.628380191341634031e+01,4.628380191341634031e+01,4.628380191341634031e+01,4.628380191341634031e+01,4.628380191341634031e+01,4.628380191341634031e+01,4.628380191341634031e+01,4.628380191341634031e+01,4.628380191341634031e+01,4.628380191341634031e+01,4.628380191341634031e+01,4.628380191341634031e+01,4.604030439645820394e+01,4.628380191341634031e+01,4.628380191341634031e+01,4.604030439645820394e+01,4.628380191341634031e+01,4.628380191341634031e+01,4.604030439645820394e+01,4.628380191341634031e+01,4.604030439645820394e+01,4.604030439645820394e+01,4.604030439645820394e+01,4.604030439645820394e+01,4.604030439645820394e+01,4.604030439645820394e+01,4.604030439645820394e+01,4.604030439645820394e+01,4.587117628904803723e+01,4.587117628904803723e+01,4.608223293185432823e+01,4.591224305245284398e+01,4.591224305245284398e+01,4.591224305245284398e+01,4.587117628904803723e+01,4.587117628904803723e+01,4.591224305245284398e+01,4.591224305245284398e+01,4.591224305245284398e+01,4.591224305245284398e+01,4.591224305245284398e+01,4.591224305245284398e+01,4.591224305245284398e+01,4.591224305245284398e+01,4.591224305245284398e+01,4.591224305245284398e+01,4.591224305245284398e+01,4.591224305245284398e+01,4.591224305245284398e+01,4.591224305245284398e+01,4.591224305245284398e+01,4.591224305245284398e+01,4.591224305245284398e+01,4.591224305245284398e+01,4.591224305245284398e+01,4.591224305245284398e+01,4.591224305245284398e+01,4.591224305245284398e+01,4.591224305245284398e+01,4.591224305245284398e+01,4.591224305245284398e+01,4.591224305245284398e+01,4.591224305245284398e+01,4.591224305245284398e+01,4.591224305245284398e+01,4.591224305245284398e+01,4.591224305245284398e+01,4.591224305245284398e+01,4.591224305245284398e+01,4.591224305245284398e+01,4.591224305245284398e+01,4.591224305245284398e+01,4.591224305245284398e+01,4.591224305245284398e+01,4.591224305245284398e+01,4.591224305245284398e+01,4.591224305245284398e+01,4.591224305245284398e+01,4.595296687123676804e+01,4.591224305245284398e+01,4.595296687123676804e+01,4.595296687123676804e+01,4.593061584614439141e+01,4.595296687123676804e+01,4.570912757684829586e+01,4.595296687123676804e+01,4.595296687123676804e+01,4.595296687123676804e+01,4.595296687123676804e+01,4.595296687123676804e+01,4.595296687123676804e+01,4.595296687123676804e+01,4.595296687123676804e+01,4.595296687123676804e+01,4.595296687123676804e+01,4.595296687123676804e+01,4.581896729484208919e+01,4.595296687123676804e+01,4.595296687123676804e+01,4.595296687123676804e+01,4.595296687123676804e+01,4.595296687123676804e+01,4.595296687123676804e+01,4.595296687123676804e+01,4.595296687123676804e+01,4.595296687123676804e+01,4.595296687123676804e+01,4.595296687123676804e+01,4.595296687123676804e+01,4.595296687123676804e+01,4.599327547853819453e+01,4.599327547853819453e+01,4.595296687123676804e+01,4.599327547853819453e+01,4.599327547853819453e+01,4.599327547853819453e+01,4.599327547853819453e+01,4.599327547853819453e+01,4.599327547853819453e+01,4.599327547853819453e+01,4.599327547853819453e+01,4.599327547853819453e+01,4.599327547853819453e+01,4.599327547853819453e+01,4.599327547853819453e+01,4.599327547853819453e+01,4.599327547853819453e+01,4.599327547853819453e+01,4.599327547853819453e+01,4.599327547853819453e+01,4.599327547853819453e+01,4.599327547853819453e+01,4.599327547853819453e+01,4.599327547853819453e+01,4.599327547853819453e+01,4.599327547853819453e+01,4.599327547853819453e+01,4.599327547853819453e+01,4.599327547853819453e+01,4.599327547853819453e+01,4.599327547853819453e+01,4.599327547853819453e+01,4.599327547853819453e+01,4.601126274422747997e+01,4.599327547853819453e+01,4.599327547853819453e+01,4.599327547853819453e+01,4.599327547853819453e+01,4.603310997872122101e+01,4.603310997872122101e+01,4.603310997872122101e+01,4.620601224113374883e+01,4.603310997872122101e+01,4.603310997872122101e+01,4.620601224113374883e+01,4.627356125921561159e+01,4.620601224113374883e+01,4.620601224113374883e+01,4.624638412418808997e+01,4.620601224113374883e+01,4.624638412418808997e+01,4.648376572167961029e+01,4.648376572167961029e+01,4.648376572167961029e+01,4.624638412418808997e+01,4.648376572167961029e+01,4.648376572167961029e+01,4.648376572167961029e+01,4.648376572167961029e+01,4.648376572167961029e+01,4.648376572167961029e+01,4.648376572167961029e+01,4.648376572167961029e+01,4.648376572167961029e+01,4.648376572167961029e+01,4.648376572167961029e+01,4.648376572167961029e+01,4.648376572167961029e+01,4.648376572167961029e+01,4.648376572167961029e+01,4.648376572167961029e+01,4.648376572167961029e+01,4.652204810190789885e+01,4.648376572167961029e+01,4.648376572167961029e+01,4.648376572167961029e+01,4.669346235739692474e+01,4.675769198883622835e+01,4.675769198883622835e+01,4.675769198883622835e+01,4.692754582100537419e+01,4.669346235739692474e+01,4.692754582100537419e+01,4.688961418390600500e+01,4.692754582100537419e+01,4.692754582100537419e+01,4.692754582100537419e+01,4.692754582100537419e+01,4.703276608072655307e+01,4.692754582100537419e+01,4.692754582100537419e+01,4.692754582100537419e+01,4.692754582100537419e+01,4.675769198883622835e+01,4.688961418390600500e+01,4.692754582100537419e+01,4.692754582100537419e+01,4.688961418390600500e+01,4.716124057593841457e+01,4.692754582100537419e+01,4.692754582100537419e+01,4.716124057593841457e+01,4.716124057593841457e+01,4.716124057593841457e+01,4.716124057593841457e+01,4.716124057593841457e+01,4.716124057593841457e+01,4.716124057593841457e+01,4.716124057593841457e+01,4.716124057593841457e+01,4.716124057593841457e+01,4.716124057593841457e+01,4.716124057593841457e+01,4.716124057593841457e+01,4.716124057593841457e+01,4.736463525882550840e+01,4.716124057593841457e+01,4.716124057593841457e+01,4.717752434684067708e+01,4.719717676512470916e+01,4.716124057593841457e+01,4.732780680558394693e+01,4.736463525882550840e+01,4.736463525882550840e+01,4.736463525882550840e+01,4.732780680558394693e+01,4.736463525882550840e+01,4.736463525882550840e+01,4.736463525882550840e+01,4.736463525882550840e+01,4.736463525882550840e+01,4.759532662849206019e+01,4.759532662849206019e+01,4.759532662849206019e+01,4.759532662849206019e+01,4.759532662849206019e+01,4.759532662849206019e+01,4.782551264588828133e+01,4.759532662849206019e+01,4.782551264588828133e+01,4.782551264588828133e+01,4.798845423775549790e+01,4.798845423775549790e+01,4.798845423775549790e+01,4.798845423775549790e+01,4.798845423775549790e+01,4.802315141249238195e+01,4.802315141249238195e+01,4.798845423775549790e+01,4.798845423775549790e+01,4.802315141249238195e+01,4.798845423775549790e+01,4.802315141249238195e+01,4.802315141249238195e+01,4.802315141249238195e+01,4.802315141249238195e+01,4.802315141249238195e+01,4.802315141249238195e+01,4.802315141249238195e+01,4.802315141249238195e+01,4.825061177276123914e+01,4.802315141249238195e+01,4.825061177276123914e+01,4.841136624667481669e+01,4.841136624667481669e+01,4.841136624667481669e+01,4.841136624667481669e+01,4.841136624667481669e+01,4.841136624667481669e+01,4.844489849506967261e+01,4.841136624667481669e+01,4.844489849506967261e+01,4.844489849506967261e+01,4.844489849506967261e+01,4.844489849506967261e+01,4.844489849506967261e+01,4.844489849506967261e+01,4.844489849506967261e+01,4.866985381973222502e+01,4.844489849506967261e+01,4.866985381973222502e+01,4.866985381973222502e+01,4.866985381973222502e+01,4.882844175670847875e+01,4.882844175670847875e+01,4.882844175670847875e+01,4.882844175670847875e+01,4.882844175670847875e+01,4.882844175670847875e+01,4.882844175670847875e+01,4.882844175670847875e+01,4.882844175670847875e+01,4.886075201274143609e+01,4.882844175670847875e+01,4.882844175670847875e+01,4.886075201274143609e+01,4.905168935782665329e+01,4.886075201274143609e+01,4.908341182767143351e+01,4.908341182767143351e+01,4.905168935782665329e+01,4.908341182767143351e+01,4.923985427625670752e+01,4.908341182767143351e+01,4.923985427625670752e+01,4.923985427625670752e+01,4.923985427625670752e+01,4.923985427625670752e+01,4.923985427625670752e+01,4.923985427625670752e+01,4.946091160846533086e+01,4.946091160846533086e+01,4.946091160846533086e+01,4.946091160846533086e+01,4.942618773967570434e+01,4.964577637653695064e+01,4.956111288144810345e+01,4.964577637653695064e+01,4.962882181618146404e+01,4.964577637653695064e+01,4.979832500086615710e+01,4.964577637653695064e+01,4.964577637653695064e+01,4.979832500086615710e+01,4.964577637653695064e+01,5.001650054350348995e+01,5.001650054350348995e+01,5.001650054350348995e+01,5.001650054350348995e+01,5.001650054350348995e+01,5.001650054350348995e+01,5.001650054350348995e+01,5.001650054350348995e+01,5.001650054350348995e+01,5.001650054350348995e+01,5.004637903532432119e+01,5.004637903532432119e+01,5.004637903532432119e+01,5.001650054350348995e+01,5.023402963256521758e+01,5.001650054350348995e+01,5.026359091958184422e+01,5.026359091958184422e+01,5.026359091958184422e+01,5.033113622845256430e+01,5.041322502902446701e+01,5.041322502902446701e+01,5.041322502902446701e+01,5.041322502902446701e+01,5.041322502902446701e+01,5.041322502902446701e+01,5.041322502902446701e+01,5.041322502902446701e+01,5.041322502902446701e+01,5.062898477593599011e+01,5.062898477593599011e+01,5.065736447484724181e+01,5.062898477593599011e+01,5.062898477593599011e+01,5.065736447484724181e+01,5.065736447484724181e+01,5.065736447484724181e+01,5.080498031839807282e+01,5.080498031839807282e+01,5.080498031839807282e+01,5.065736447484724181e+01,5.080498031839807282e+01,5.101911659137732613e+01,5.080498031839807282e+01,5.080498031839807282e+01,5.101911659137732613e+01,5.101911659137732613e+01,5.101911659137732613e+01,5.101911659137732613e+01,5.101911659137732613e+01,5.101911659137732613e+01,5.101911659137732613e+01,5.116430933183659135e+01,5.101911659137732613e+01,5.101911659137732613e+01,5.104630093410559510e+01,5.137703604484641318e+01,5.126012883084809602e+01,5.116430933183659135e+01,5.140456979989134112e+01,5.137703604484641318e+01,5.140456979989134112e+01,5.140456979989134112e+01,5.158900382221780490e+01,5.161651945601747826e+01,5.161651945601747826e+01,5.161651945601747826e+01,5.175909760823116557e+01,5.161651945601747826e+01,5.161651945601747826e+01,5.175909760823116557e+01,5.175909760823116557e+01,5.175909760823116557e+01,5.175909760823116557e+01,5.175909760823116557e+01,5.177116473538077912e+01,5.178548642668649649e+01,5.196960453114281364e+01,5.199605458237399347e+01,5.199605458237399347e+01,5.199605458237399347e+01,5.196960453114281364e+01,5.199605458237399347e+01,5.199605458237399347e+01,5.212220624468699270e+01,5.213676038470599394e+01,5.213676038470599394e+01,5.234591370472308824e+01,5.213676038470599394e+01,5.213676038470599394e+01,5.213676038470599394e+01,5.234591370472308824e+01,5.234591370472308824e+01,5.234591370472308824e+01,5.234591370472308824e+01,5.234591370472308824e+01,5.234591370472308824e+01,5.248444319657702550e+01,5.240844286734861868e+01,5.269217543921337921e+01,5.248444319657702550e+01,5.248444319657702550e+01,5.269217543921337921e+01,5.248444319657702550e+01,5.271805297712437977e+01,5.269217543921337921e+01,5.271805297712437977e+01,5.271805297712437977e+01,5.269217543921337921e+01,5.271805297712437977e+01,5.269217543921337921e+01,5.271805297712437977e+01,5.287940819902421907e+01,5.285477711601550510e+01,5.285477711601550510e+01,5.306127058484538850e+01,5.306127058484538850e+01,5.308614135461947825e+01,5.308614135461947825e+01,5.297254327527792128e+01,5.329201709398347475e+01,5.308614135461947825e+01,5.308614135461947825e+01,5.329201709398347475e+01,5.329201709398347475e+01,5.342642029671836212e+01,5.329201709398347475e+01,5.342642029671836212e+01,5.342642029671836212e+01,5.342642029671836212e+01,5.345029507349161690e+01,5.363084829889417904e+01,5.363084829889417904e+01,5.363084829889417904e+01,5.364192860915478889e+01,5.363084829889417904e+01,5.365505350946008178e+01,5.365505350946008178e+01,5.365505350946008178e+01,5.387934287472490524e+01,5.378773401721802117e+01,5.378773401721802117e+01,5.378773401721802117e+01,5.399104894375675912e+01,5.401433847426712731e+01,5.399104894375675912e+01,5.399104894375675912e+01,5.399104894375675912e+01,5.399104894375675912e+01,5.401433847426712731e+01,5.401433847426712731e+01,5.399104894375675912e+01,5.401433847426712731e+01,5.410570175940942761e+01,5.434758525419280062e+01,5.414531852676399382e+01,5.423646023609403954e+01,5.421710743290708479e+01,5.434758525419280062e+01,5.434758525419280062e+01,5.434758525419280062e+01,5.434758525419280062e+01,5.435785586063486363e+01,5.434758525419280062e+01,5.434758525419280062e+01,5.436997546251106428e+01,5.447666976651321136e+01,5.457171889508085627e+01,5.454886505865007251e+01,5.449927784826821409e+01,5.470055500043488905e+01,5.470055500043488905e+01,5.470055500043488905e+01,5.470055500043488905e+01,5.470055500043488905e+01,5.470055500043488905e+01,5.470055500043488905e+01,5.470055500043488905e+01,5.472206518301702260e+01,5.484971316690226217e+01,5.490080570701419305e+01,5.502782395741355259e+01,5.490080570701419305e+01,5.502782395741355259e+01,5.502782395741355259e+01,5.505005342175124383e+01,5.502782395741355259e+01,5.524932528937621612e+01,5.524932528937621612e+01,5.524932528937621612e+01,5.524932528937621612e+01,5.524932528937621612e+01,5.542426729384307293e+01,5.524932528937621612e+01,5.524932528937621612e+01,5.522658103764312187e+01,5.537476161315478862e+01,5.557253333924312244e+01,5.557253333924312244e+01,5.550393521062967750e+01,5.557253333924312244e+01,5.557253333924312244e+01,5.557253333924312244e+01,5.557253333924312244e+01,5.557253333924312244e+01,5.557253333924312244e+01,5.557253333924312244e+01,5.557253333924312244e+01,5.579173111488657355e+01,5.559451128174247714e+01,5.579173111488657355e+01,5.591521698080349978e+01,5.591521698080349978e+01,5.579173111488657355e+01,5.591521698080349978e+01,5.591521698080349978e+01,5.591521698080349978e+01,5.591521698080349978e+01,5.591521698080349978e+01,5.611089412705896962e+01,5.600341458121183535e+01,5.611089412705896962e+01,5.611089412705896962e+01,5.611089412705896962e+01,5.612089975415783982e+01,5.613273063717218747e+01,5.618778051645082883e+01,5.623272268989430245e+01,5.623272268989430245e+01,5.623272268989430245e+01,5.625471299779101031e+01,5.613273063717218747e+01,5.644944308061696603e+01,5.625471299779101031e+01,5.625471299779101031e+01,5.644944308061696603e+01,5.644944308061696603e+01,5.644944308061696603e+01,5.644944308061696603e+01,5.644944308061696603e+01,5.644944308061696603e+01,5.656980320138630702e+01,5.644944308061696603e+01,5.644944308061696603e+01,5.644944308061696603e+01,5.659110026102221269e+01,5.644944308061696603e+01,5.656980320138630702e+01,5.656980320138630702e+01,5.667847090457375003e+01,5.678491641487489261e+01,5.678491641487489261e+01,5.656980320138630702e+01,5.676298620943755679e+01,5.678491641487489261e+01,5.678491641487489261e+01,5.678491641487489261e+01,5.690383017064432636e+01,5.678491641487489261e+01,5.697748942145815221e+01,5.678491641487489261e+01,5.704073609028530001e+01,5.699865920586157131e+01,5.711738723179500710e+01,5.692445545515946037e+01,5.711738723179500710e+01,5.709609007525382651e+01,5.711738723179500710e+01,5.711738723179500710e+01,5.711738723179500710e+01,5.709609007525382651e+01,5.711738723179500710e+01,5.711738723179500710e+01,5.711738723179500710e+01,5.730903315538337495e+01,5.730903315538337495e+01,5.730903315538337495e+01,5.730903315538337495e+01,5.723487695353461646e+01,5.730903315538337495e+01,5.730903315538337495e+01,5.749938391588955966e+01,5.742624234015848828e+01,5.744692668099601462e+01,5.744692668099601462e+01,5.744692668099601462e+01,5.752064502303494464e+01,5.763767167154073690e+01,5.763767167154073690e+01,5.763767167154073690e+01,5.763767167154073690e+01,5.765766018377582469e+01,5.763767167154073690e+01,5.764684115259907315e+01,5.765766018377582469e+01,5.765766018377582469e+01,5.765766018377582469e+01,5.782537811155627594e+01,5.763767167154073690e+01,5.777360395125302261e+01,5.777360395125302261e+01,5.765766018377582469e+01,5.788831339108390495e+01,5.782707961810869790e+01,5.788831339108390495e+01,5.784779248639272708e+01,5.784779248639272708e+01,5.807796358807441095e+01,5.807796358807441095e+01,5.807796358807441095e+01,5.807796358807441095e+01,5.796347133342139557e+01,5.807796358807441095e+01,5.807796358807441095e+01,5.807796358807441095e+01,5.807796358807441095e+01,5.807796358807441095e+01,5.807796358807441095e+01,5.807796358807441095e+01,5.807796358807441095e+01,5.828649676182757133e+01,5.826622207917033336e+01,5.807796358807441095e+01,5.809748626871333244e+01,5.827551373554054237e+01,5.828649676182757133e+01,5.828649676182757133e+01,5.828649676182757133e+01,5.828649676182757133e+01,5.828649676182757133e+01,5.828649676182757133e+01,5.839966387866387265e+01,5.830538944537573087e+01,5.839966387866387265e+01,5.839966387866387265e+01,5.828649676182757133e+01,5.839966387866387265e+01,5.833757078888551462e+01,5.833757078888551462e+01,5.839966387866387265e+01,5.839966387866387265e+01,5.839966387866387265e+01,5.839966387866387265e+01,5.858705650446748336e+01,5.858705650446748336e+01,5.858705650446748336e+01,5.858705650446748336e+01,5.858705650446748336e+01,5.858705650446748336e+01,5.860681083361402699e+01,5.860681083361402699e+01,5.858705650446748336e+01,5.862518886833348120e+01,5.860681083361402699e+01,5.860681083361402699e+01,5.862518886833348120e+01,5.860681083361402699e+01,5.860681083361402699e+01,5.862518886833348120e+01,5.860681083361402699e+01,5.860681083361402699e+01,5.879352260942786756e+01,5.860681083361402699e+01,5.862518886833348120e+01,5.881270753442029076e+01,5.881270753442029076e+01,5.881270753442029076e+01,5.879352260942786756e+01,5.862518886833348120e+01,5.881270753442029076e+01,5.881270753442029076e+01,5.881270753442029076e+01,5.881270753442029076e+01,5.879352260942786756e+01,5.881270753442029076e+01,5.881270753442029076e+01,5.881270753442029076e+01,5.881270753442029076e+01,5.881270753442029076e+01,5.881270753442029076e+01,5.899873398001311386e+01,5.899873398001311386e+01,5.899873398001311386e+01,5.899873398001311386e+01,5.883052364838115267e+01,5.899873398001311386e+01,5.911032458072832441e+01,5.881270753442029076e+01,5.899873398001311386e+01,5.899873398001311386e+01,5.901738339195726724e+01,5.911032458072832441e+01,5.911891238434402140e+01,5.904908899304096082e+01,5.912904026315664652e+01,5.912904026315664652e+01,5.912904026315664652e+01,5.912904026315664652e+01,5.901738339195726724e+01,5.912904026315664652e+01,5.912904026315664652e+01,5.912904026315664652e+01,5.912904026315664652e+01,5.931418818550498173e+01,5.933239895542334352e+01,5.944281769688152650e+01,5.944281769688152650e+01,5.944281769688152650e+01,5.945973691899553870e+01,5.945973691899553870e+01,5.944281769688152650e+01,5.945973691899553870e+01,5.945973691899553870e+01,5.945973691899553870e+01,5.945973691899553870e+01,5.964489341270354572e+01,5.945973691899553870e+01,5.945973691899553870e+01,5.945973691899553870e+01,5.945973691899553870e+01,5.964489341270354572e+01,5.945973691899553870e+01,5.964489341270354572e+01,5.966135076074803578e+01,5.966135076074803578e+01,5.966135076074803578e+01,5.964489341270354572e+01,5.966135076074803578e+01,5.966135076074803578e+01,5.966135076074803578e+01,5.966135076074803578e+01,5.966135076074803578e+01,5.966135076074803578e+01,5.966135076074803578e+01,5.966135076074803578e+01,5.966135076074803578e+01,5.966135076074803578e+01,5.966135076074803578e+01,5.966135076074803578e+01,5.966135076074803578e+01,5.966135076074803578e+01,5.966135076074803578e+01,5.967644103915800713e+01,5.966135076074803578e+01,5.966135076074803578e+01,5.966135076074803578e+01,5.966135076074803578e+01,5.966831246937915267e+01,5.967644103915800713e+01,5.966135076074803578e+01,5.966831246937915267e+01,5.966135076074803578e+01,5.966135076074803578e+01,5.966135076074803578e+01,5.967644103915800713e+01,5.966135076074803578e+01,5.966135076074803578e+01,5.967644103915800713e+01,5.967644103915800713e+01,5.967644103915800713e+01,5.967644103915800713e+01,5.967644103915800713e+01,5.967644103915800713e+01,5.967644103915800713e+01,5.967644103915800713e+01,5.967644103915800713e+01,5.979947614354446017e+01,5.978573708519213170e+01,5.967644103915800713e+01,5.978573708519213170e+01,5.969013265627288689e+01,5.978573708519213170e+01,5.969013265627288689e+01,5.978573708519213170e+01,5.979947614354446017e+01,5.979947614354446017e+01,5.978573708519213170e+01,5.978573708519213170e+01,5.979947614354446017e+01,5.979947614354446017e+01,5.979209456444294091e+01,5.979947614354446017e+01,5.998571780606214787e+01,5.998571780606214787e+01,5.979947614354446017e+01,5.997099431913791534e+01,5.998571780606214787e+01,5.998571780606214787e+01,5.998571780606214787e+01,5.979947614354446017e+01,5.979947614354446017e+01,5.979947614354446017e+01,5.998571780606214787e+01,5.998571780606214787e+01,5.998571780606214787e+01,5.998571780606214787e+01,5.998571780606214787e+01,5.998571780606214787e+01,5.998571780606214787e+01,5.998571780606214787e+01,5.999189530660905945e+01,5.998571780606214787e+01,5.998571780606214787e+01,5.998571780606214787e+01,5.999906272107715210e+01,5.999906272107715210e+01,5.998571780606214787e+01,5.999906272107715210e+01,5.999906272107715210e+01,5.999906272107715210e+01,5.998571780606214787e+01,5.998571780606214787e+01,5.999906272107715210e+01,5.999906272107715210e+01,5.999906272107715210e+01,5.999906272107715210e+01,5.999906272107715210e+01,5.999906272107715210e+01,5.999906272107715210e+01,5.999906272107715210e+01,5.999906272107715210e+01,5.999906272107715210e+01,5.999906272107715210e+01,5.999906272107715210e+01,6.000461071532367185e+01,5.999906272107715210e+01,5.999906272107715210e+01,6.001100122631422096e+01,6.001100122631422096e+01,5.999906272107715210e+01,5.999906272107715210e+01,6.001100122631422096e+01,6.001100122631422096e+01,5.999906272107715210e+01,6.001100122631422096e+01,6.001100122631422096e+01,5.999906272107715210e+01,6.019759607707418780e+01,6.001100122631422096e+01,6.001100122631422096e+01,6.001100122631422096e+01,5.999906272107715210e+01,6.000461071532367185e+01,6.001100122631422096e+01,6.001100122631422096e+01,6.009518751545995485e+01,6.001100122631422096e+01,6.001100122631422096e+01,6.001100122631422096e+01,6.019759607707418780e+01,6.019759607707418780e+01,6.019759607707418780e+01,6.001100122631422096e+01,6.001100122631422096e+01,6.019759607707418780e+01,6.019759607707418780e+01,6.019759607707418780e+01,6.019759607707418780e+01,6.020920199317833266e+01,6.020920199317833266e+01,6.020920199317833266e+01,6.019759607707418780e+01,6.020920199317833266e+01,6.019759607707418780e+01,6.020920199317833266e+01,6.019759607707418780e+01,6.020920199317833266e+01,6.020920199317833266e+01,6.020920199317833266e+01,6.020920199317833266e+01,6.020920199317833266e+01,6.020920199317833266e+01,6.020920199317833266e+01,6.020920199317833266e+01,6.031728709515553533e+01,6.020920199317833266e+01,6.020920199317833266e+01,6.019759607707418780e+01,6.020920199317833266e+01,6.031728709515553533e+01,6.020920199317833266e+01,6.020920199317833266e+01,6.020920199317833266e+01,6.020920199317833266e+01,6.031728709515553533e+01,6.020920199317833266e+01,6.020920199317833266e+01,6.031728709515553533e+01,6.031728709515553533e+01,6.032752187517613862e+01,6.020920199317833266e+01,6.020920199317833266e+01,6.026819327862736486e+01,6.032752187517613862e+01,6.031728709515553533e+01,6.031728709515553533e+01,6.032752187517613862e+01,6.031728709515553533e+01,6.032752187517613862e+01,6.032752187517613862e+01,6.032752187517613862e+01,6.051440056544112878e+01,6.051440056544112878e+01,6.051440056544112878e+01,6.051440056544112878e+01,6.032752187517613862e+01,6.033632882730388047e+01,6.051440056544112878e+01,6.051440056544112878e+01,6.032752187517613862e+01,6.051440056544112878e+01,6.051440056544112878e+01,6.051440056544112878e+01,6.051440056544112878e+01,6.051440056544112878e+01,6.051440056544112878e+01,6.051440056544112878e+01,6.051440056544112878e+01,6.051440056544112878e+01,6.051440056544112878e+01,6.052436213009514887e+01,6.051440056544112878e+01,6.051440056544112878e+01,6.051440056544112878e+01,6.051440056544112878e+01,6.051440056544112878e+01,6.051440056544112878e+01,6.051440056544112878e+01,6.051440056544112878e+01,6.052436213009514887e+01,6.051440056544112878e+01,6.052436213009514887e+01,6.052436213009514887e+01,6.052436213009514887e+01,6.052436213009514887e+01,6.052436213009514887e+01,6.052436213009514887e+01,6.052436213009514887e+01,6.052436213009514887e+01
2.857122877499694624e+01,2.857122877499694624e+01,2.854138955264468436e+01,2.857122877499694624e+01,2.857122877499694624e+01,2.878732069083024214e+01,2.854138955264468436e+01,2.878732069083024214e+01,3.013604119385941971e+01,2.944468530141339357e+01,3.010362177708413967e+01,2.974154334395529631e+01,3.010362177708413967e+01,3.010362177708413967e+01,3.010362177708413967e+01,3.010362177708413967e+01,3.010362177708413967e+01,3.010362177708413967e+01,3.005782659779044508e+01,3.010362177708413967e+01,3.005782659779044508e+01,3.010362177708413967e+01,3.030549694955686846e+01,3.030549694955686846e+01,3.030549694955686846e+01,3.096642671902326427e+01,3.096642671902326427e+01,3.096642671902326427e+01,3.096642671902326427e+01,3.096642671902326427e+01,3.096642671902326427e+01,3.096642671902326427e+01,3.096642671902326427e+01,3.096642671902326427e+01,3.096642671902326427e+01,3.096642671902326427e+01,3.096642671902326427e+01,3.115110563185250570e+01,3.121933933674529982e+01,3.115110563185250570e+01,3.121933933674529982e+01,3.115110563185250570e+01,3.121933933674529982e+01,3.121933933674529982e+01,3.121933933674529982e+01,3.121933933674529982e+01,3.115110563185250570e+01,3.187334771521235410e+01,3.121933933674529982e+01,3.115110563185250570e+01,3.115110563185250570e+01,3.115110563185250570e+01,3.115110563185250570e+01,3.115110563185250570e+01,3.187334771521235410e+01,3.115110563185250570e+01,3.187334771521235410e+01,3.187334771521235410e+01,3.115110563185250570e+01,3.121933933674529982e+01,3.115110563185250570e+01,3.121933933674529982e+01,3.115110563185250570e+01,3.115110563185250570e+01,3.121933933674529982e+01,3.115110563185250570e+01,3.115110563185250570e+01,3.187334771521235410e+01,3.187334771521235410e+01,3.121933933674529982e+01,3.115110563185250570e+01,3.187334771521235410e+01,3.187334771521235410e+01,3.115110563185250570e+01,3.121933933674529982e+01,3.187334771521235410e+01,3.187334771521235410e+01,3.187334771521235410e+01,3.187334771521235410e+01,3.187334771521235410e+01,3.115110563185250570e+01,3.151595067141319362e+01,3.121933933674529982e+01,3.187334771521235410e+01,3.121933933674529982e+01,3.121933933674529982e+01,3.187334771521235410e+01,3.121933933674529982e+01,3.121933933674529982e+01,3.121933933674529982e+01,3.187334771521235410e+01,3.121933933674529982e+01,3.147118651209161655e+01,3.187334771521235410e+01,3.147118651209161655e+01,3.147118651209161655e+01,3.121933933674529982e+01,3.121933933674529982e+01,3.121933933674529982e+01,3.187334771521235410e+01,3.121933933674529982e+01,3.147118651209161655e+01,3.187334771521235410e+01,3.121933933674529982e+01,3.121933933674529982e+01,3.121933933674529982e+01,3.121933933674529982e+01,3.133285437888803315e+01,3.121933933674529982e+01,3.187334771521235410e+01,3.121933933674529982e+01,3.147118651209161655e+01,3.187334771521235410e+01,3.121933933674529982e+01,3.121933933674529982e+01,3.121933933674529982e+01,3.187334771521235410e+01,3.147118651209161655e+01,3.133285437888803315e+01,3.121933933674529982e+01,3.121933933674529982e+01,3.121933933674529982e+01,3.133285437888803315e+01,3.147118651209161655e+01,3.147118651209161655e+01,3.121933933674529982e+01,3.121933933674529982e+01,3.147118651209161655e+01,3.147118651209161655e+01,3.213119756847487452e+01,3.147118651209161655e+01,3.187334771521235410e+01,3.147118651209161655e+01,3.121933933674529982e+01,3.121933933674529982e+01,3.121933933674529982e+01,3.133285437888803315e+01,3.147118651209161655e+01,3.213119756847487452e+01,3.147118651209161655e+01,3.121933933674529982e+01,3.121933933674529982e+01,3.127311948742251246e+01,3.147118651209161655e+01,3.153123663771623342e+01,3.147118651209161655e+01,3.147118651209161655e+01,3.153123663771623342e+01,3.147118651209161655e+01,3.121933933674529982e+01,3.147118651209161655e+01,3.147118651209161655e+01,3.147118651209161655e+01,3.153123663771623342e+01,3.153123663771623342e+01,3.147118651209161655e+01,3.147118651209161655e+01,3.153123663771623342e+01,3.147118651209161655e+01,3.153123663771623342e+01,3.147118651209161655e+01,3.147118651209161655e+01,3.147118651209161655e+01,3.147118651209161655e+01,3.147118651209161655e+01,3.153123663771623342e+01,3.153123663771623342e+01,3.147118651209161655e+01,3.147118651209161655e+01,3.147118651209161655e+01,3.153123663771623342e+01,3.147118651209161655e+01,3.147118651209161655e+01,3.153123663771623342e+01,3.153123663771623342e+01,3.153123663771623342e+01,3.153123663771623342e+01,3.153123663771623342e+01,3.153123663771623342e+01,3.153123663771623342e+01,3.153123663771623342e+01,3.153123663771623342e+01,3.153123663771623342e+01,3.153123663771623342e+01,3.153123663771623342e+01,3.153123663771623342e+01,3.153123663771623342e+01,3.153123663771623342e+01,3.153123663771623342e+01,3.153123663771623342e+01,3.153123663771623342e+01,3.153123663771623342e+01,3.153123663771623342e+01,3.153123663771623342e+01,3.153123663771623342e+01,3.153123663771623342e+01,3.153123663771623342e+01,3.153123663771623342e+01,3.153123663771623342e+01,3.153123663771623342e+01,3.153123663771623342e+01,3.153123663771623342e+01,3.153123663771623342e+01,3.153123663771623342e+01,3.153123663771623342e+01,3.153123663771623342e+01,3.153123663771623342e+01,3.153123663771623342e+01,3.153123663771623342e+01,3.153123663771623342e+01,3.155662503546004416e+01,3.153123663771623342e+01,3.157281113879623291e+01,3.153123663771623342e+01,3.153123663771623342e+01,3.153123663771623342e+01,3.153123663771623342e+01,3.153123663771623342e+01,3.153123663771623342e+01,3.182578379830505355e+01,3.153123663771623342e+01,3.153123663771623342e+01,3.153123663771623342e+01,3.153123663771623342e+01,3.153123663771623342e+01,3.157281113879623291e+01,3.153123663771623342e+01,3.157281113879623291e+01,3.157281113879623291e+01,3.153123663771623342e+01,3.153123663771623342e+01,3.153123663771623342e+01,3.217878748690046820e+01,3.157281113879623291e+01,3.153123663771623342e+01,3.153123663771623342e+01,3.157281113879623291e+01,3.157281113879623291e+01,3.157281113879623291e+01,3.153123663771623342e+01,3.157281113879623291e+01,3.153123663771623342e+01,3.157281113879623291e+01,3.153123663771623342e+01,3.220090253479371967e+01,3.157281113879623291e+01,3.157281113879623291e+01,3.157281113879623291e+01,3.217878748690046820e+01,3.157281113879623291e+01,3.157281113879623291e+01,3.153123663771623342e+01,3.157281113879623291e+01,3.157281113879623291e+01,3.153123663771623342e+01,3.157281113879623291e+01,3.157281113879623291e+01,3.157281113879623291e+01,3.157281113879623291e+01,3.153123663771623342e+01,3.157281113879623291e+01,3.157281113879623291e+01,3.157281113879623291e+01,3.153123663771623342e+01,3.157281113879623291e+01,3.157281113879623291e+01,3.220090253479371967e+01,3.157281113879623291e+01,3.157281113879623291e+01,3.153123663771623342e+01,3.157281113879623291e+01,3.220090253479371967e+01,3.157281113879623291e+01,3.157281113879623291e+01,3.157281113879623291e+01,3.157281113879623291e+01,3.220090253479371967e+01,3.157281113879623291e+01,3.220090253479371967e+01,3.157281113879623291e+01,3.220090253479371967e+01,3.183451545730938292e+01,3.157281113879623291e+01,3.220090253479371967e+01,3.220090253479371967e+01,3.246775727945998824e+01,3.246775727945998824e+01,3.246775727945998824e+01,3.220090253479371967e+01,3.183451545730938292e+01,3.183451545730938292e+01,3.183451545730938292e+01,3.246775727945998824e+01,3.246775727945998824e+01,3.183451545730938292e+01,3.183451545730938292e+01,3.246775727945998824e+01,3.246775727945998824e+01,3.246775727945998824e+01,3.183451545730938292e+01,3.246775727945998824e+01,3.183451545730938292e+01,3.246775727945998824e+01,3.246775727945998824e+01,3.246775727945998824e+01,3.246775727945998824e+01,3.183451545730938292e+01,3.183451545730938292e+01,3.246775727945998824e+01,3.183451545730938292e+01,3.246775727945998824e+01,3.246775727945998824e+01,3.246775727945998824e+01,3.183451545730938292e+01,3.246775727945998824e+01,3.246775727945998824e+01,3.246775727945998824e+01,3.183451545730938292e+01,3.246775727945998824e+01,3.246775727945998824e+01,3.246775727945998824e+01,3.246775727945998824e+01,3.246775727945998824e+01,3.246775727945998824e+01,3.246775727945998824e+01,3.246775727945998824e+01,3.246775727945998824e+01,3.246775727945998824e+01,3.246775727945998824e+01,3.246775727945998824e+01,3.246775727945998824e+01,3.246775727945998824e+01,3.246775727945998824e+01,3.246775727945998824e+01,3.246775727945998824e+01,3.246775727945998824e+01,3.246775727945998824e+01,3.246775727945998824e+01,3.246775727945998824e+01,3.246775727945998824e+01,3.246775727945998824e+01,3.272957480149373310e+01,3.272957480149373310e+01,3.272957480149373310e+01,3.272957480149373310e+01,3.272957480149373310e+01,3.272957480149373310e+01,3.272957480149373310e+01,3.272957480149373310e+01,3.272957480149373310e+01,3.272957480149373310e+01,3.272957480149373310e+01,3.272957480149373310e+01,3.272957480149373310e+01,3.272957480149373310e+01,3.272957480149373310e+01,3.272957480149373310e+01,3.272957480149373310e+01,3.272957480149373310e+01,3.272957480149373310e+01,3.272957480149373310e+01,3.272957480149373310e+01,3.272957480149373310e+01,3.272957480149373310e+01,3.272957480149373310e+01,3.272957480149373310e+01,3.272957480149373310e+01,3.272957480149373310e+01,3.272957480149373310e+01,3.272957480149373310e+01,3.272957480149373310e+01,3.272957480149373310e+01,3.272957480149373310e+01,3.272957480149373310e+01,3.272957480149373310e+01,3.272957480149373310e+01,3.272957480149373310e+01,3.284571384829164487e+01,3.298632890951890317e+01,3.272957480149373310e+01,3.298632890951890317e+01,3.298632890951890317e+01,3.298632890951890317e+01,3.298632890951890317e+01,3.298632890951890317e+01,3.298632890951890317e+01,3.298632890951890317e+01,3.298632890951890317e+01,3.298632890951890317e+01,3.298632890951890317e+01,3.298632890951890317e+01,3.298632890951890317e+01,3.298632890951890317e+01,3.298632890951890317e+01,3.298632890951890317e+01,3.300354625899470307e+01,3.298632890951890317e+01,3.298632890951890317e+01,3.358654621835987797e+01,3.357542178037479630e+01,3.298632890951890317e+01,3.384201349376420609e+01,3.384201349376420609e+01,3.323863151472468758e+01,3.384201349376420609e+01,3.323863151472468758e+01,3.384201349376420609e+01,3.383968580053353037e+01,3.383968580053353037e+01,3.384201349376420609e+01,3.383968580053353037e+01,3.383968580053353037e+01,3.384201349376420609e+01,3.384201349376420609e+01,3.384201349376420609e+01,3.383968580053353037e+01,3.383968580053353037e+01,3.383968580053353037e+01,3.383968580053353037e+01,3.383968580053353037e+01,3.383968580053353037e+01,3.383968580053353037e+01,3.384313781594519810e+01,3.383968580053353037e+01,3.383968580053353037e+01,3.409939414756613019e+01,3.383968580053353037e+01,3.383968580053353037e+01,3.409939414756613019e+01,3.409939414756613019e+01,3.409939414756613019e+01,3.409939414756613019e+01,3.409939414756613019e+01,3.409939414756613019e+01,3.409939414756613019e+01,3.409939414756613019e+01,3.409939414756613019e+01,3.409939414756613019e+01,3.409939414756613019e+01,3.463039195552330085e+01,3.409939414756613019e+01,3.409939414756613019e+01,3.409939414756613019e+01,3.463039195552330085e+01,3.409939414756613019e+01,3.463039195552330085e+01,3.463039195552330085e+01,3.489118333957603824e+01,3.486973087638141777e+01,3.486973087638141777e+01,3.486973087638141777e+01,3.486973087638141777e+01,3.486973087638141777e+01,3.486973087638141777e+01,3.486973087638141777e+01,3.486973087638141777e+01,3.486973087638141777e+01,3.486973087638141777e+01,3.486973087638141777e+01,3.486973087638141777e+01,3.486973087638141777e+01,3.486973087638141777e+01,3.486973087638141777e+01,3.486973087638141777e+01,3.513618968617404192e+01,3.513618968617404192e+01,3.513618968617404192e+01,3.513618968617404192e+01,3.513618968617404192e+01,3.513618968617404192e+01,3.513618968617404192e+01,3.513618968617404192e+01,3.513618968617404192e+01,3.513618968617404192e+01,3.513618968617404192e+01,3.560942936590665653e+01,3.560942936590665653e+01,3.560942936590665653e+01,3.560942936590665653e+01,3.513618968617404192e+01,3.587651569309097255e+01,3.584656414322029150e+01,3.539942469009289283e+01,3.587651569309097255e+01,3.584656414322029150e+01,3.584656414322029150e+01,3.587651569309097255e+01,3.584656414322029150e+01,3.584656414322029150e+01,3.584656414322029150e+01,3.584656414322029150e+01,3.584656414322029150e+01,3.587651569309097255e+01,3.584656414322029150e+01,3.584656414322029150e+01,3.584656414322029150e+01,3.611785361461993205e+01,3.611785361461993205e+01,3.611785361461993205e+01,3.611785361461993205e+01,3.611785361461993205e+01,3.611785361461993205e+01,3.611785361461993205e+01,3.611785361461993205e+01,3.611785361461993205e+01,3.611785361461993205e+01,3.611785361461993205e+01,3.611785361461993205e+01,3.611785361461993205e+01,3.611785361461993205e+01,3.611785361461993205e+01,3.638597960207963666e+01,3.638597960207963666e+01,3.655018032453043020e+01,3.638597960207963666e+01,3.681043329199370362e+01,3.638597960207963666e+01,3.681043329199370362e+01,3.677122213655555782e+01,3.677122213655555782e+01,3.677122213655555782e+01,3.681043329199370362e+01,3.677122213655555782e+01,3.677122213655555782e+01,3.677122213655555782e+01,3.677122213655555782e+01,3.677122213655555782e+01,3.704147234614324447e+01,3.677122213655555782e+01,3.704147234614324447e+01,3.704147234614324447e+01,3.704147234614324447e+01,3.704147234614324447e+01,3.707635548508719836e+01,3.704147234614324447e+01,3.704147234614324447e+01,3.704147234614324447e+01,3.704147234614324447e+01,3.721504308153551932e+01,3.704147234614324447e+01,3.704147234614324447e+01,3.704147234614324447e+01,3.728127386960478873e+01,3.756907712891149487e+01,3.741945932619122317e+01,3.794489268671168247e+01,3.794489268671168247e+01,3.794489268671168247e+01,3.794489268671168247e+01,3.794489268671168247e+01,3.794489268671168247e+01,3.794489268671168247e+01,3.794489268671168247e+01,3.794489268671168247e+01,3.794489268671168247e+01,3.794489268671168247e+01,3.794489268671168247e+01,3.794489268671168247e+01,3.794489268671168247e+01,3.794489268671168247e+01,3.794489268671168247e+01,3.794489268671168247e+01,3.819965373609985448e+01,3.819965373609985448e+01,3.819965373609985448e+01,3.854786421138393848e+01,3.819965373609985448e+01,3.854786421138393848e+01,3.854786421138393848e+01,3.854786421138393848e+01,3.854786421138393848e+01,3.854786421138393848e+01,3.854786421138393848e+01,3.854786421138393848e+01,3.854786421138393848e+01,3.854786421138393848e+01,3.854786421138393848e+01,3.854786421138393848e+01,3.854786421138393848e+01,3.854786421138393848e+01,3.854786421138393848e+01,3.887466992034469371e+01,3.887466992034469371e+01,3.887466992034469371e+01,3.887466992034469371e+01,3.912092642429169587e+01,3.887466992034469371e+01,3.912092642429169587e+01,3.905706477369968610e+01,3.912092642429169587e+01,3.912092642429169587e+01,3.912092642429169587e+01,3.912092642429169587e+01,3.912092642429169587e+01,3.912092642429169587e+01,3.912092642429169587e+01,3.942945931941952864e+01,3.912092642429169587e+01,3.942945931941952864e+01,3.942945931941952864e+01,3.942945931941952864e+01,3.942945931941952864e+01,3.942945931941952864e+01,3.942945931941952864e+01,3.942945931941952864e+01,3.942945931941952864e+01,3.942945931941952864e+01,3.942945931941952864e+01,3.942945931941952864e+01,3.966833804059333346e+01,3.942945931941952864e+01,3.966833804059333346e+01,3.966833804059333346e+01,3.966833804059333346e+01,3.966833804059333346e+01,3.966833804059333346e+01,3.966833804059333346e+01,3.966833804059333346e+01,3.966833804059333346e+01,3.996225383750012838e+01,3.966833804059333346e+01,3.996225383750012838e+01,3.996225383750012838e+01,3.996225383750012838e+01,3.996225383750012838e+01,3.996225383750012838e+01,3.996225383750012838e+01,4.024530869820122803e+01,4.024530869820122803e+01,4.024530869820122803e+01,3.996225383750012838e+01,4.017666217756003988e+01,4.017666217756003988e+01,4.017666217756003988e+01,4.017666217756003988e+01,4.017666217756003988e+01,4.017666217756003988e+01,4.017666217756003988e+01,4.017666217756003988e+01,4.017666217756003988e+01,4.017666217756003988e+01,4.017666217756003988e+01,4.047619267294452072e+01,4.047619267294452072e+01,4.040653032212942719e+01,4.017666217756003988e+01,4.017666217756003988e+01,4.017666217756003988e+01,4.017666217756003988e+01,4.017666217756003988e+01,4.040653032212942719e+01,4.040653032212942719e+01,4.017666217756003988e+01,4.040653032212942719e+01,4.068124312732522441e+01,4.040653032212942719e+01,4.053096335402220518e+01,4.068124312732522441e+01,4.068124312732522441e+01,4.068124312732522441e+01,4.068124312732522441e+01,4.068124312732522441e+01,4.068124312732522441e+01,4.068124312732522441e+01,4.068124312732522441e+01,4.068124312732522441e+01,4.068124312732522441e+01,4.068124312732522441e+01,4.068124312732522441e+01,4.068124312732522441e+01,4.068124312732522441e+01,4.074972668397263220e+01,4.068124312732522441e+01,4.095030866086992205e+01,4.074972668397263220e+01,4.095030866086992205e+01,4.095030866086992205e+01,4.117221870543323092e+01,4.123990605691831490e+01,4.117221870543323092e+01,4.123990605691831490e+01,4.117221870543323092e+01,4.117221870543323092e+01,4.117221870543323092e+01,4.117221870543323092e+01,4.117221870543323092e+01,4.150069666101879307e+01,4.143552910829483693e+01,4.150069666101879307e+01,4.150069666101879307e+01,4.150069666101879307e+01,4.143552910829483693e+01,4.150069666101879307e+01,4.143552910829483693e+01,4.143552910829483693e+01,4.150069666101879307e+01,4.150069666101879307e+01,4.150069666101879307e+01,4.150069666101879307e+01,4.171769680501842714e+01,4.150069666101879307e+01,4.171769680501842714e+01,4.171769680501842714e+01,4.150069666101879307e+01,4.171769680501842714e+01,4.171769680501842714e+01,4.171769680501842714e+01,4.171769680501842714e+01,4.197353575067135978e+01,4.171769680501842714e+01,4.197353575067135978e+01,4.197353575067135978e+01,4.197353575067135978e+01,4.197353575067135978e+01,4.197353575067135978e+01,4.197353575067135978e+01,4.197353575067135978e+01,4.197353575067135978e+01,4.197353575067135978e+01,4.197353575067135978e+01,4.203730545362588344e+01,4.197353575067135978e+01,4.232159300239826649e+01,4.222660780084371623e+01,4.249860430751824225e+01,4.243653042564038458e+01,4.228745054792606339e+01,4.249860430751824225e+01,4.243653042564038458e+01,4.249860430751824225e+01,4.249860430751824225e+01,4.249860430751824225e+01,4.249860430751824225e+01,4.249860430751824225e+01,4.249860430751824225e+01,4.274530836786934174e+01,4.249860430751824225e+01,4.274530836786934174e+01,4.274530836786934174e+01,4.274530836786934174e+01,4.274530836786934174e+01,4.274530836786934174e+01,4.274530836786934174e+01,4.274530836786934174e+01,4.274530836786934174e+01,4.274530836786934174e+01,4.274530836786934174e+01,4.295096184077425505e+01,4.274530836786934174e+01,4.295096184077425505e+01,4.295096184077425505e+01,4.295096184077425505e+01,4.295096184077425505e+01,4.295096184077425505e+01,4.295096184077425505e+01,4.319494487164147500e+01,4.295096184077425505e+01,4.319494487164147500e+01,4.319494487164147500e+01,4.319494487164147500e+01,4.319494487164147500e+01,4.319494487164147500e+01,4.319494487164147500e+01,4.319494487164147500e+01,4.319494487164147500e+01,4.319494487164147500e+01,4.319494487164147500e+01,4.319494487164147500e+01,4.319494487164147500e+01,4.319494487164147500e+01,4.339533291935251214e+01,4.339533291935251214e+01,4.339533291935251214e+01,4.339533291935251214e+01,4.339533291935251214e+01,4.339533291935251214e+01,4.339533291935251214e+01,4.339533291935251214e+01,4.339533291935251214e+01,4.363714578610365891e+01,4.363714578610365891e+01,4.363714578610365891e+01,4.363714578610365891e+01,4.363714578610365891e+01,4.363714578610365891e+01,4.363714578610365891e+01,4.363714578610365891e+01,4.363714578610365891e+01,4.363714578610365891e+01,4.363714578610365891e+01,4.363714578610365891e+01,4.363714578610365891e+01,4.363714578610365891e+01,4.383249824637171344e+01,4.388879178962735494e+01,4.388879178962735494e+01,4.388879178962735494e+01,4.388879178962735494e+01,4.388879178962735494e+01,4.388879178962735494e+01,4.412586985863266875e+01,4.412586985863266875e+01,4.412586985863266875e+01,4.412586985863266875e+01,4.407255233170922537e+01,4.412586985863266875e+01,4.412586985863266875e+01,4.412586985863266875e+01,4.412586985863266875e+01,4.412586985863266875e+01,4.412586985863266875e+01,4.412586985863266875e+01,4.412586985863266875e+01,4.436250821388600230e+01,4.412586985863266875e+01,4.455315333423039448e+01,4.431745189444901456e+01,4.436250821388600230e+01,4.436250821388600230e+01,4.436250821388600230e+01,4.455315333423039448e+01,4.455315333423039448e+01,4.455315333423039448e+01,4.455315333423039448e+01,4.455315333423039448e+01,4.455315333423039448e+01,4.465910247174711145e+01,4.460433698147024018e+01,4.455315333423039448e+01,4.455315333423039448e+01,4.455315333423039448e+01,4.455315333423039448e+01,4.478858323299296273e+01,4.478858323299296273e+01,4.478858323299296273e+01,4.478858323299296273e+01,4.478858323299296273e+01,4.478858323299296273e+01,4.478858323299296273e+01,4.478858323299296273e+01,4.478858323299296273e+01,4.497467587324733529e+01,4.497467587324733529e+01,4.497467587324733529e+01,4.497467587324733529e+01,4.502405907326316736e+01,4.497467587324733529e+01,4.525575093694485673e+01,4.525575093694485673e+01,4.502405907326316736e+01,4.525575093694485673e+01,4.502405907326316736e+01,4.520906032472873903e+01,4.520906032472873903e+01,4.525575093694485673e+01,4.525575093694485673e+01,4.525575093694485673e+01,4.525575093694485673e+01,4.525575093694485673e+01,4.525575093694485673e+01,4.525575093694485673e+01,4.525575093694485673e+01,4.543848639677288759e+01,4.543848639677288759e+01,4.525575093694485673e+01,4.525575093694485673e+01,4.525575093694485673e+01,4.543848639677288759e+01,4.548559029492075467e+01,4.525575093694485673e+01,4.543848639677288759e+01,4.543848639677288759e+01,4.543848639677288759e+01,4.566939055802509273e+01,4.548559029492075467e+01,4.545976868932535098e+01,4.543848639677288759e+01,4.543848639677288759e+01,4.571396695229631746e+01,4.548559029492075467e+01,4.571396695229631746e+01,4.571396695229631746e+01,4.571396695229631746e+01,4.571396695229631746e+01,4.566939055802509273e+01,4.571396695229631746e+01,4.571396695229631746e+01,4.589341786180405336e+01,4.571396695229631746e+01,4.571396695229631746e+01,4.589341786180405336e+01,4.571396695229631746e+01,4.589341786180405336e+01,4.594267989096287863e+01,4.612122569122676197e+01,4.589341786180405336e+01,4.612122569122676197e+01,4.612122569122676197e+01,4.612122569122676197e+01,4.612122569122676197e+01,4.612122569122676197e+01,4.612122569122676197e+01,4.612122569122676197e+01,4.612122569122676197e+01,4.612122569122676197e+01,4.612122569122676197e+01,4.612122569122676197e+01,4.612122569122676197e+01,4.612122569122676197e+01,4.612122569122676197e+01,4.612122569122676197e+01,4.612122569122676197e+01,4.612122569122676197e+01,4.616353918253822286e+01,4.616353918253822286e+01,4.616353918253822286e+01,4.612122569122676197e+01,4.612122569122676197e+01,4.633978170991105117e+01,4.612122569122676197e+01,4.616353918253822286e+01,4.633978170991105117e+01,4.616353918253822286e+01,4.629662361818045468e+01,4.633978170991105117e+01,4.633978170991105117e+01,4.633978170991105117e+01,4.633978170991105117e+01,4.656485579963134569e+01,4.656485579963134569e+01,4.656485579963134569e+01,4.633978170991105117e+01,4.656485579963134569e+01,4.656485579963134569e+01,4.633978170991105117e+01,4.656485579963134569e+01,4.656485579963134569e+01,4.656485579963134569e+01,4.679026434752582730e+01,4.656485579963134569e+01,4.656485579963134569e+01,4.656485579963134569e+01,4.656485579963134569e+01,4.679026434752582730e+01,4.679026434752582730e+01,4.679026434752582730e+01,4.679026434752582730e+01,4.679026434752582730e+01,4.679026434752582730e+01,4.679026434752582730e+01,4.679026434752582730e+01,4.679026434752582730e+01,4.679026434752582730e+01,4.696187173923660652e+01,4.679026434752582730e+01,4.679026434752582730e+01,4.679026434752582730e+01,4.696187173923660652e+01,4.696187173923660652e+01,4.696187173923660652e+01,4.696187173923660652e+01,4.696187173923660652e+01,4.696187173923660652e+01,4.718678259007899101e+01,4.696187173923660652e+01,4.696187173923660652e+01,4.718678259007899101e+01,4.696187173923660652e+01,4.696187173923660652e+01,4.696187173923660652e+01,4.696187173923660652e+01,4.718678259007899101e+01,4.718678259007899101e+01,4.696187173923660652e+01,4.722361544106281173e+01,4.718678259007899101e+01,4.722361544106281173e+01,4.722361544106281173e+01,4.718678259007899101e+01,4.718678259007899101e+01,4.718678259007899101e+01,4.722361544106281173e+01,4.718678259007899101e+01,4.722361544106281173e+01,4.722361544106281173e+01,4.722361544106281173e+01,4.722361544106281173e+01,4.722361544106281173e+01,4.722361544106281173e+01,4.722361544106281173e+01,4.739233620259343382e+01,4.722361544106281173e+01,4.741200746507380615e+01,4.729989649376002347e+01,4.739233620259343382e+01,4.739233620259343382e+01,4.739233620259343382e+01,4.722361544106281173e+01,4.739233620259343382e+01,4.761498766102646130e+01,4.761498766102646130e+01,4.739233620259343382e+01,4.739233620259343382e+01,4.761498766102646130e+01,4.739233620259343382e+01,4.761498766102646130e+01,4.761498766102646130e+01,4.761498766102646130e+01,4.761498766102646130e+01,4.761498766102646130e+01,4.761498766102646130e+01,4.761498766102646130e+01,4.761498766102646130e+01,4.761498766102646130e+01,4.761498766102646130e+01,4.761498766102646130e+01,4.761498766102646130e+01,4.761498766102646130e+01,4.761498766102646130e+01,4.761498766102646130e+01,4.761498766102646130e+01,4.761498766102646130e+01,4.764965895929816497e+01,4.761498766102646130e+01,4.761498766102646130e+01,4.764965895929816497e+01,4.764965895929816497e+01,4.761498766102646130e+01,4.761498766102646130e+01,4.764965895929816497e+01,4.764965895929816497e+01,4.764965895929816497e+01,4.761498766102646130e+01,4.761498766102646130e+01,4.764965895929816497e+01,4.761498766102646130e+01,4.764965895929816497e+01,4.781555890839097600e+01,4.781555890839097600e+01,4.800232061389286997e+01,4.783795091769121655e+01,4.764965895929816497e+01,4.803622599421413497e+01,4.781555890839097600e+01,4.803622599421413497e+01,4.781555890839097600e+01,4.800232061389286997e+01,4.791482431020113353e+01,4.803622599421413497e+01,4.803622599421413497e+01,4.803622599421413497e+01,4.803622599421413497e+01,4.803622599421413497e+01,4.803622599421413497e+01,4.800232061389286997e+01,4.803622599421413497e+01,4.803622599421413497e+01,4.803622599421413497e+01,4.803622599421413497e+01,4.803622599421413497e+01,4.803622599421413497e+01,4.803622599421413497e+01,4.803622599421413497e+01,4.803622599421413497e+01,4.803622599421413497e+01,4.803622599421413497e+01,4.803622599421413497e+01,4.803622599421413497e+01,4.803622599421413497e+01,4.803622599421413497e+01,4.803622599421413497e+01,4.803622599421413497e+01,4.803622599421413497e+01,4.803622599421413497e+01,4.803622599421413497e+01,4.803622599421413497e+01,4.803622599421413497e+01,4.806867746605569636e+01,4.803622599421413497e+01,4.803622599421413497e+01,4.803622599421413497e+01,4.803622599421413497e+01,4.803622599421413497e+01,4.806867746605569636e+01,4.803622599421413497e+01,4.806867746605569636e+01,4.806867746605569636e+01,4.803622599421413497e+01,4.821379058925564465e+01,4.806867746605569636e+01,4.806867746605569636e+01,4.806867746605569636e+01,4.823182311534890232e+01,4.819868606114644649e+01,4.823182311534890232e+01,4.821379058925564465e+01,4.816744929130605612e+01,4.819868606114644649e+01,4.823182311534890232e+01,4.845076269986512330e+01,4.845076269986512330e+01,4.803622599421413497e+01,4.819868606114644649e+01,4.845076269986512330e+01,4.823182311534890232e+01,4.845076269986512330e+01,4.845076269986512330e+01,4.845076269986512330e+01,4.845076269986512330e+01,4.845076269986512330e+01,4.845076269986512330e+01,4.845076269986512330e+01,4.845076269986512330e+01,4.845076269986512330e+01,4.845076269986512330e+01,4.845076269986512330e+01,4.845076269986512330e+01,4.845076269986512330e+01,4.861058545534363873e+01,4.845076269986512330e+01,4.861058545534363873e+01,4.845076269986512330e+01,4.861058545534363873e+01,4.861058545534363873e+01,4.861058545534363873e+01,4.845076269986512330e+01,4.861058545534363873e+01,4.870893800310938815e+01,4.861058545534363873e+01,4.861058545534363873e+01,4.866996755725998725e+01,4.882917078040742354e+01,4.861058545534363873e+01,4.882917078040742354e+01,4.882917078040742354e+01,4.870893800310938815e+01,4.882917078040742354e+01,4.882917078040742354e+01,4.882917078040742354e+01,4.882917078040742354e+01,4.861058545534363873e+01,4.882917078040742354e+01,4.882917078040742354e+01,4.882917078040742354e+01,4.882917078040742354e+01,4.882917078040742354e+01,4.882917078040742354e+01,4.861058545534363873e+01,4.898581079630187674e+01,4.882917078040742354e+01,4.882917078040742354e+01,4.882917078040742354e+01,4.898581079630187674e+01,4.882917078040742354e+01,4.889998477232195739e+01,4.882917078040742354e+01,4.898581079630187674e+01,4.882917078040742354e+01,4.898581079630187674e+01,4.889998477232195739e+01,4.898581079630187674e+01,4.901610984769271084e+01,4.898581079630187674e+01,4.882917078040742354e+01,4.898581079630187674e+01,4.898581079630187674e+01,4.898581079630187674e+01,4.882917078040742354e+01,4.898581079630187674e+01,4.923323862191239186e+01,4.923323862191239186e+01,4.923323862191239186e+01,4.938740795266676287e+01,4.938740795266676287e+01,4.923323862191239186e+01,4.938740795266676287e+01,4.960408975483107952e+01,4.960408975483107952e+01,4.960408975483107952e+01,4.960408975483107952e+01,4.938740795266676287e+01,4.938740795266676287e+01,4.960408975483107952e+01,4.960408975483107952e+01,4.960408975483107952e+01,4.960408975483107952e+01,4.963139651619642478e+01,4.960408975483107952e+01,4.960408975483107952e+01,4.960408975483107952e+01,4.960408975483107952e+01,4.960408975483107952e+01,4.963139651619642478e+01,4.960408975483107952e+01,4.960408975483107952e+01,4.960408975483107952e+01,4.960408975483107952e+01,4.963139651619642478e+01,4.963139651619642478e+01,4.963139651619642478e+01,4.960408975483107952e+01,4.960408975483107952e+01,4.960408975483107952e+01,4.963139651619642478e+01,4.963139651619642478e+01,4.963139651619642478e+01,4.963139651619642478e+01,4.984726569508681848e+01,4.963139651619642478e+01,4.963139651619642478e+01,4.960408975483107952e+01,4.960408975483107952e+01,4.963139651619642478e+01,4.997142574818333571e+01,4.960408975483107952e+01,4.983284207337761273e+01,4.982063780721354362e+01,4.963139651619642478e+01,4.984726569508681848e+01,4.978315177534926050e+01,4.999859155742661443e+01,4.999859155742661443e+01,4.999859155742661443e+01,4.999859155742661443e+01,4.999859155742661443e+01,4.999859155742661443e+01,4.999859155742661443e+01,4.988012041292592613e+01,4.999859155742661443e+01,4.999859155742661443e+01,4.999859155742661443e+01,4.999859155742661443e+01,4.999859155742661443e+01,4.999859155742661443e+01,4.999859155742661443e+01,4.999859155742661443e+01,4.999859155742661443e+01,4.999859155742661443e+01,4.999859155742661443e+01,4.999859155742661443e+01,4.999859155742661443e+01,4.999859155742661443e+01,4.999859155742661443e+01,4.999859155742661443e+01,4.999859155742661443e+01,4.999859155742661443e+01,4.999859155742661443e+01,5.021385160568313211e+01,5.021385160568313211e+01,4.999859155742661443e+01,5.021385160568313211e+01,4.999859155742661443e+01,4.999859155742661443e+01,4.999859155742661443e+01,5.021385160568313211e+01,5.021385160568313211e+01,4.999859155742661443e+01,5.021385160568313211e+01,5.021385160568313211e+01,5.021385160568313211e+01,5.021385160568313211e+01,5.021385160568313211e+01,5.021385160568313211e+01,5.021385160568313211e+01,5.036237473668596465e+01,5.021385160568313211e+01,5.021385160568313211e+01,5.021385160568313211e+01,5.021385160568313211e+01,5.021385160568313211e+01,5.036237473668596465e+01,5.036237473668596465e+01,5.036237473668596465e+01,5.028097123658746170e+01,5.036237473668596465e+01,5.036237473668596465e+01,5.021385160568313211e+01,5.036237473668596465e+01,5.028097123658746170e+01,5.036237473668596465e+01,5.036237473668596465e+01,5.036237473668596465e+01,5.036237473668596465e+01,5.036237473668596465e+01,5.036237473668596465e+01,5.038765302709953886e+01,5.038765302709953886e+01,5.036237473668596465e+01,5.036237473668596465e+01,5.036237473668596465e+01,5.038765302709953886e+01,5.036237473668596465e+01,5.036237473668596465e+01,5.036237473668596465e+01,5.036237473668596465e+01,5.038765302709953886e+01,5.038765302709953886e+01,5.038765302709953886e+01,5.036237473668596465e+01,5.060178972599320701e+01,5.038765302709953886e+01,5.038765302709953886e+01,5.038765302709953886e+01,5.038765302709953886e+01,5.038765302709953886e+01,5.036237473668596465e+01,5.036237473668596465e+01,5.060178972599320701e+01,5.060178972599320701e+01,5.060178972599320701e+01,5.060178972599320701e+01,5.060178972599320701e+01,5.060178972599320701e+01,5.057691187704224944e+01,5.060178972599320701e+01,5.038765302709953886e+01,5.060178972599320701e+01,5.053428445302402139e+01,5.060178972599320701e+01,5.060178972599320701e+01,5.060178972599320701e+01,5.060178972599320701e+01,5.060178972599320701e+01,5.060178972599320701e+01,5.060178972599320701e+01,5.060178972599320701e+01,5.074809328936277097e+01,5.060178972599320701e+01,5.060178972599320701e+01,5.074809328936277097e+01,5.074809328936277097e+01,5.074809328936277097e+01,5.074809328936277097e+01,5.074809328936277097e+01,5.074809328936277097e+01,5.074809328936277097e+01,5.074809328936277097e+01,5.074809328936277097e+01,5.060178972599320701e+01,5.074809328936277097e+01,5.074809328936277097e+01,5.074809328936277097e+01,5.074809328936277097e+01,5.074809328936277097e+01,5.074809328936277097e+01,5.074809328936277097e+01,5.074809328936277097e+01,5.074809328936277097e+01,5.074809328936277097e+01,5.077149565783630436e+01,5.074809328936277097e+01,5.074809328936277097e+01,5.074809328936277097e+01,5.074809328936277097e+01,5.096150981298502103e+01,5.074809328936277097e+01,5.074809328936277097e+01,5.074809328936277097e+01,5.074809328936277097e+01,5.084418125552478074e+01,5.074809328936277097e+01,5.077149565783630436e+01,5.096150981298502103e+01,5.098465921131517575e+01,5.074809328936277097e+01,5.074809328936277097e+01,5.074809328936277097e+01,5.096150981298502103e+01,5.083677864585234119e+01,5.097216955795375526e+01,5.098465921131517575e+01,5.101175693431865454e+01,5.098465921131517575e+01,5.098465921131517575e+01,5.091590700415361681e+01,5.112878777477681780e+01,5.110520957856329005e+01,5.112878777477681780e+01,5.112878777477681780e+01,5.112878777477681780e+01,5.112878777477681780e+01,5.110520957856329005e+01,5.112878777477681780e+01,5.112878777477681780e+01,5.112878777477681780e+01,5.112878777477681780e+01,5.112878777477681780e+01,5.112878777477681780e+01,5.112878777477681780e+01,5.112878777477681780e+01,5.112878777477681780e+01,5.112878777477681780e+01,5.112878777477681780e+01,5.112878777477681780e+01,5.112878777477681780e+01,5.112878777477681780e+01,5.112878777477681780e+01,5.112878777477681780e+01,5.112878777477681780e+01,5.112878777477681780e+01,5.134122252811717857e+01,5.134122252811717857e+01,5.134122252811717857e+01,5.112878777477681780e+01
3.826394383019798795e+01,3.804736299428346769e+01,3.755915726566009027e+01,3.826394383019798795e+01,3.804736299428346769e+01,3.815963523846182426e+01,3.815963523846182426e+01,3.815963523846182426e+01,3.815963523846182426e+01,3.815963523846182426e+01,3.768845955350285237e+01,3.768845955350285237e+01,3.768845955350285237e+01,3.768845955350285237e+01,3.768845955350285237e+01,3.780834363260745334e+01,3.768845955350285237e+01,3.780834363260745334e+01,3.780834363260745334e+01,3.780834363260745334e+01,3.768845955350285237e+01,3.780834363260745334e+01,3.780834363260745334e+01,3.780834363260745334e+01,3.780834363260745334e+01,3.780834363260745334e+01,3.780834363260745334e+01,3.780834363260745334e+01,3.780834363260745334e+01,3.780834363260745334e+01,3.780834363260745334e+01,3.780834363260745334e+01,3.780834363260745334e+01,3.780834363260745334e+01,3.780834363260745334e+01,3.780834363260745334e+01,3.780834363260745334e+01,3.780834363260745334e+01,3.780834363260745334e+01,3.780834363260745334e+01,3.780834363260745334e+01,3.780834363260745334e+01,3.780834363260745334e+01,3.780834363260745334e+01,3.780834363260745334e+01,3.780834363260745334e+01,3.780834363260745334e+01,3.780834363260745334e+01,3.780834363260745334e+01,3.780834363260745334e+01,3.780834363260745334e+01,3.780834363260745334e+01,3.780834363260745334e+01,3.780834363260745334e+01,3.780834363260745334e+01,3.780834363260745334e+01,3.780834363260745334e+01,3.780834363260745334e+01,3.780834363260745334e+01,3.780834363260745334e+01,3.731386303194361176e+01,3.780834363260745334e+01,3.780834363260745334e+01,3.780834363260745334e+01,3.754170211111670596e+01,3.731386303194361176e+01,3.731386303194361176e+01,3.731386303194361176e+01,3.731386303194361176e+01,3.731386303194361176e+01,3.731386303194361176e+01,3.731386303194361176e+01,3.731386303194361176e+01,3.731386303194361176e+01,3.731386303194361176e+01,3.731386303194361176e+01,3.731386303194361176e+01,3.731386303194361176e+01,3.731386303194361176e+01,3.731386303194361176e+01,3.731386303194361176e+01,3.731386303194361176e+01,3.731386303194361176e+01,3.731386303194361176e+01,3.731386303194361176e+01,3.731386303194361176e+01,3.731386303194361176e+01,3.731386303194361176e+01,3.731386303194361176e+01,3.731386303194361176e+01,3.731386303194361176e+01,3.731386303194361176e+01,3.731386303194361176e+01,3.731386303194361176e+01,3.731386303194361176e+01,3.731386303194361176e+01,3.731386303194361176e+01,3.731386303194361176e+01,3.731386303194361176e+01,3.731386303194361176e+01,3.731386303194361176e+01,3.731386303194361176e+01,3.731386303194361176e+01,3.731386303194361176e+01,3.731386303194361176e+01,3.731386303194361176e+01,3.731386303194361176e+01,3.731386303194361176e+01,3.731386303194361176e+01,3.731386303194361176e+01,3.731386303194361176e+01,3.744136844211386972e+01,3.731386303194361176e+01,3.744136844211386972e+01,3.731386303194361176e+01,3.692156782733539444e+01,3.692156782733539444e+01,3.744136844211386972e+01,3.731386303194361176e+01,3.731386303194361176e+01,3.744136844211386972e+01,3.744136844211386972e+01,3.692156782733539444e+01,3.731386303194361176e+01,3.731386303194361176e+01,3.744136844211386972e+01,3.744136844211386972e+01,3.716085358861371191e+01,3.692156782733539444e+01,3.692156782733539444e+01,3.692156782733539444e+01,3.677940853019445910e+01,3.692156782733539444e+01,3.692156782733539444e+01,3.744136844211386972e+01,3.744136844211386972e+01,3.692156782733539444e+01,3.692156782733539444e+01,3.692156782733539444e+01,3.692156782733539444e+01,3.692156782733539444e+01,3.692156782733539444e+01,3.692156782733539444e+01,3.692156782733539444e+01,3.692156782733539444e+01,3.692156782733539444e+01,3.692156782733539444e+01,3.692156782733539444e+01,3.716085358861371191e+01,3.692156782733539444e+01,3.714053044951523219e+01,3.692156782733539444e+01,3.714053044951523219e+01,3.692156782733539444e+01,3.692156782733539444e+01,3.692156782733539444e+01,3.692156782733539444e+01,3.692156782733539444e+01,3.692156782733539444e+01,3.714053044951523219e+01,3.692156782733539444e+01,3.714053044951523219e+01,3.692156782733539444e+01,3.692156782733539444e+01,3.692156782733539444e+01,3.692156782733539444e+01,3.705622372043012547e+01,3.714053044951523219e+01,3.705622372043012547e+01,3.699682240735961614e+01,3.705622372043012547e+01,3.692156782733539444e+01,3.705622372043012547e+01,3.692156782733539444e+01,3.705622372043012547e+01,3.692156782733539444e+01,3.705622372043012547e+01,3.705622372043012547e+01,3.728108623109905295e+01,3.705622372043012547e+01,3.705622372043012547e+01,3.705622372043012547e+01,3.705622372043012547e+01,3.705622372043012547e+01,3.650962693469876541e+01,3.650962693469876541e+01,3.705622372043012547e+01,3.728108623109905295e+01,3.728108623109905295e+01,3.676078989663360375e+01,3.705622372043012547e+01,3.650962693469876541e+01,3.705622372043012547e+01,3.672810247765681879e+01,3.650962693469876541e+01,3.650962693469876541e+01,3.650962693469876541e+01,3.650962693469876541e+01,3.650962693469876541e+01,3.650962693469876541e+01,3.650962693469876541e+01,3.650962693469876541e+01,3.650962693469876541e+01,3.650962693469876541e+01,3.665024353647341115e+01,3.665024353647341115e+01,3.665024353647341115e+01,3.665024353647341115e+01,3.665024353647341115e+01,3.665024353647341115e+01,3.665024353647341115e+01,3.665024353647341115e+01,3.665024353647341115e+01,3.665024353647341115e+01,3.665024353647341115e+01,3.665024353647341115e+01,3.665024353647341115e+01,3.665024353647341115e+01,3.633936667674034027e+01,3.607642951775102347e+01,3.678013954015419529e+01,3.678013954015419529e+01,3.607642951775102347e+01,3.607642951775102347e+01,3.678013954015419529e+01,3.622093207478235399e+01,3.622093207478235399e+01,3.622093207478235399e+01,3.622093207478235399e+01,3.622093207478235399e+01,3.622093207478235399e+01,3.622093207478235399e+01,3.622093207478235399e+01,3.622093207478235399e+01,3.622093207478235399e+01,3.622093207478235399e+01,3.622093207478235399e+01,3.622093207478235399e+01,3.622093207478235399e+01,3.635624182819447014e+01,3.622093207478235399e+01,3.622093207478235399e+01,3.622093207478235399e+01,3.635624182819447014e+01,3.622093207478235399e+01,3.622093207478235399e+01,3.635624182819447014e+01,3.576659103533211237e+01,3.635624182819447014e+01,3.635624182819447014e+01,3.635624182819447014e+01,3.576659103533211237e+01,3.576659103533211237e+01,3.576659103533211237e+01,3.576659103533211237e+01,3.554053436206653771e+01,3.554053436206653771e+01,3.567313724464419522e+01,3.576659103533211237e+01,3.567313724464419522e+01,3.590387648864130909e+01,3.567313724464419522e+01,3.590387648864130909e+01,3.567313724464419522e+01,3.567313724464419522e+01,3.576659103533211237e+01,3.567313724464419522e+01,3.567313724464419522e+01,3.567313724464419522e+01,3.567313724464419522e+01,3.567313724464419522e+01,3.506235530960790925e+01,3.567313724464419522e+01,3.506235530960790925e+01,3.519433089670200587e+01,3.506235530960790925e+01,3.506235530960790925e+01,3.519433089670200587e+01,3.519433089670200587e+01,3.519433089670200587e+01,3.519433089670200587e+01,3.519433089670200587e+01,3.519433089670200587e+01,3.519433089670200587e+01,3.519433089670200587e+01,3.519433089670200587e+01,3.519433089670200587e+01,3.519433089670200587e+01,3.519433089670200587e+01,3.519433089670200587e+01,3.519433089670200587e+01,3.531286644225315996e+01,3.531286644225315996e+01,3.531286644225315996e+01,3.445346605998783218e+01,3.403459640681889198e+01,3.415438678129175543e+01,3.409930150807780791e+01,3.392156732882213532e+01,3.415438678129175543e+01,3.387050613665635268e+01,3.392156732882213532e+01,3.392156732882213532e+01,3.392156732882213532e+01,3.392156732882213532e+01,3.392156732882213532e+01,3.392156732882213532e+01,3.392156732882213532e+01,3.402338770396519152e+01,3.392156732882213532e+01,3.402338770396519152e+01,3.402338770396519152e+01,3.332064065258800412e+01,3.336769601655721118e+01,3.336769601655721118e+01,3.336769601655721118e+01,3.336769601655721118e+01,3.336769601655721118e+01,3.336769601655721118e+01,3.342105942607849300e+01,3.346058639680431668e+01,3.279699638690047436e+01,3.346058639680431668e+01,3.279699638690047436e+01,3.279699638690047436e+01,3.346058639680431668e+01,3.279699638690047436e+01,3.279699638690047436e+01,3.279699638690047436e+01,3.255571070507632214e+01,3.255571070507632214e+01,3.255571070507632214e+01,3.255571070507632214e+01,3.255571070507632214e+01,3.255571070507632214e+01,3.255571070507632214e+01,3.263539050101891803e+01,3.263539050101891803e+01,3.263539050101891803e+01,3.263539050101891803e+01,3.263539050101891803e+01,3.263539050101891803e+01,3.263539050101891803e+01,3.263539050101891803e+01,3.263539050101891803e+01,3.196898301680606380e+01,3.227009037813409265e+01,3.263539050101891803e+01,3.196898301680606380e+01,3.196898301680606380e+01,3.196898301680606380e+01,3.209305634905410187e+01,3.203980872708779515e+01,3.203980872708779515e+01,3.207148559200154381e+01,3.209305634905410187e+01,3.209305634905410187e+01,3.209305634905410187e+01,3.209305634905410187e+01,3.209305634905410187e+01,3.209305634905410187e+01,3.209305634905410187e+01,3.209305634905410187e+01,3.209305634905410187e+01,3.209305634905410187e+01,3.209305634905410187e+01,3.212615700183385314e+01,3.209305634905410187e+01,3.121929465412592108e+01,3.148324682089348414e+01,3.148324682089348414e+01,3.121929465412592108e+01,3.121929465412592108e+01,3.121929465412592108e+01,3.121929465412592108e+01,3.148324682089348414e+01,3.121929465412592108e+01,3.121929465412592108e+01,3.121929465412592108e+01,3.121929465412592108e+01,3.124398016623058894e+01,3.124398016623058894e+01,3.121929465412592108e+01,3.124398016623058894e+01,3.124398016623058894e+01,3.124398016623058894e+01,3.124398016623058894e+01,3.124398016623058894e+01,3.124398016623058894e+01,3.124398016623058894e+01,3.124398016623058894e+01,3.124398016623058894e+01,3.059866673810615367e+01,3.059866673810615367e+01,3.059866673810615367e+01,3.124398016623058894e+01,3.059866673810615367e+01,3.059866673810615367e+01,3.062140391237938175e+01,3.062140391237938175e+01,2.994597950155943877e+01,2.997716329096749277e+01,2.997716329096749277e+01,2.997716329096749277e+01,2.997716329096749277e+01,2.997716329096749277e+01,2.997716329096749277e+01,2.997716329096749277e+01,2.997716329096749277e+01,2.997716329096749277e+01,2.997716329096749277e+01,2.997716329096749277e+01,2.997716329096749277e+01,2.997716329096749277e+01,2.997716329096749277e+01,2.999824681285001304e+01,2.999824681285001304e+01,2.999824681285001304e+01,2.999824681285001304e+01,2.999824681285001304e+01,2.999824681285001304e+01,2.999824681285001304e+01,2.999824681285001304e+01,2.999824681285001304e+01,2.999824681285001304e+01,2.999824681285001304e+01,2.999824681285001304e+01,2.999824681285001304e+01,2.999824681285001304e+01,2.999824681285001304e+01,2.999824681285001304e+01,2.999824681285001304e+01,2.935889067253078366e+01,2.935889067253078366e+01,2.935889067253078366e+01,2.937887816324246160e+01,2.935889067253078366e+01,2.937887816324246160e+01,2.935889067253078366e+01,2.937887816324246160e+01,2.937887816324246160e+01,2.937887816324246160e+01,2.937887816324246160e+01,2.908805596022391882e+01,2.937887816324246160e+01,2.937887816324246160e+01,2.939370515498708158e+01,2.937887816324246160e+01,2.939370515498708158e+01,2.939370515498708158e+01,2.937887816324246160e+01,2.939370515498708158e+01,2.939370515498708158e+01,2.939370515498708158e+01,2.939370515498708158e+01,2.922535176610522001e+01,2.939370515498708158e+01,2.939370515498708158e+01,2.939370515498708158e+01,2.939370515498708158e+01,2.908805596022391882e+01,2.939370515498708158e+01,2.939370515498708158e+01,2.939370515498708158e+01,2.939370515498708158e+01,2.939370515498708158e+01,2.939370515498708158e+01,2.939370515498708158e+01,2.908805596022391882e+01,2.908805596022391882e+01,2.908805596022391882e+01,2.908805596022391882e+01,2.909275478835920126e+01,2.908805596022391882e+01,2.908805596022391882e+01,2.909275478835920126e+01,2.908805596022391882e+01,2.939370515498708158e+01,2.940619760387465575e+01,2.940619760387465575e+01,2.909275478835920126e+01,2.909275478835920126e+01,2.846712663690611578e+01,2.940619760387465575e+01,2.940619760387465575e+01,2.923350461504185205e+01,2.909907802689834000e+01,2.909907802689834000e+01,2.941924797638870004e+01,2.909275478835920126e+01,2.878441006782246347e+01,2.880197690328738958e+01,2.909907802689834000e+01,2.941924797638870004e+01,2.909907802689834000e+01,2.909907802689834000e+01,2.880197690328738958e+01,2.880197690328738958e+01,2.909907802689834000e+01,2.909907802689834000e+01,2.909907802689834000e+01,2.909907802689834000e+01,2.880197690328738958e+01,2.880197690328738958e+01,2.880197690328738958e+01,2.880197690328738958e+01,2.880197690328738958e+01,2.880197690328738958e+01,2.880197690328738958e+01,2.880197690328738958e+01,2.880197690328738958e+01,2.880197690328738958e+01,2.847653146709021144e+01,2.880197690328738958e+01,2.880197690328738958e+01,2.847653146709021144e+01,2.880197690328738958e+01,2.880197690328738958e+01,2.880197690328738958e+01,2.880197690328738958e+01,2.880197690328738958e+01,2.880197690328738958e+01,2.880197690328738958e+01,2.880197690328738958e+01,2.880197690328738958e+01,2.880197690328738958e+01,2.880197690328738958e+01,2.880197690328738958e+01,2.880197690328738958e+01,2.880197690328738958e+01,2.880197690328738958e+01,2.880197690328738958e+01,2.880197690328738958e+01,2.880197690328738958e+01,2.880197690328738958e+01,2.880197690328738958e+01,2.880197690328738958e+01,2.880197690328738958e+01,2.880197690328738958e+01,2.880197690328738958e+01,2.880197690328738958e+01,2.880197690328738958e+01,2.880197690328738958e+01,2.882240479041933057e+01,2.880197690328738958e+01,2.882240479041933057e+01,2.880197690328738958e+01,2.880197690328738958e+01,2.882240479041933057e+01,2.880197690328738958e+01,2.880197690328738958e+01,2.880197690328738958e+01,2.882240479041933057e+01,2.882240479041933057e+01,2.882240479041933057e+01,2.880197690328738958e+01,2.882240479041933057e+01,2.880197690328738958e+01,2.882240479041933057e+01,2.882240479041933057e+01,2.882240479041933057e+01,2.882240479041933057e+01,2.882240479041933057e+01,2.882240479041933057e+01,2.882240479041933057e+01,2.882240479041933057e+01,2.882240479041933057e+01,2.882240479041933057e+01,2.882240479041933057e+01,2.882240479041933057e+01,2.882240479041933057e+01,2.882240479041933057e+01,2.882240479041933057e+01,2.882240479041933057e+01,2.882240479041933057e+01,2.882240479041933057e+01,2.882240479041933057e+01,2.882240479041933057e+01,2.882240479041933057e+01,2.882240479041933057e+01,2.882240479041933057e+01,2.882240479041933057e+01,2.882240479041933057e+01,2.882240479041933057e+01,2.882240479041933057e+01,2.882240479041933057e+01,2.882240479041933057e+01,2.882240479041933057e+01,2.882240479041933057e+01,2.882240479041933057e+01,2.882240479041933057e+01,2.882240479041933057e+01,2.882240479041933057e+01,2.882240479041933057e+01,2.882240479041933057e+01,2.882240479041933057e+01,2.882240479041933057e+01,2.882240479041933057e+01,2.882240479041933057e+01,2.882240479041933057e+01,2.882240479041933057e+01,2.882240479041933057e+01,2.882240479041933057e+01,2.882240479041933057e+01,2.915606994325373691e+01,2.882240479041933057e+01,2.915606994325373691e+01,2.882240479041933057e+01,2.882240479041933057e+01,2.915606994325373691e+01,2.915606994325373691e+01,2.915606994325373691e+01,2.915606994325373691e+01,2.915606994325373691e+01,2.915606994325373691e+01,2.915606994325373691e+01,2.915606994325373691e+01,2.915606994325373691e+01,2.915606994325373691e+01,2.915606994325373691e+01,2.915606994325373691e+01,2.915606994325373691e+01,2.915606994325373691e+01,2.915606994325373691e+01,2.915606994325373691e+01,2.915606994325373691e+01,2.915606994325373691e+01,2.915606994325373691e+01,2.915606994325373691e+01,2.915606994325373691e+01,2.915606994325373691e+01,2.882240479041933057e+01,2.882240479041933057e+01,2.882240479041933057e+01,2.882240479041933057e+01,2.915606994325373691e+01,2.915606994325373691e+01,2.882240479041933057e+01,2.882240479041933057e+01,2.915606994325373691e+01,2.882240479041933057e+01,2.915606994325373691e+01,2.915606994325373691e+01,2.976302055348153175e+01,2.915606994325373691e+01,2.915606994325373691e+01,2.915606994325373691e+01,2.915606994325373691e+01,2.915606994325373691e+01,2.915606994325373691e+01,2.915606994325373691e+01,2.976302055348153175e+01,2.915606994325373691e+01,2.918638791991784487e+01,2.915606994325373691e+01,2.915606994325373691e+01,2.915606994325373691e+01,2.918638791991784487e+01,2.918638791991784487e+01,2.918638791991784487e+01,2.918638791991784487e+01,2.918638791991784487e+01,2.918638791991784487e+01,2.976302055348153175e+01,2.978677876725038232e+01,2.918638791991784487e+01,2.978677876725038232e+01,2.978677876725038232e+01,2.978677876725038232e+01,2.978677876725038232e+01,2.978677876725038232e+01,2.978677876725038232e+01,2.918638791991784487e+01,2.918638791991784487e+01,2.918638791991784487e+01,2.978677876725038232e+01,2.918638791991784487e+01,2.978677876725038232e+01,2.978677876725038232e+01,2.978677876725038232e+01,2.978677876725038232e+01,2.978677876725038232e+01,2.978677876725038232e+01,2.978677876725038232e+01,2.978677876725038232e+01,2.978677876725038232e+01,2.978677876725038232e+01,2.978677876725038232e+01,2.978677876725038232e+01,2.978677876725038232e+01,2.978677876725038232e+01,2.978677876725038232e+01,2.978677876725038232e+01,2.978677876725038232e+01,2.978677876725038232e+01,3.070109502439942162e+01,2.978677876725038232e+01,3.037470967712546610e+01,3.037470967712546610e+01,3.070109502439942162e+01,3.037470967712546610e+01,3.037470967712546610e+01,3.070109502439942162e+01,3.070109502439942162e+01,3.070109502439942162e+01,3.070109502439942162e+01,3.070109502439942162e+01,3.070109502439942162e+01,3.070109502439942162e+01,3.070109502439942162e+01,3.070109502439942162e+01,3.070109502439942162e+01,3.070109502439942162e+01,3.070109502439942162e+01,3.070109502439942162e+01,3.070109502439942162e+01,3.070109502439942162e+01,3.070109502439942162e+01,3.070109502439942162e+01,3.070109502439942162e+01,3.070109502439942162e+01,3.070109502439942162e+01,3.070109502439942162e+01,3.070109502439942162e+01,3.070109502439942162e+01,3.070109502439942162e+01,3.070109502439942162e+01,3.070109502439942162e+01,3.070109502439942162e+01,3.070109502439942162e+01,3.070109502439942162e+01,3.070109502439942162e+01,3.070109502439942162e+01,3.070109502439942162e+01,3.070109502439942162e+01,3.070109502439942162e+01,3.070109502439942162e+01,3.070109502439942162e+01,3.070109502439942162e+01,3.070109502439942162e+01,3.070109502439942162e+01,3.070109502439942162e+01,3.070109502439942162e+01,3.070109502439942162e+01,3.070109502439942162e+01,3.070109502439942162e+01,3.070109502439942162e+01,3.126268962221219283e+01,3.070109502439942162e+01,3.070109502439942162e+01,3.126268962221219283e+01,3.126268962221219283e+01,3.070109502439942162e+01,3.126268962221219283e+01,3.126268962221219283e+01,3.158344079172214336e+01,3.158344079172214336e+01,3.158344079172214336e+01,3.126268962221219283e+01,3.158344079172214336e+01,3.158344079172214336e+01,3.158344079172214336e+01,3.158344079172214336e+01,3.158344079172214336e+01,3.158344079172214336e+01,3.158344079172214336e+01,3.158344079172214336e+01,3.158344079172214336e+01,3.158344079172214336e+01,3.159030419396659539e+01,3.158344079172214336e+01,3.158344079172214336e+01,3.158344079172214336e+01,3.159030419396659539e+01,3.158344079172214336e+01,3.158344079172214336e+01,3.158344079172214336e+01,3.159030419396659539e+01,3.158344079172214336e+01,3.158344079172214336e+01,3.159030419396659539e+01,3.158344079172214336e+01,3.158344079172214336e+01,3.158344079172214336e+01,3.211451730858374987e+01,3.210932646594635997e+01,3.158344079172214336e+01,3.159030419396659539e+01,3.158344079172214336e+01,3.158344079172214336e+01,3.158344079172214336e+01,3.211451730858374987e+01,3.211451730858374987e+01,3.158344079172214336e+01,3.211451730858374987e+01,3.211451730858374987e+01,3.159030419396659539e+01,3.211451730858374987e+01,3.211451730858374987e+01,3.210932646594635997e+01,3.210932646594635997e+01,3.211451730858374987e+01,3.211451730858374987e+01,3.211451730858374987e+01,3.211451730858374987e+01,3.211451730858374987e+01,3.211451730858374987e+01,3.210932646594635997e+01,3.242932180475141735e+01,3.242932180475141735e+01,3.242932180475141735e+01,3.211451730858374987e+01,3.242932180475141735e+01,3.243172013724505121e+01,3.242932180475141735e+01,3.242932180475141735e+01,3.242932180475141735e+01,3.242932180475141735e+01,3.242396281321991580e+01,3.242932180475141735e+01,3.242932180475141735e+01,3.242932180475141735e+01,3.242932180475141735e+01,3.242932180475141735e+01,3.242932180475141735e+01,3.242932180475141735e+01,3.242672591991878761e+01,3.242932180475141735e+01,3.242932180475141735e+01,3.242932180475141735e+01,3.242932180475141735e+01,3.242932180475141735e+01,3.242932180475141735e+01,3.242932180475141735e+01,3.242932180475141735e+01,3.242932180475141735e+01,3.243172013724505121e+01,3.243172013724505121e+01,3.242932180475141735e+01,3.242932180475141735e+01,3.242932180475141735e+01,3.242932180475141735e+01,3.242932180475141735e+01,3.242932180475141735e+01,3.242932180475141735e+01,3.242932180475141735e+01,3.242932180475141735e+01,3.242932180475141735e+01,3.242932180475141735e+01,3.242932180475141735e+01,3.242932180475141735e+01,3.242932180475141735e+01,3.274343984073654212e+01,3.242932180475141735e+01,3.242932180475141735e+01,3.274343984073654212e+01,3.274343984073654212e+01,3.274343984073654212e+01,3.274343984073654212e+01,3.274343984073654212e+01,3.274343984073654212e+01,3.274343984073654212e+01,3.274343984073654212e+01,3.274343984073654212e+01,3.274343984073654212e+01,3.323638051241760394e+01,3.323638051241760394e+01,3.274446839286156319e+01,3.323638051241760394e+01,3.323638051241760394e+01,3.323638051241760394e+01,3.323638051241760394e+01,3.323638051241760394e+01,3.323638051241760394e+01,3.323638051241760394e+01,3.323638051241760394e+01,3.323638051241760394e+01,3.323638051241760394e+01,3.323638051241760394e+01,3.323638051241760394e+01,3.323638051241760394e+01,3.323638051241760394e+01,3.323638051241760394e+01,3.323638051241760394e+01,3.323638051241760394e+01,3.323638051241760394e+01,3.323638051241760394e+01,3.323638051241760394e+01,3.323638051241760394e+01,3.323638051241760394e+01,3.323638051241760394e+01,3.323638051241760394e+01,3.323638051241760394e+01,3.323638051241760394e+01,3.323638051241760394e+01,3.323638051241760394e+01,3.323638051241760394e+01,3.354327756888174150e+01,3.354327756888174150e+01,3.354327756888174150e+01,3.354327756888174150e+01,3.354327756888174150e+01,3.354327756888174150e+01,3.354327756888174150e+01,3.354327756888174150e+01,3.354327756888174150e+01,3.354327756888174150e+01,3.354327756888174150e+01,3.354327756888174150e+01,3.354327756888174150e+01,3.354327756888174150e+01,3.354327756888174150e+01,3.354327756888174150e+01,3.354327756888174150e+01,3.354327756888174150e+01,3.354327756888174150e+01,3.354327756888174150e+01,3.354327756888174150e+01,3.354327756888174150e+01,3.354327756888174150e+01,3.354327756888174150e+01,3.354327756888174150e+01,3.354327756888174150e+01,3.354327756888174150e+01,3.354327756888174150e+01,3.354327756888174150e+01,3.354327756888174150e+01,3.354327756888174150e+01,3.354327756888174150e+01,3.354327756888174150e+01,3.354327756888174150e+01,3.354327756888174150e+01,3.354327756888174150e+01,3.354327756888174150e+01,3.400415293910653247e+01,3.354327756888174150e+01,3.384743985987546466e+01,3.400415293910653247e+01,3.430304041651835689e+01,3.384743985987546466e+01,3.400415293910653247e+01,3.430304041651835689e+01,3.430304041651835689e+01,3.430304041651835689e+01,3.430304041651835689e+01,3.430304041651835689e+01,3.430304041651835689e+01,3.430304041651835689e+01,3.430304041651835689e+01,3.430304041651835689e+01,3.430304041651835689e+01,3.430304041651835689e+01,3.473379007051460121e+01,3.430304041651835689e+01,3.430304041651835689e+01,3.430304041651835689e+01,3.430304041651835689e+01,3.430304041651835689e+01,3.430304041651835689e+01,3.430304041651835689e+01,3.430304041651835689e+01,3.473379007051460121e+01,3.473379007051460121e+01,3.473379007051460121e+01,3.473379007051460121e+01,3.473379007051460121e+01,3.473379007051460121e+01,3.473379007051460121e+01,3.473379007051460121e+01,3.473379007051460121e+01,3.473379007051460121e+01,3.473379007051460121e+01,3.473379007051460121e+01,3.473379007051460121e+01,3.473379007051460121e+01,3.473379007051460121e+01,3.473379007051460121e+01,3.473379007051460121e+01,3.473379007051460121e+01,3.473379007051460121e+01,3.473379007051460121e+01,3.473379007051460121e+01,3.502396594306780742e+01,3.473379007051460121e+01,3.502396594306780742e+01,3.502396594306780742e+01,3.502396594306780742e+01,3.502396594306780742e+01,3.502396594306780742e+01,3.502396594306780742e+01,3.502396594306780742e+01,3.502396594306780742e+01,3.542765698615357906e+01,3.502396594306780742e+01,3.542765698615357906e+01,3.502396594306780742e+01,3.542765698615357906e+01,3.542765698615357906e+01,3.542765698615357906e+01,3.542765698615357906e+01,3.542765698615357906e+01,3.542765698615357906e+01,3.542765698615357906e+01,3.542765698615357906e+01,3.542765698615357906e+01,3.542765698615357906e+01,3.542765698615357906e+01,3.542765698615357906e+01,3.542765698615357906e+01,3.542765698615357906e+01,3.542765698615357906e+01,3.542765698615357906e+01,3.542765698615357906e+01,3.542765698615357906e+01,3.542765698615357906e+01,3.542765698615357906e+01,3.542765698615357906e+01,3.542765698615357906e+01,3.542765698615357906e+01,3.542765698615357906e+01,3.570868434543253045e+01,3.542765698615357906e+01,3.542765698615357906e+01,3.542765698615357906e+01,3.570868434543253045e+01,3.570868434543253045e+01,3.570868434543253045e+01,3.570868434543253045e+01,3.570868434543253045e+01,3.570868434543253045e+01,3.570868434543253045e+01,3.570868434543253045e+01,3.608884441244557451e+01,3.570868434543253045e+01,3.608884441244557451e+01,3.608884441244557451e+01,3.608884441244557451e+01,3.608884441244557451e+01,3.608884441244557451e+01,3.608884441244557451e+01,3.608884441244557451e+01,3.608884441244557451e+01,3.608884441244557451e+01,3.608884441244557451e+01,3.608884441244557451e+01,3.608884441244557451e+01,3.608884441244557451e+01,3.608884441244557451e+01,3.614287025302090939e+01,3.608884441244557451e+01,3.608884441244557451e+01,3.608884441244557451e+01,3.608884441244557451e+01,3.608884441244557451e+01,3.608884441244557451e+01,3.608884441244557451e+01,3.608884441244557451e+01,3.608884441244557451e+01,3.608884441244557451e+01,3.608884441244557451e+01,3.608884441244557451e+01,3.608884441244557451e+01,3.636060278317075500e+01,3.608884441244557451e+01,3.608884441244557451e+01,3.608884441244557451e+01,3.636060278317075500e+01,3.636060278317075500e+01,3.608884441244557451e+01,3.636060278317075500e+01,3.672071336158793997e+01,3.636060278317075500e+01,3.652442570834463709e+01,3.636060278317075500e+01,3.636060278317075500e+01,3.672071336158793997e+01,3.672071336158793997e+01,3.672071336158793997e+01,3.672071336158793997e+01,3.672071336158793997e+01,3.672071336158793997e+01,3.672071336158793997e+01,3.672071336158793997e+01,3.672071336158793997e+01,3.672071336158793997e+01,3.672071336158793997e+01,3.672071336158793997e+01,3.672071336158793997e+01,3.672071336158793997e+01,3.672071336158793997e+01,3.672071336158793997e+01,3.672071336158793997e+01,3.672071336158793997e+01,3.672071336158793997e+01,3.672071336158793997e+01,3.672071336158793997e+01,3.672071336158793997e+01,3.678030164582585115e+01,3.672071336158793997e+01,3.672071336158793997e+01,3.672071336158793997e+01,3.672071336158793997e+01,3.678030164582585115e+01,3.672071336158793997e+01,3.678030164582585115e+01,3.672071336158793997e+01,3.672071336158793997e+01,3.672071336158793997e+01,3.672071336158793997e+01,3.724024353201333781e+01,3.726942220733497635e+01,3.672071336158793997e+01,3.746024022654858499e+01,3.678030164582585115e+01,3.724024353201333781e+01,3.758040377538226551e+01,3.724024353201333781e+01,3.758040377538226551e+01,3.724024353201333781e+01,3.758040377538226551e+01,3.758040377538226551e+01,3.758040377538226551e+01,3.758040377538226551e+01,3.758040377538226551e+01,3.758040377538226551e+01,3.764637295143007378e+01,3.758040377538226551e+01,3.764637295143007378e+01,3.758040377538226551e+01,3.758040377538226551e+01,3.758040377538226551e+01,3.758040377538226551e+01,3.758040377538226551e+01,3.758040377538226551e+01,3.758040377538226551e+01,3.758040377538226551e+01,3.758040377538226551e+01,3.764637295143007378e+01,3.758040377538226551e+01,3.758040377538226551e+01,3.758040377538226551e+01,3.764637295143007378e+01,3.758040377538226551e+01,3.758040377538226551e+01,3.758040377538226551e+01,3.797547181704019437e+01,3.764637295143007378e+01,3.797547181704019437e+01,3.790945055558601950e+01,3.790945055558601950e+01,3.790945055558601950e+01,3.790945055558601950e+01,3.790945055558601950e+01,3.790945055558601950e+01,3.797547181704019437e+01,3.790945055558601950e+01,3.790945055558601950e+01,3.815491730880447818e+01,3.790945055558601950e+01,3.822326976706631285e+01,3.822326976706631285e+01,3.822326976706631285e+01,3.815491730880447818e+01,3.815491730880447818e+01,3.822326976706631285e+01,3.822326976706631285e+01,3.822326976706631285e+01,3.822326976706631285e+01,3.853950365004423873e+01,3.853950365004423873e+01,3.853950365004423873e+01,3.853950365004423873e+01,3.853950365004423873e+01,3.853950365004423873e+01,3.860787178512195084e+01,3.853950365004423873e+01,3.860787178512195084e+01,3.860787178512195084e+01,3.860787178512195084e+01,3.860787178512195084e+01,3.884961710527875312e+01,3.915391758329599980e+01,3.915391758329599980e+01,3.891770127306004667e+01,3.884961710527875312e+01,3.915391758329599980e+01,3.915391758329599980e+01,3.915391758329599980e+01,3.915391758329599980e+01,3.915391758329599980e+01,3.915391758329599980e+01,3.915391758329599980e+01,3.915391758329599980e+01,3.915391758329599980e+01,3.915391758329599980e+01,3.915391758329599980e+01,3.915391758329599980e+01,3.915391758329599980e+01,3.915391758329599980e+01,3.915391758329599980e+01,3.915391758329599980e+01,3.915391758329599980e+01,3.915391758329599980e+01,3.915391758329599980e+01,3.915391758329599980e+01,3.915391758329599980e+01,3.915391758329599980e+01,3.915391758329599980e+01,3.915391758329599980e+01,3.915391758329599980e+01,3.915391758329599980e+01,3.915391758329599980e+01,3.915391758329599980e+01,3.915391758329599980e+01,3.915391758329599980e+01,3.915391758329599980e+01,3.915391758329599980e+01,3.915391758329599980e+01,3.915391758329599980e+01,3.925995129806825190e+01,3.915391758329599980e+01,3.915391758329599980e+01,3.915391758329599980e+01,3.915391758329599980e+01,3.915391758329599980e+01,3.938793081536228868e+01,3.938793081536228868e+01,3.968266011388544712e+01,3.938793081536228868e+01,3.938793081536228868e+01,3.968266011388544712e+01,3.968266011388544712e+01,3.968266011388544712e+01,3.968266011388544712e+01,3.968266011388544712e+01,3.968266011388544712e+01,3.968266011388544712e+01,3.968266011388544712e+01,3.968266011388544712e+01,3.968266011388544712e+01,3.968266011388544712e+01,3.968266011388544712e+01,3.968266011388544712e+01,3.968266011388544712e+01,3.968266011388544712e+01,3.968266011388544712e+01,3.968266011388544712e+01,3.968266011388544712e+01,3.968266011388544712e+01,3.968266011388544712e+01,3.968266011388544712e+01,3.968266011388544712e+01,3.968266011388544712e+01,3.968266011388544712e+01,3.968266011388544712e+01,3.968266011388544712e+01,3.968266011388544712e+01,3.968266011388544712e+01,3.997093475909289140e+01,3.997093475909289140e+01,3.968266011388544712e+01,3.968266011388544712e+01,3.997093475909289140e+01,3.997093475909289140e+01,3.968266011388544712e+01,3.997093475909289140e+01,3.997093475909289140e+01,4.019621172027542144e+01,3.997093475909289140e+01,3.997093475909289140e+01,4.019621172027542144e+01,3.997093475909289140e+01,4.019621172027542144e+01,4.019621172027542144e+01,4.019621172027542144e+01,4.019621172027542144e+01,4.019621172027542144e+01,4.019621172027542144e+01,4.019621172027542144e+01,4.019621172027542144e+01,4.019621172027542144e+01,4.019621172027542144e+01,4.019621172027542144e+01,4.019621172027542144e+01,4.019621172027542144e+01,4.026585633503484019e+01,4.019621172027542144e+01,4.026585633503484019e+01,4.019621172027542144e+01,4.019621172027542144e+01,4.019621172027542144e+01,4.019621172027542144e+01,4.019621172027542144e+01,4.019621172027542144e+01,4.019621172027542144e+01,4.019621172027542144e+01,4.019621172027542144e+01,4.019621172027542144e+01,4.026585633503484019e+01,4.019621172027542144e+01,4.019621172027542144e+01,4.019621172027542144e+01,4.019621172027542144e+01,4.019621172027542144e+01,4.019621172027542144e+01,4.019621172027542144e+01,4.019621172027542144e+01,4.047762856399452858e+01,4.019621172027542144e+01,4.047762856399452858e+01,4.047762856399452858e+01,4.047762856399452858e+01,4.047762856399452858e+01,4.076503714688473679e+01,4.047762856399452858e+01,4.047762856399452858e+01,4.047762856399452858e+01,4.069635775739168082e+01,4.069635775739168082e+01,4.069635775739168082e+01,4.069635775739168082e+01,4.069635775739168082e+01,4.069635775739168082e+01,4.069635775739168082e+01,4.069635775739168082e+01,4.069635775739168082e+01,4.069635775739168082e+01,4.069635775739168082e+01,4.069635775739168082e+01,4.069635775739168082e+01,4.069635775739168082e+01,4.069635775739168082e+01,4.069635775739168082e+01,4.069635775739168082e+01,4.069635775739168082e+01,4.069635775739168082e+01,4.069635775739168082e+01,4.069635775739168082e+01,4.069635775739168082e+01,4.069635775739168082e+01,4.097205539639737992e+01,4.097205539639737992e+01,4.097205539639737992e+01,4.097205539639737992e+01,4.097205539639737992e+01,4.097205539639737992e+01,4.097205539639737992e+01,4.097205539639737992e+01,4.097205539639737992e+01,4.097205539639737992e+01,4.097205539639737992e+01,4.097205539639737992e+01,4.097205539639737992e+01,4.103787135952926945e+01,4.103787135952926945e+01,4.113482655318747305e+01,4.103787135952926945e+01,4.103787135952926945e+01,4.097205539639737992e+01,4.103787135952926945e+01,4.125194502580581002e+01,4.125194502580581002e+01,4.118460046496141302e+01,4.125194502580581002e+01,4.125194502580581002e+01,4.125194502580581002e+01,4.125194502580581002e+01,4.125194502580581002e+01,4.125194502580581002e+01,4.125194502580581002e+01,4.125194502580581002e+01,4.125194502580581002e+01,4.125194502580581002e+01,4.125194502580581002e+01,4.125194502580581002e+01,4.125194502580581002e+01,4.125194502580581002e+01,4.151981965271048836e+01,4.151981965271048836e+01,4.125194502580581002e+01,4.125194502580581002e+01,4.151981965271048836e+01,4.151981965271048836e+01,4.151981965271048836e+01,4.151981965271048836e+01,4.151981965271048836e+01,4.151981965271048836e+01,4.151981965271048836e+01,4.151981965271048836e+01,4.151981965271048836e+01,4.151981965271048836e+01,4.158517884702288114e+01,4.151981965271048836e+01,4.151981965271048836e+01,4.151981965271048836e+01,4.158517884702288114e+01,4.172795953979130701e+01,4.158517884702288114e+01,4.172795953979130701e+01,4.151981965271048836e+01,4.158517884702288114e+01,4.151981965271048836e+01,4.172795953979130701e+01,4.151981965271048836e+01
1.781772796021447292e+01,1.781772796021447292e+01,1.781772796021447292e+01,1.781772796021447292e+01,1.781772796021447292e+01,1.781772796021447292e+01,1.781772796021447292e+01,1.781772796021447292e+01,1.781772796021447292e+01,1.781772796021447292e+01,1.781772796021447292e+01,1.781772796021447292e+01,1.781772796021447292e+01,1.781772796021447292e+01,1.781772796021447292e+01,1.781772796021447292e+01,1.781772796021447292e+01,1.781772796021447292e+01,1.781772796021447292e+01,1.781772796021447292e+01,1.781772796021447292e+01,1.781772796021447292e+01,1.781772796021447292e+01,1.781772796021447292e+01,1.781772796021447292e+01,1.785502078566005935e+01,1.781772796021447292e+01,1.785502078566005935e+01,1.785502078566005935e+01,1.781772796021447292e+01,1.781772796021447292e+01,1.781772796021447292e+01,1.785502078566005935e+01,1.781772796021447292e+01,1.781772796021447292e+01,1.783590690527609723e+01,1.785502078566005935e+01,1.785502078566005935e+01,1.781772796021447292e+01,1.785502078566005935e+01,1.781772796021447292e+01,1.781772796021447292e+01,1.785502078566005935e+01,1.785502078566005935e+01,1.785502078566005935e+01,1.785502078566005935e+01,1.785502078566005935e+01,1.785502078566005935e+01,1.785502078566005935e+01,1.785502078566005935e+01,1.785502078566005935e+01,1.785502078566005935e+01,1.781772796021447292e+01,1.785502078566005935e+01,1.785502078566005935e+01,1.785502078566005935e+01,1.816691452330106316e+01,1.816691452330106316e+01,1.816691452330106316e+01,1.803369738036536418e+01,1.839576801588604482e+01,1.816691452330106316e+01,1.839576801588604482e+01,1.839576801588604482e+01,1.830680209200856368e+01,1.839576801588604482e+01,1.834118597044955834e+01,1.834118597044955834e+01,1.834118597044955834e+01,1.839576801588604482e+01,1.834118597044955834e+01,1.830680209200856368e+01,1.830680209200856368e+01,1.830680209200856368e+01,1.830680209200856368e+01,1.830680209200856368e+01,1.830680209200856368e+01,1.834118597044955834e+01,1.830680209200856368e+01,1.830680209200856368e+01,1.830680209200856368e+01,1.830680209200856368e+01,1.830680209200856368e+01,1.830680209200856368e+01,1.830680209200856368e+01,1.830680209200856368e+01,1.830680209200856368e+01,1.830680209200856368e+01,1.830680209200856368e+01,1.830680209200856368e+01,1.830680209200856368e+01,1.830680209200856368e+01,1.830680209200856368e+01,1.830680209200856368e+01,1.830680209200856368e+01,1.830680209200856368e+01,1.830680209200856368e+01,1.849838276024500061e+01,1.849838276024500061e+01,1.849838276024500061e+01,1.849838276024500061e+01,1.849838276024500061e+01,1.849838276024500061e+01,1.849838276024500061e+01,1.849838276024500061e+01,1.849838276024500061e+01,1.849838276024500061e+01,1.849838276024500061e+01,1.849838276024500061e+01,1.849838276024500061e+01,1.849838276024500061e+01,1.849838276024500061e+01,1.849838276024500061e+01,1.849838276024500061e+01,1.849838276024500061e+01,1.849838276024500061e+01,1.849838276024500061e+01,1.849838276024500061e+01,1.849838276024500061e+01,1.849838276024500061e+01,1.849838276024500061e+01,1.849838276024500061e+01,1.849838276024500061e+01,1.849838276024500061e+01,1.849838276024500061e+01,1.849838276024500061e+01,1.849838276024500061e+01,1.849838276024500061e+01,1.849838276024500061e+01,1.849838276024500061e+01,1.849838276024500061e+01,1.849838276024500061e+01,1.849838276024500061e+01,1.870801356312474439e+01,1.870801356312474439e+01,1.870801356312474439e+01,1.870801356312474439e+01,1.870801356312474439e+01,1.870801356312474439e+01,1.870801356312474439e+01,1.870801356312474439e+01,1.870801356312474439e+01,1.870801356312474439e+01,1.870801356312474439e+01,1.870801356312474439e+01,1.870801356312474439e+01,1.870801356312474439e+01,1.870801356312474439e+01,1.870801356312474439e+01,1.870801356312474439e+01,1.870801356312474439e+01,1.870801356312474439e+01,1.870801356312474439e+01,1.870801356312474439e+01,1.870801356312474439e+01,1.870801356312474439e+01,1.870801356312474439e+01,1.870801356312474439e+01,1.870801356312474439e+01,1.870801356312474439e+01,1.870801356312474439e+01,1.870801356312474439e+01,1.870801356312474439e+01,1.870801356312474439e+01,1.870801356312474439e+01,1.870801356312474439e+01,1.870801356312474439e+01,1.893561062114260807e+01,1.870801356312474439e+01,1.870801356312474439e+01,1.893561062114260807e+01,1.893561062114260807e+01,1.893561062114260807e+01,1.893561062114260807e+01,1.893561062114260807e+01,1.893561062114260807e+01,1.893561062114260807e+01,1.893561062114260807e+01,1.893561062114260807e+01,1.909113609379362586e+01,1.893561062114260807e+01,1.893561062114260807e+01,1.893561062114260807e+01,1.893561062114260807e+01,1.893561062114260807e+01,1.893561062114260807e+01,1.893561062114260807e+01,1.893561062114260807e+01,1.893561062114260807e+01,1.893561062114260807e+01,1.893561062114260807e+01,1.893561062114260807e+01,1.893561062114260807e+01,1.929177434904242716e+01,1.929177434904242716e+01,1.893561062114260807e+01,1.893561062114260807e+01,1.929177434904242716e+01,1.893561062114260807e+01,1.893561062114260807e+01,1.929177434904242716e+01,1.929177434904242716e+01,1.893561062114260807e+01,1.893561062114260807e+01,1.893561062114260807e+01,1.929177434904242716e+01,1.929177434904242716e+01,1.929177434904242716e+01,1.929177434904242716e+01,1.929177434904242716e+01,1.893561062114260807e+01,1.929177434904242716e+01,1.929177434904242716e+01,1.929177434904242716e+01,1.929177434904242716e+01,1.929177434904242716e+01,1.893561062114260807e+01,1.929177434904242716e+01,1.929177434904242716e+01,1.929177434904242716e+01,1.953573777352987051e+01,1.953573777352987051e+01,1.929177434904242716e+01,1.953573777352987051e+01,1.953573777352987051e+01,1.953573777352987051e+01,1.953573777352987051e+01,1.953573777352987051e+01,1.953573777352987051e+01,1.953573777352987051e+01,1.953573777352987051e+01,1.953573777352987051e+01,1.953573777352987051e+01,1.953573777352987051e+01,1.953573777352987051e+01,1.953573777352987051e+01,1.953573777352987051e+01,1.953573777352987051e+01,1.953573777352987051e+01,1.953573777352987051e+01,1.953573777352987051e+01,1.953573777352987051e+01,1.953573777352987051e+01,1.953573777352987051e+01,1.953573777352987051e+01,1.953573777352987051e+01,1.953573777352987051e+01,1.953573777352987051e+01,1.953573777352987051e+01,1.953573777352987051e+01,1.953573777352987051e+01,1.953573777352987051e+01,1.953573777352987051e+01,1.953573777352987051e+01,1.953573777352987051e+01,1.953573777352987051e+01,1.953573777352987051e+01,1.953573777352987051e+01,1.953573777352987051e+01,1.953573777352987051e+01,1.953573777352987051e+01,1.953573777352987051e+01,1.953573777352987051e+01,1.953573777352987051e+01,1.953573777352987051e+01,1.953573777352987051e+01,1.953573777352987051e+01,1.953573777352987051e+01,1.953573777352987051e+01,1.953573777352987051e+01,1.953573777352987051e+01,1.953573777352987051e+01,1.953573777352987051e+01,1.953573777352987051e+01,1.953573777352987051e+01,1.953573777352987051e+01,1.953573777352987051e+01,1.953573777352987051e+01,1.953573777352987051e+01,1.953573777352987051e+01,1.953573777352987051e+01,1.953573777352987051e+01,1.953573777352987051e+01,1.953573777352987051e+01,1.953573777352987051e+01,1.953573777352987051e+01,1.953573777352987051e+01,1.953573777352987051e+01,1.953573777352987051e+01,1.953573777352987051e+01,1.953573777352987051e+01,1.953573777352987051e+01,1.953573777352987051e+01,1.953573777352987051e+01,1.953573777352987051e+01,1.953573777352987051e+01,1.953573777352987051e+01,1.953573777352987051e+01,1.953573777352987051e+01,1.953573777352987051e+01,1.953573777352987051e+01,1.953573777352987051e+01,1.979740877453207304e+01,1.953573777352987051e+01,1.979740877453207304e+01,1.979740877453207304e+01,1.979740877453207304e+01,1.979740877453207304e+01,1.953573777352987051e+01,1.953573777352987051e+01,1.979740877453207304e+01,1.953573777352987051e+01,1.979740877453207304e+01,1.979740877453207304e+01,1.979740877453207304e+01,1.979740877453207304e+01,1.979740877453207304e+01,1.979740877453207304e+01,1.979740877453207304e+01,1.979740877453207304e+01,1.979740877453207304e+01,1.979740877453207304e+01,1.979740877453207304e+01,1.979740877453207304e+01,1.979740877453207304e+01,1.979740877453207304e+01,1.979740877453207304e+01,1.979740877453207304e+01,1.979740877453207304e+01,1.979740877453207304e+01,1.979740877453207304e+01,1.979740877453207304e+01,1.979740877453207304e+01,1.979740877453207304e+01,1.979740877453207304e+01,1.979740877453207304e+01,1.979740877453207304e+01,1.979740877453207304e+01,1.979740877453207304e+01,1.979740877453207304e+01,1.979740877453207304e+01,1.979740877453207304e+01,1.979740877453207304e+01,1.979740877453207304e+01,1.979740877453207304e+01,1.979740877453207304e+01,1.979740877453207304e+01,1.979740877453207304e+01,2.019071792615804029e+01,1.979740877453207304e+01,1.979740877453207304e+01,1.979740877453207304e+01,2.019071792615804029e+01,2.019071792615804029e+01,1.979740877453207304e+01,2.019071792615804029e+01,1.979740877453207304e+01,1.979740877453207304e+01,1.979740877453207304e+01,1.979740877453207304e+01,1.979740877453207304e+01,2.019071792615804029e+01,1.996918985065341445e+01,2.019071792615804029e+01,2.019071792615804029e+01,2.019071792615804029e+01,2.019071792615804029e+01,2.019071792615804029e+01,2.019071792615804029e+01,2.019071792615804029e+01,2.019071792615804029e+01,2.019071792615804029e+01,2.019071792615804029e+01,2.019071792615804029e+01,2.046738645909042020e+01,2.019071792615804029e+01,2.019071792615804029e+01,2.019071792615804029e+01,2.019071792615804029e+01,2.019071792615804029e+01,2.046738645909042020e+01,2.019071792615804029e+01,2.019071792615804029e+01,2.046738645909042020e+01,2.052925335807698559e+01,2.046738645909042020e+01,2.046738645909042020e+01,2.046738645909042020e+01,2.052925335807698559e+01,2.046738645909042020e+01,2.046738645909042020e+01,2.052925335807698559e+01,2.052925335807698559e+01,2.052925335807698559e+01,2.052925335807698559e+01,2.052925335807698559e+01,2.052925335807698559e+01,2.052925335807698559e+01,2.052925335807698559e+01,2.052925335807698559e+01,2.052925335807698559e+01,2.052925335807698559e+01,2.052925335807698559e+01,2.052925335807698559e+01,2.052925335807698559e+01,2.052925335807698559e+01,2.052925335807698559e+01,2.052925335807698559e+01,2.052925335807698559e+01,2.052925335807698559e+01,2.052925335807698559e+01,2.052925335807698559e+01,2.052925335807698559e+01,2.052925335807698559e+01,2.052925335807698559e+01,2.052925335807698559e+01,2.052925335807698559e+01,2.097760667730665318e+01,2.052925335807698559e+01,2.052925335807698559e+01,2.052925335807698559e+01,2.052925335807698559e+01,2.052925335807698559e+01,2.097760667730665318e+01,2.052925335807698559e+01,2.097760667730665318e+01,2.097760667730665318e+01,2.097760667730665318e+01,2.097760667730665318e+01,2.097760667730665318e+01,2.097760667730665318e+01,2.156297221997905922e+01,2.097760667730665318e+01,2.097760667730665318e+01,2.156297221997905922e+01,2.097760667730665318e+01,2.156297221997905922e+01,2.156297221997905922e+01,2.156297221997905922e+01,2.156297221997905922e+01,2.156297221997905922e+01,2.156297221997905922e+01,2.156297221997905922e+01,2.156297221997905922e+01,2.156297221997905922e+01,2.156297221997905922e+01,2.156297221997905922e+01,2.156297221997905922e+01,2.156297221997905922e+01,2.156297221997905922e+01,2.156297221997905922e+01,2.156297221997905922e+01,2.156297221997905922e+01,2.156297221997905922e+01,2.156297221997905922e+01,2.156297221997905922e+01,2.156297221997905922e+01,2.156297221997905922e+01,2.156297221997905922e+01,2.156297221997905922e+01,2.156297221997905922e+01,2.156297221997905922e+01,2.156297221997905922e+01,2.156297221997905922e+01,2.156297221997905922e+01,2.156297221997905922e+01,2.156297221997905922e+01,2.187835588711693191e+01,2.156297221997905922e+01,2.156297221997905922e+01,2.187835588711693191e+01,2.156297221997905922e+01,2.156297221997905922e+01,2.187835588711693191e+01,2.194544936720364348e+01,2.187835588711693191e+01,2.194544936720364348e+01,2.187835588711693191e+01,2.187835588711693191e+01,2.187835588711693191e+01,2.187835588711693191e+01,2.194544936720364348e+01,2.187835588711693191e+01,2.187835588711693191e+01,2.187835588711693191e+01,2.194544936720364348e+01,2.194544936720364348e+01,2.194544936720364348e+01,2.187835588711693191e+01,2.194544936720364348e+01,2.194544936720364348e+01,2.194544936720364348e+01,2.187835588711693191e+01,2.194544936720364348e+01,2.194544936720364348e+01,2.187835588711693191e+01,2.194544936720364348e+01,2.194544936720364348e+01,2.187835588711693191e+01,2.187835588711693191e+01,2.194544936720364348e+01,2.194544936720364348e+01,2.187835588711693191e+01,2.242443026556502161e+01,2.194544936720364348e+01,2.194544936720364348e+01,2.194544936720364348e+01,2.235157142361600080e+01,2.274406801005125445e+01,2.226927921952598055e+01,2.274406801005125445e+01,2.267619311470593857e+01,2.274406801005125445e+01,2.267619311470593857e+01,2.274406801005125445e+01,2.267619311470593857e+01,2.274406801005125445e+01,2.274406801005125445e+01,2.267619311470593857e+01,2.267619311470593857e+01,2.267619311470593857e+01,2.274406801005125445e+01,2.267619311470593857e+01,2.325010506743438654e+01,2.267619311470593857e+01,2.267619311470593857e+01,2.317954847007111852e+01,2.267619311470593857e+01,2.317954847007111852e+01,2.317954847007111852e+01,2.317954847007111852e+01,2.317954847007111852e+01,2.317954847007111852e+01,2.317954847007111852e+01,2.317954847007111852e+01,2.351198545882373381e+01,2.351198545882373381e+01,2.351198545882373381e+01,2.351198545882373381e+01,2.351198545882373381e+01,2.351198545882373381e+01,2.351198545882373381e+01,2.351198545882373381e+01,2.351198545882373381e+01,2.351198545882373381e+01,2.351198545882373381e+01,2.351198545882373381e+01,2.351198545882373381e+01,2.351198545882373381e+01,2.351198545882373381e+01,2.351198545882373381e+01,2.351198545882373381e+01,2.351198545882373381e+01,2.351198545882373381e+01,2.351198545882373381e+01,2.351198545882373381e+01,2.351198545882373381e+01,2.351198545882373381e+01,2.385580299212833211e+01,2.351198545882373381e+01,2.351198545882373381e+01,2.385580299212833211e+01,2.385580299212833211e+01,2.385580299212833211e+01,2.385580299212833211e+01,2.385580299212833211e+01,2.438016059461008567e+01,2.385580299212833211e+01,2.385580299212833211e+01,2.385580299212833211e+01,2.438016059461008567e+01,2.438016059461008567e+01,2.438016059461008567e+01,2.438016059461008567e+01,2.438016059461008567e+01,2.492997200598996344e+01,2.438016059461008567e+01,2.492997200598996344e+01,2.492997200598996344e+01,2.492997200598996344e+01,2.492997200598996344e+01,2.492997200598996344e+01,2.492997200598996344e+01,2.492997200598996344e+01,2.527457857819469211e+01,2.527457857819469211e+01,2.527457857819469211e+01,2.527457857819469211e+01,2.527457857819469211e+01,2.527457857819469211e+01,2.527457857819469211e+01,2.527457857819469211e+01,2.527457857819469211e+01,2.527457857819469211e+01,2.527457857819469211e+01,2.527457857819469211e+01,2.527457857819469211e+01,2.527457857819469211e+01,2.527457857819469211e+01,2.583962715758825368e+01,2.583962715758825368e+01,2.618875564246721765e+01,2.583962715758825368e+01,2.583962715758825368e+01,2.583962715758825368e+01,2.618875564246721765e+01,2.618875564246721765e+01,2.618875564246721765e+01,2.618875564246721765e+01,2.618875564246721765e+01,2.618875564246721765e+01,2.618875564246721765e+01,2.618875564246721765e+01,2.618875564246721765e+01,2.618875564246721765e+01,2.618875564246721765e+01,2.618875564246721765e+01,2.676349139714497838e+01,2.676349139714497838e+01,2.676349139714497838e+01,2.676349139714497838e+01,2.676349139714497838e+01,2.676349139714497838e+01,2.676349139714497838e+01,2.711439200957151385e+01,2.711439200957151385e+01,2.711439200957151385e+01,2.672403484948963381e+01,2.707890880740661999e+01,2.707890880740661999e+01,2.707890880740661999e+01,2.734667967305807679e+01,2.711439200957151385e+01,2.768893960543081434e+01,2.734667967305807679e+01,2.768893960543081434e+01,2.768893960543081434e+01,2.768893960543081434e+01,2.768893960543081434e+01,2.768893960543081434e+01,2.768893960543081434e+01,2.825483240797121809e+01,2.768893960543081434e+01,2.823305949480986854e+01,2.823305949480986854e+01,2.825483240797121809e+01,2.825483240797121809e+01,2.825483240797121809e+01,2.825483240797121809e+01,2.825483240797121809e+01,2.825483240797121809e+01,2.825483240797121809e+01,2.825483240797121809e+01,2.825483240797121809e+01,2.825483240797121809e+01,2.858727985211680078e+01,2.825483240797121809e+01,2.858727985211680078e+01,2.858727985211680078e+01,2.858727985211680078e+01,2.858727985211680078e+01,2.856900520242696473e+01,2.856900520242696473e+01,2.858727985211680078e+01,2.856900520242696473e+01,2.858727985211680078e+01,2.858727985211680078e+01,2.858727985211680078e+01,2.856900520242696473e+01,2.856900520242696473e+01,2.856900520242696473e+01,2.911641283488179610e+01,2.911641283488179610e+01,2.911641283488179610e+01,2.911641283488179610e+01,2.911641283488179610e+01,2.944249424412146965e+01,2.911641283488179610e+01,2.944249424412146965e+01,2.911641283488179610e+01,2.911641283488179610e+01,2.944249424412146965e+01,2.944249424412146965e+01,2.996408191337518190e+01,2.944249424412146965e+01,2.996408191337518190e+01,2.996408191337518190e+01,2.996408191337518190e+01,2.996408191337518190e+01,2.996408191337518190e+01,2.996408191337518190e+01,2.996408191337518190e+01,2.996408191337518190e+01,2.996408191337518190e+01,2.996408191337518190e+01,2.996408191337518190e+01,2.996408191337518190e+01,2.996233520214211410e+01,2.996408191337518190e+01,2.996408191337518190e+01,3.028025272983400740e+01,2.996408191337518190e+01,3.028025272983400740e+01,3.028025272983400740e+01,3.028025272983400740e+01,3.028025272983400740e+01,3.027908032738659827e+01,3.028025272983400740e+01,3.028025272983400740e+01,3.027908032738659827e+01,3.028025272983400740e+01,3.027908032738659827e+01,3.027908032738659827e+01,3.027908032738659827e+01,3.077668143269269052e+01,3.077668143269269052e+01,3.077668143269269052e+01,3.078164946804310986e+01,3.078164946804310986e+01,3.077668143269269052e+01,3.078164946804310986e+01,3.078164946804310986e+01,3.078164946804310986e+01,3.078164946804310986e+01,3.078164946804310986e+01,3.078164946804310986e+01,3.078164946804310986e+01,3.078164946804310986e+01,3.109156851297567314e+01,3.078164946804310986e+01,3.156930708654034490e+01,3.109156851297567314e+01,3.156930708654034490e+01,3.156930708654034490e+01,3.109156851297567314e+01,3.156930708654034490e+01,3.156930708654034490e+01,3.156930708654034490e+01,3.156930708654034490e+01,3.156930708654034490e+01,3.156930708654034490e+01,3.156930708654034490e+01,3.156930708654034490e+01,3.156930708654034490e+01,3.156930708654034490e+01,3.177926425950644429e+01,3.203180900985167057e+01,3.203180900985167057e+01,3.203180900985167057e+01,3.203180900985167057e+01,3.203180900985167057e+01,3.203180900985167057e+01,3.203180900985167057e+01,3.203180900985167057e+01,3.203180900985167057e+01,3.203180900985167057e+01,3.203180900985167057e+01,3.232404802622508555e+01,3.232404802622508555e+01,3.203180900985167057e+01,3.203180900985167057e+01,3.232404802622508555e+01,3.232404802622508555e+01,3.232404802622508555e+01,3.232404802622508555e+01,3.203180900985167057e+01,3.232404802622508555e+01,3.232404802622508555e+01,3.232404802622508555e+01,3.232404802622508555e+01,3.232404802622508555e+01,3.232404802622508555e+01,3.234434636852112277e+01,3.276473675954938614e+01,3.276473675954938614e+01,3.276473675954938614e+01,3.278866658682975554e+01,3.276473675954938614e+01,3.278866658682975554e+01,3.276473675954938614e+01,3.278866658682975554e+01,3.276473675954938614e+01,3.278866658682975554e+01,3.278866658682975554e+01,3.278866658682975554e+01,3.278866658682975554e+01,3.278866658682975554e+01,3.278866658682975554e+01,3.278866658682975554e+01,3.278866658682975554e+01,3.321921858538311767e+01,3.321921858538311767e+01,3.321921858538311767e+01,3.321921858538311767e+01,3.324562445340475847e+01,3.321921858538311767e+01,3.324562445340475847e+01,3.324562445340475847e+01,3.352909564650362739e+01,3.324562445340475847e+01,3.352909564650362739e+01,3.352909564650362739e+01,3.352909564650362739e+01,3.352909564650362739e+01,3.352909564650362739e+01,3.349910368079711986e+01,3.352909564650362739e+01,3.352909564650362739e+01,3.352909564650362739e+01,3.352909564650362739e+01,3.352909564650362739e+01,3.352909564650362739e+01,3.352909564650362739e+01,3.352909564650362739e+01,3.394253534399988581e+01,3.352909564650362739e+01,3.394253534399988581e+01,3.394253534399988581e+01,3.394253534399988581e+01,3.394253534399988581e+01,3.394253534399988581e+01,3.394253534399988581e+01,3.394253534399988581e+01,3.394253534399988581e+01,3.421779255990866631e+01,3.421779255990866631e+01,3.421779255990866631e+01,3.421779255990866631e+01,3.421779255990866631e+01,3.421779255990866631e+01,3.421779255990866631e+01,3.421779255990866631e+01,3.461319981480954056e+01,3.421779255990866631e+01,3.421779255990866631e+01,3.461319981480954056e+01,3.461319981480954056e+01,3.461319981480954056e+01,3.465063300410643876e+01,3.461319981480954056e+01,3.461319981480954056e+01,3.461319981480954056e+01,3.461319981480954056e+01,3.461319981480954056e+01,3.461319981480954056e+01,3.461319981480954056e+01,3.461319981480954056e+01,3.488040955907206353e+01,3.492143563032017539e+01,3.530155686011945448e+01,3.530155686011945448e+01,3.530155686011945448e+01,3.530155686011945448e+01,3.530155686011945448e+01,3.530155686011945448e+01,3.567218041782157911e+01,3.567218041782157911e+01,3.567218041782157911e+01,3.567218041782157911e+01,3.567218041782157911e+01,3.567218041782157911e+01,3.567218041782157911e+01,3.567218041782157911e+01,3.567218041782157911e+01,3.567218041782157911e+01,3.567218041782157911e+01,3.567218041782157911e+01,3.567218041782157911e+01,3.592978435632877421e+01,3.567218041782157911e+01,3.567218041782157911e+01,3.592978435632877421e+01,3.592978435632877421e+01,3.592978435632877421e+01,3.592978435632877421e+01,3.592978435632877421e+01,3.592978435632877421e+01,3.597672418850305576e+01,3.628700605710229610e+01,3.628700605710229610e+01,3.628700605710229610e+01,3.628700605710229610e+01,3.628700605710229610e+01,3.628700605710229610e+01,3.628700605710229610e+01,3.628700605710229610e+01,3.628700605710229610e+01,3.628700605710229610e+01,3.653742427867825171e+01,3.653742427867825171e+01,3.653742427867825171e+01,3.658694880268828342e+01,3.658694880268828342e+01,3.658694880268828342e+01,3.653742427867825171e+01,3.658694880268828342e+01,3.693126802192557534e+01,3.658694880268828342e+01,3.658694880268828342e+01,3.658694880268828342e+01,3.693126802192557534e+01,3.693126802192557534e+01,3.693126802192557534e+01,3.693126802192557534e+01,3.693126802192557534e+01,3.693126802192557534e+01,3.717770493725781478e+01,3.717770493725781478e+01,3.693126802192557534e+01,3.717770493725781478e+01,3.717770493725781478e+01,3.717770493725781478e+01,3.717770493725781478e+01,3.717770493725781478e+01,3.717770493725781478e+01,3.717770493725781478e+01,3.717770493725781478e+01,3.717770493725781478e+01,3.717770493725781478e+01,3.717770493725781478e+01,3.717770493725781478e+01,3.723124253234626480e+01,3.723124253234626480e+01,3.717770493725781478e+01,3.723124253234626480e+01,3.723124253234626480e+01,3.756318531882547518e+01,3.798727760904472461e+01,3.804465785995098059e+01,3.756318531882547518e+01,3.804465785995098059e+01,3.804465785995098059e+01,3.804465785995098059e+01,3.804465785995098059e+01,3.804465785995098059e+01,3.804465785995098059e+01,3.804465785995098059e+01,3.804465785995098059e+01,3.804465785995098059e+01,3.804465785995098059e+01,3.804465785995098059e+01,3.804465785995098059e+01,3.836332926723547132e+01,3.804465785995098059e+01,3.804465785995098059e+01,3.836332926723547132e+01,3.836332926723547132e+01,3.836332926723547132e+01,3.859556832936243609e+01,3.859556832936243609e+01,3.865553629862679230e+01,3.859556832936243609e+01,3.896371825180342086e+01,3.893179918678239915e+01,3.890615671628760452e+01,3.890615671628760452e+01,3.896371825180342086e+01,3.890615671628760452e+01,3.896371825180342086e+01,3.896371825180342086e+01,3.896371825180342086e+01,3.896371825180342086e+01,3.896371825180342086e+01,3.896371825180342086e+01,3.896371825180342086e+01,3.896371825180342086e+01,3.896371825180342086e+01,3.896371825180342086e+01,3.896371825180342086e+01,3.896371825180342086e+01,3.919174164545670891e+01,3.919174164545670891e+01,3.919174164545670891e+01,3.919174164545670891e+01,3.919174164545670891e+01,3.919174164545670891e+01,3.949268848417179356e+01,3.919174164545670891e+01,3.919174164545670891e+01,3.919174164545670891e+01,3.949268848417179356e+01,3.949268848417179356e+01,3.949268848417179356e+01,3.949268848417179356e+01,3.949268848417179356e+01,3.949268848417179356e+01,3.949268848417179356e+01,3.949268848417179356e+01,3.949268848417179356e+01,3.949268848417179356e+01,3.949268848417179356e+01,4.000898923881921121e+01,4.000898923881921121e+01,3.984637530279268702e+01,4.000898923881921121e+01,4.000898923881921121e+01,4.000898923881921121e+01,4.000898923881921121e+01,4.000898923881921121e+01,4.006762710984658327e+01,4.006762710984658327e+01,4.006762710984658327e+01,4.006762710984658327e+01,4.006762710984658327e+01,4.006762710984658327e+01,4.006762710984658327e+01,4.006762710984658327e+01,4.006762710984658327e+01,4.019784317714874788e+01,4.035618901339105946e+01,4.035618901339105946e+01,4.035618901339105946e+01,4.035618901339105946e+01,4.057150315220901149e+01,4.041370341222987150e+01,4.035618901339105946e+01,4.041370341222987150e+01,4.063101318545755447e+01,4.063101318545755447e+01,4.063101318545755447e+01,4.063101318545755447e+01,4.063101318545755447e+01,4.057150315220901149e+01,4.063101318545755447e+01,4.063101318545755447e+01,4.063101318545755447e+01,4.063101318545755447e+01,4.063101318545755447e+01,4.063101318545755447e+01,4.063101318545755447e+01,4.063101318545755447e+01,4.063101318545755447e+01,4.063101318545755447e+01,4.063101318545755447e+01,4.063101318545755447e+01,4.063101318545755447e+01,4.091148286029522296e+01,4.091148286029522296e+01,4.091148286029522296e+01,4.091148286029522296e+01,4.091148286029522296e+01,4.091148286029522296e+01,4.091148286029522296e+01,4.091148286029522296e+01,4.118293149980197398e+01,4.112300340002491339e+01,4.091148286029522296e+01,4.112300340002491339e+01,4.114978365255765169e+01,4.118293149980197398e+01,4.118293149980197398e+01,4.112300340002491339e+01,4.118293149980197398e+01,4.118293149980197398e+01,4.145584923389173326e+01,4.145584923389173326e+01,4.118293149980197398e+01,4.145584923389173326e+01,4.145584923389173326e+01,4.145584923389173326e+01,4.145584923389173326e+01,4.145584923389173326e+01,4.145584923389173326e+01,4.145584923389173326e+01,4.145584923389173326e+01,4.145584923389173326e+01,4.145584923389173326e+01,4.145584923389173326e+01,4.145584923389173326e+01,4.145584923389173326e+01,4.145584923389173326e+01,4.145584923389173326e+01,4.145584923389173326e+01,4.166359084346961339e+01,4.151405240452027812e+01,4.172350788852367742e+01,4.166359084346961339e+01,4.166359084346961339e+01,4.172350788852367742e+01,4.172350788852367742e+01,4.172350788852367742e+01,4.172350788852367742e+01,4.172350788852367742e+01,4.172350788852367742e+01,4.172350788852367742e+01,4.198941288280420281e+01,4.198941288280420281e+01,4.198941288280420281e+01,4.198941288280420281e+01,4.198941288280420281e+01,4.198941288280420281e+01,4.198941288280420281e+01,4.198941288280420281e+01,4.198941288280420281e+01,4.198941288280420281e+01,4.198941288280420281e+01,4.198941288280420281e+01,4.198941288280420281e+01,4.198941288280420281e+01,4.198941288280420281e+01,4.198941288280420281e+01,4.198941288280420281e+01,4.198941288280420281e+01,4.198941288280420281e+01,4.219340138827059405e+01,4.219340138827059405e+01,4.219340138827059405e+01,4.219340138827059405e+01,4.245598507768688279e+01,4.245598507768688279e+01,4.245598507768688279e+01,4.245598507768688279e+01,4.245598507768688279e+01,4.245598507768688279e+01,4.245598507768688279e+01,4.245598507768688279e+01,4.245598507768688279e+01,4.245598507768688279e+01,4.245598507768688279e+01,4.245598507768688279e+01,4.251233137764807424e+01,4.245598507768688279e+01,4.245598507768688279e+01,4.245598507768688279e+01,4.245598507768688279e+01,4.245598507768688279e+01,4.245598507768688279e+01,4.245598507768688279e+01,4.251233137764807424e+01,4.245598507768688279e+01,4.251233137764807424e+01,4.262865473943123362e+01,4.251233137764807424e+01,4.245598507768688279e+01,4.277056571319022282e+01,4.277056571319022282e+01,4.271260299997867804e+01,4.271729817846709665e+01,4.277056571319022282e+01,4.291442408966342725e+01,4.296921045428618413e+01,4.296921045428618413e+01,4.277056571319022282e+01,4.277056571319022282e+01,4.296921045428618413e+01,4.296921045428618413e+01,4.296921045428618413e+01,4.296921045428618413e+01,4.296921045428618413e+01,4.296921045428618413e+01,4.296921045428618413e+01,4.296921045428618413e+01,4.296921045428618413e+01,4.296921045428618413e+01,4.296921045428618413e+01,4.296921045428618413e+01,4.296921045428618413e+01,4.296921045428618413e+01,4.296921045428618413e+01,4.296921045428618413e+01,4.296921045428618413e+01,4.296921045428618413e+01,4.296921045428618413e+01,4.296921045428618413e+01,4.296921045428618413e+01,4.296921045428618413e+01,4.296921045428618413e+01,4.296921045428618413e+01,4.341855826082281311e+01,4.341855826082281311e+01,4.372282923503728114e+01,4.347250112700829305e+01,4.367177736901543028e+01,4.367177736901543028e+01,4.372282923503728114e+01,4.367177736901543028e+01,4.372282923503728114e+01,4.372282923503728114e+01,4.372282923503728114e+01,4.372282923503728114e+01,4.372282923503728114e+01,4.369468870667913762e+01,4.372282923503728114e+01,4.372282923503728114e+01,4.372282923503728114e+01,4.372282923503728114e+01,4.372282923503728114e+01,4.391324154648762601e+01,4.372282923503728114e+01,4.372282923503728114e+01,4.372282923503728114e+01,4.372282923503728114e+01,4.391324154648762601e+01,4.391324154648762601e+01,4.391324154648762601e+01,4.391324154648762601e+01,4.391324154648762601e+01,4.391324154648762601e+01,4.391324154648762601e+01,4.391324154648762601e+01,4.391324154648762601e+01,4.391324154648762601e+01,4.391324154648762601e+01,4.391324154648762601e+01,4.391324154648762601e+01,4.391324154648762601e+01,4.391324154648762601e+01,4.396606662349980610e+01,4.391324154648762601e+01,4.391324154648762601e+01,4.416155710289626768e+01,4.416155710289626768e+01,4.416155710289626768e+01,4.416155710289626768e+01,4.421155814837536013e+01,4.421155814837536013e+01,4.416155710289626768e+01,4.416155710289626768e+01,4.445677788317393464e+01,4.421155814837536013e+01,4.416155710289626768e+01,4.421155814837536013e+01,4.421155814837536013e+01,4.445677788317393464e+01,4.445677788317393464e+01,4.445677788317393464e+01,4.445677788317393464e+01,4.445677788317393464e+01,4.445677788317393464e+01,4.445677788317393464e+01,4.445677788317393464e+01,4.445677788317393464e+01,4.440943164789070607e+01,4.445677788317393464e+01,4.445677788317393464e+01,4.445677788317393464e+01,4.445677788317393464e+01,4.445677788317393464e+01,4.464248502150098830e+01,4.464248502150098830e+01,4.464248502150098830e+01,4.445677788317393464e+01,4.464248502150098830e+01,4.464248502150098830e+01,4.464248502150098830e+01,4.464248502150098830e+01,4.464248502150098830e+01,4.464248502150098830e+01,4.464248502150098830e+01,4.464248502150098830e+01,4.464248502150098830e+01,4.464248502150098830e+01,4.464248502150098830e+01,4.464248502150098830e+01,4.475209164417212548e+01,4.464248502150098830e+01,4.488599713936045532e+01,4.488599713936045532e+01,4.464248502150098830e+01,4.464248502150098830e+01,4.464248502150098830e+01,4.488599713936045532e+01,4.488599713936045532e+01,4.488599713936045532e+01,4.488599713936045532e+01,4.488599713936045532e+01,4.488599713936045532e+01,4.488599713936045532e+01,4.488599713936045532e+01,4.488599713936045532e+01,4.490677410606298992e+01,4.488599713936045532e+01,4.488599713936045532e+01,4.488599713936045532e+01,4.488599713936045532e+01,4.493215875291820538e+01,4.488599713936045532e+01,4.488599713936045532e+01,4.488599713936045532e+01,4.488599713936045532e+01,4.488599713936045532e+01,4.506742883237866693e+01,4.493215875291820538e+01,4.493215875291820538e+01,4.511476957127337784e+01,4.493215875291820538e+01,4.511476957127337784e+01,4.511476957127337784e+01,4.511476957127337784e+01,4.535427524826872059e+01,4.535427524826872059e+01,4.517314980746882469e+01,4.535427524826872059e+01,4.535427524826872059e+01,4.535427524826872059e+01,4.511476957127337784e+01,4.535427524826872059e+01,4.535427524826872059e+01,4.535427524826872059e+01,4.535427524826872059e+01,4.535427524826872059e+01,4.535427524826872059e+01,4.535427524826872059e+01,4.535427524826872059e+01,4.535427524826872059e+01,4.535427524826872059e+01,4.535427524826872059e+01,4.535427524826872059e+01,4.535427524826872059e+01,4.535427524826872059e+01,4.535427524826872059e+01,4.535427524826872059e+01,4.535427524826872059e+01,4.535427524826872059e+01,4.535427524826872059e+01,4.535427524826872059e+01,4.535427524826872059e+01,4.535427524826872059e+01,4.535427524826872059e+01,4.535427524826872059e+01,4.535427524826872059e+01,4.535427524826872059e+01,4.535427524826872059e+01,4.535427524826872059e+01,4.535427524826872059e+01,4.535427524826872059e+01,4.535427524826872059e+01,4.546202970938348642e+01,4.535427524826872059e+01,4.535427524826872059e+01,4.535427524826872059e+01,4.537446219054892538e+01,4.559371994056064636e+01,4.559371994056064636e+01,4.539907065660973018e+01,4.535427524826872059e+01,4.577081901111879603e+01,4.559371994056064636e+01,4.563626423930665510e+01,4.559371994056064636e+01,4.563626423930665510e+01,4.563626423930665510e+01,4.535427524826872059e+01,4.559371994056064636e+01,4.581447561016595671e+01,4.581447561016595671e+01,4.581447561016595671e+01,4.581447561016595671e+01,4.581447561016595671e+01,4.581447561016595671e+01,4.581447561016595671e+01,4.581447561016595671e+01,4.581447561016595671e+01,4.581447561016595671e+01,4.581447561016595671e+01,4.581447561016595671e+01,4.585774386712689932e+01,4.581447561016595671e+01,4.581447561016595671e+01,4.581447561016595671e+01,4.581447561016595671e+01,4.581447561016595671e+01,4.585774386712689932e+01,4.585774386712689932e+01,4.585774386712689932e+01,4.581447561016595671e+01,4.585774386712689932e+01,4.585774386712689932e+01,4.585774386712689932e+01,4.585774386712689932e+01,4.581447561016595671e+01,4.585774386712689932e+01,4.585774386712689932e+01,4.585774386712689932e+01,4.585774386712689932e+01,4.585774386712689932e+01,4.609147644171675040e+01,4.609147644171675040e+01,4.585774386712689932e+01,4.585774386712689932e+01,4.585774386712689932e+01,4.585774386712689932e+01,4.585774386712689932e+01,4.609147644171675040e+01,4.609147644171675040e+01,4.609147644171675040e+01,4.609147644171675040e+01,4.609147644171675040e+01,4.585774386712689932e+01,4.609147644171675040e+01,4.609147644171675040e+01,4.609147644171675040e+01,4.609147644171675040e+01,4.609147644171675040e+01,4.626681898748145727e+01,4.626681898748145727e+01,4.626681898748145727e+01,4.626681898748145727e+01,4.609147644171675040e+01,4.626681898748145727e+01,4.626681898748145727e+01,4.626681898748145727e+01,4.626681898748145727e+01,4.626681898748145727e+01
1.792503918170123711e+01,1.871888154636679147e+01,1.871888154636679147e+01,1.930060588094044505e+01,1.980004201403576403e+01,2.038229475976132221e+01,2.071129425615760411e+01,2.114557752855681372e+01,2.173609641384199165e+01,2.255025759494443349e+01,2.367393060867987131e+01,2.394049393315542318e+01,2.591882824175747047e+01,2.679937644419477749e+01,2.769158755582298781e+01,2.860034493778337605e+01,3.042554397423198154e+01,3.242390674209696755e+01,3.473578481869861179e+01,3.789906644847206252e+01,4.210942619322280223e+01,4.635272742207668273e+01,5.154872386570779952e+01,5.364771619994092333e+01,5.492999133228043718e+01,5.586070616074189843e+01,5.657907571436035710e+01,5.696141566930338485e+01,5.735832779804005810e+01,5.765051504927286885e+01,5.783320339303426039e+01,5.790338782721012478e+01,5.808490904155244294e+01,5.819137994086467103e+01,5.819137994086467103e+01,5.819137994086467103e+01,5.819137994086467103e+01,5.808490904155244294e+01,5.815458626396237918e+01,5.808490904155244294e+01,5.786635873778614325e+01,5.786635873778614325e+01,5.775875786056107586e+01,5.775875786056107586e+01,5.757604148334561245e+01,5.746746124809904188e+01,5.746746124809904188e+01,5.717393611226809469e+01,5.698874983250757253e+01,5.674155509313096246e+01,5.669158969862788666e+01,5.669158969862788666e+01,5.639196840189313065e+01,5.639196840189313065e+01,5.608980133234042142e+01,5.608980133234042142e+01,5.608980133234042142e+01,5.578500707138073267e+01,5.578500707138073267e+01,5.536092743979419595e+01,5.536092743979419595e+01,5.536092743979419595e+01,5.524327722625772452e+01,5.504934025745708226e+01,5.504934025745708226e+01,5.493036243928374773e+01,5.473485785410530013e+01,5.473485785410530013e+01,5.441740940289648165e+01,5.441740940289648165e+01,5.427458885737822669e+01,5.429564534922079844e+01,5.409692601909065957e+01,5.409692601909065957e+01,5.375224839806818267e+01,5.377334037736407168e+01,5.377334037736407168e+01,5.364861269508783437e+01,5.344658627898883907e+01,5.344658627898883907e+01,5.344658627898883907e+01,5.311659816654982791e+01,5.311659816654982791e+01,5.311659816654982791e+01,5.291153341899416773e+01,5.278331058283249178e+01,5.278331058283249178e+01,5.257653823025442108e+01,5.253788330628698588e+01,5.257653823025442108e+01,5.240808487327849718e+01,5.244665756924963063e+01,5.244665756924963063e+01,5.219941942140995650e+01,5.219941942140995650e+01,5.206793387892940217e+01,5.206793387892940217e+01,5.185749207134156080e+01,5.185749207134156080e+01,5.185749207134156080e+01,5.172426900292137475e+01,5.172426900292137475e+01,5.151203015397360474e+01,5.151203015397360474e+01,5.151203015397360474e+01,5.137701694773856076e+01,5.116295952367556055e+01,5.116295952367556055e+01,5.116295952367556055e+01,5.116295952367556055e+01,5.081020204725741962e+01,5.081020204725741962e+01,5.081020204725741962e+01,5.081020204725741962e+01,5.081020204725741962e+01,5.081020204725741962e+01,5.045367455589992289e+01,5.045367455589992289e+01,5.045367455589992289e+01,5.045367455589992289e+01,5.045367455589992289e+01,5.031294806550901910e+01,5.009328768504686735e+01,5.009328768504686735e+01,5.009328768504686735e+01,5.009328768504686735e+01,5.009328768504686735e+01,5.009328768504686735e+01,4.995053129921740975e+01,4.995053129921740975e+01,4.995053129921740975e+01,4.972894459848228621e+01,4.972894459848228621e+01,4.972894459848228621e+01,4.950587203028720751e+01,4.950587203028720751e+01,4.936053960182098876e+01,4.936053960182098876e+01,4.936053960182098876e+01,4.936053960182098876e+01,4.913550183021413176e+01,4.913550183021413176e+01,4.913550183021413176e+01,4.913550183021413176e+01,4.898795666745112953e+01,4.898795666745112953e+01,4.898795666745112953e+01,4.898795666745112953e+01,4.876091499291323572e+01,4.876091499291323572e+01,4.876091499291323572e+01,4.876091499291323572e+01,4.845943925521611106e+01,4.845943925521611106e+01,4.845943925521611106e+01,4.845943925521611106e+01,4.845943925521611106e+01,4.833328030055427149e+01,4.822973219201125517e+01,4.822973219201125517e+01,4.803499974788044824e+01,4.807566371562461427e+01,4.807566371562461427e+01,4.807566371562461427e+01,4.807566371562461427e+01,4.803499974788044824e+01,4.807566371562461427e+01,4.807566371562461427e+01,4.784379377505952391e+01,4.784379377505952391e+01,4.803499974788044824e+01,4.780238946599965288e+01,4.780238946599965288e+01,4.764627512619086502e+01,4.768717868029316520e+01,4.764627512619086502e+01,4.764627512619086502e+01,4.764627512619086502e+01,4.768717868029316520e+01,4.764627512619086502e+01,4.764627512619086502e+01,4.764627512619086502e+01,4.764627512619086502e+01,4.741136768001397428e+01,4.725265179115488934e+01,4.725265179115488934e+01,4.725265179115488934e+01,4.725265179115488934e+01,4.725265179115488934e+01,4.729380101685588045e+01,4.725265179115488934e+01,4.725265179115488934e+01,4.725265179115488934e+01,4.725265179115488934e+01,4.725265179115488934e+01,4.725265179115488934e+01,4.701537145534449280e+01,4.701537145534449280e+01,4.709219261242638765e+01,4.685393012728548001e+01,4.685393012728548001e+01,4.685393012728548001e+01,4.685393012728548001e+01,4.685393012728548001e+01,4.685393012728548001e+01,4.685393012728548001e+01,4.685393012728548001e+01,4.685393012728548001e+01,4.685393012728548001e+01,4.685393012728548001e+01,4.685393012728548001e+01,4.669072350748654543e+01,4.685393012728548001e+01,4.669072350748654543e+01,4.661419783677211370e+01,4.669072350748654543e+01,4.669072350748654543e+01,4.644989233861377187e+01,4.644989233861377187e+01,4.644989233861377187e+01,4.644989233861377187e+01,4.644989233861377187e+01,4.644989233861377187e+01,4.644989233861377187e+01,4.644989233861377187e+01,4.644989233861377187e+01,4.620762917550608506e+01,4.620762917550608506e+01,4.620762917550608506e+01,4.620762917550608506e+01,4.620762917550608506e+01,4.625037303618944406e+01,4.604030439645820394e+01,4.604030439645820394e+01,4.604030439645820394e+01,4.604030439645820394e+01,4.604030439645820394e+01,4.604030439645820394e+01,4.604030439645820394e+01,4.604030439645820394e+01,4.604030439645820394e+01,4.604030439645820394e+01,4.604030439645820394e+01,4.604030439645820394e+01,4.604030439645820394e+01,4.579543597535494825e+01,4.579543597535494825e+01,4.604030439645820394e+01,4.604030439645820394e+01,4.608223293185432823e+01,4.583857677799859687e+01,4.583857677799859687e+01,4.562492002484719933e+01,4.566714202813501799e+01,4.562492002484719933e+01,4.562492002484719933e+01,4.562492002484719933e+01,4.562492002484719933e+01,4.562492002484719933e+01,4.566714202813501799e+01,4.564394504959788179e+01,4.562492002484719933e+01,4.562492002484719933e+01,4.562492002484719933e+01,4.562492002484719933e+01,4.562492002484719933e+01,4.562492002484719933e+01,4.562492002484719933e+01,4.562492002484719933e+01,4.566714202813501799e+01,4.562492002484719933e+01,4.566714202813501799e+01,4.566714202813501799e+01,4.566714202813501799e+01,4.542096470566885813e+01,4.549383439358508951e+01,4.524604089755008829e+01,4.520348633531770588e+01,4.520348633531770588e+01,4.524604089755008829e+01,4.520348633531770588e+01,4.524604089755008829e+01,4.520348633531770588e+01,4.520348633531770588e+01,4.524604089755008829e+01,4.520348633531770588e+01,4.524604089755008829e+01,4.524604089755008829e+01,4.520348633531770588e+01,4.524604089755008829e+01,4.524604089755008829e+01,4.524604089755008829e+01,4.524604089755008829e+01,4.524604089755008829e+01,4.520348633531770588e+01,4.524604089755008829e+01,4.524604089755008829e+01,4.520348633531770588e+01,4.524604089755008829e+01,4.524604089755008829e+01,4.524604089755008829e+01,4.520348633531770588e+01,4.495322116518283195e+01,4.524604089755008829e+01,4.524604089755008829e+01,4.495322116518283195e+01,4.499731108865191231e+01,4.495322116518283195e+01,4.495322116518283195e+01,4.481869554864996275e+01,4.481869554864996275e+01,4.481869554864996275e+01,4.481869554864996275e+01,4.481869554864996275e+01,4.481869554864996275e+01,4.481869554864996275e+01,4.477574950642930673e+01,4.481869554864996275e+01,4.481869554864996275e+01,4.481869554864996275e+01,4.481869554864996275e+01,4.481869554864996275e+01,4.481869554864996275e+01,4.477574950642930673e+01,4.481869554864996275e+01,4.481869554864996275e+01,4.481869554864996275e+01,4.481869554864996275e+01,4.481869554864996275e+01,4.481869554864996275e+01,4.481869554864996275e+01,4.481869554864996275e+01,4.481869554864996275e+01,4.481869554864996275e+01,4.481869554864996275e+01,4.481869554864996275e+01,4.481869554864996275e+01,4.481869554864996275e+01,4.481869554864996275e+01,4.481869554864996275e+01,4.481869554864996275e+01,4.463815608862955031e+01,4.481869554864996275e+01,4.481869554864996275e+01,4.481869554864996275e+01,4.481869554864996275e+01,4.481869554864996275e+01,4.481869554864996275e+01,4.463815608862955031e+01,4.463815608862955031e+01,4.463815608862955031e+01,4.438487449681577601e+01,4.463815608862955031e+01,4.438487449681577601e+01,4.438487449681577601e+01,4.438487449681577601e+01,4.438487449681577601e+01,4.438487449681577601e+01,4.438487449681577601e+01,4.438487449681577601e+01,4.438487449681577601e+01,4.438487449681577601e+01,4.438487449681577601e+01,4.438487449681577601e+01,4.438487449681577601e+01,4.438487449681577601e+01,4.438487449681577601e+01,4.438487449681577601e+01,4.442835271810695019e+01,4.438487449681577601e+01,4.438487449681577601e+01,4.438487449681577601e+01,4.413095654043290494e+01,4.442835271810695019e+01,4.438487449681577601e+01,4.438487449681577601e+01,4.442835271810695019e+01,4.442835271810695019e+01,4.417654825597624324e+01,4.413095654043290494e+01,4.417654825597624324e+01,4.442835271810695019e+01,4.417654825597624324e+01,4.442835271810695019e+01,4.417654825597624324e+01,4.417654825597624324e+01,4.417654825597624324e+01,4.442835271810695019e+01,4.417654825597624324e+01,4.442835271810695019e+01,4.417654825597624324e+01,4.417654825597624324e+01,4.417654825597624324e+01,4.417654825597624324e+01,4.417654825597624324e+01,4.398853136987611379e+01,4.417654825597624324e+01,4.417654825597624324e+01,4.417654825597624324e+01,4.417654825597624324e+01,4.417654825597624324e+01,4.417654825597624324e+01,4.417654825597624324e+01,4.417654825597624324e+01,4.417654825597624324e+01,4.398853136987611379e+01,4.398853136987611379e+01,4.398853136987611379e+01,4.398853136987611379e+01,4.417654825597624324e+01,4.417654825597624324e+01,4.417654825597624324e+01,4.398853136987611379e+01,4.398853136987611379e+01,4.398853136987611379e+01,4.398853136987611379e+01,4.398853136987611379e+01,4.398853136987611379e+01,4.398853136987611379e+01,4.398853136987611379e+01,4.398853136987611379e+01,4.398853136987611379e+01,4.398853136987611379e+01,4.398853136987611379e+01,4.398853136987611379e+01,4.398853136987611379e+01,4.398853136987611379e+01,4.398853136987611379e+01,4.398853136987611379e+01,4.398853136987611379e+01,4.398853136987611379e+01,4.398853136987611379e+01,4.398853136987611379e+01,4.373428502686597596e+01,4.373428502686597596e+01,4.373428502686597596e+01,4.398853136987611379e+01,4.398853136987611379e+01,4.398853136987611379e+01,4.373428502686597596e+01,4.403292081838603877e+01,4.403292081838603877e+01,4.378117833613875121e+01,4.378117833613875121e+01,4.378117833613875121e+01,4.378117833613875121e+01,4.378117833613875121e+01,4.378117833613875121e+01,4.378117833613875121e+01,4.389446430942750510e+01,4.378117833613875121e+01,4.378117833613875121e+01,4.378117833613875121e+01,4.378117833613875121e+01,4.378117833613875121e+01,4.378117833613875121e+01,4.403292081838603877e+01,4.378117833613875121e+01,4.378117833613875121e+01,4.378117833613875121e+01,4.378117833613875121e+01,4.378117833613875121e+01,4.378117833613875121e+01,4.378117833613875121e+01,4.378117833613875121e+01,4.378117833613875121e+01,4.378117833613875121e+01,4.378117833613875121e+01,4.378117833613875121e+01,4.378117833613875121e+01,4.378117833613875121e+01,4.378117833613875121e+01,4.378117833613875121e+01,4.378117833613875121e+01,4.378117833613875121e+01,4.378117833613875121e+01,4.378117833613875121e+01,4.378117833613875121e+01,4.378117833613875121e+01,4.378117833613875121e+01,4.378117833613875121e+01,4.378117833613875121e+01,4.378117833613875121e+01,4.378117833613875121e+01,4.378117833613875121e+01,4.378117833613875121e+01,4.378117833613875121e+01,4.378117833613875121e+01,4.378117833613875121e+01,4.378117833613875121e+01,4.378117833613875121e+01,4.378117833613875121e+01,4.382840983589987616e+01,4.378117833613875121e+01,4.378117833613875121e+01,4.382840983589987616e+01,4.382840983589987616e+01,4.378117833613875121e+01,4.382840983589987616e+01,4.378117833613875121e+01,4.382840983589987616e+01,4.382840983589987616e+01,4.378117833613875121e+01,4.378117833613875121e+01,4.382840983589987616e+01,4.382840983589987616e+01,4.382840983589987616e+01,4.382840983589987616e+01,4.382840983589987616e+01,4.382840983589987616e+01,4.382840983589987616e+01,4.382840983589987616e+01,4.382840983589987616e+01,4.382840983589987616e+01,4.382840983589987616e+01,4.382840983589987616e+01,4.382840983589987616e+01,4.382840983589987616e+01,4.382840983589987616e+01,4.382840983589987616e+01,4.382840983589987616e+01,4.382840983589987616e+01,4.382840983589987616e+01,4.382840983589987616e+01,4.382840983589987616e+01,4.382840983589987616e+01,4.382840983589987616e+01,4.382840983589987616e+01,4.382840983589987616e+01,4.382840983589987616e+01,4.382840983589987616e+01,4.382840983589987616e+01,4.382840983589987616e+01,4.382840983589987616e+01,4.382840983589987616e+01,4.382840983589987616e+01,4.382840983589987616e+01,4.382840983589987616e+01,4.382840983589987616e+01,4.382840983589987616e+01,4.387592402108303702e+01,4.387592402108303702e+01,4.382840983589987616e+01,4.382840983589987616e+01,4.387592402108303702e+01,4.387592402108303702e+01,4.387592402108303702e+01,4.387592402108303702e+01,4.382840983589987616e+01,4.387592402108303702e+01,4.387592402108303702e+01,4.387592402108303702e+01,4.387592402108303702e+01,4.387592402108303702e+01,4.387592402108303702e+01,4.387592402108303702e+01,4.387592402108303702e+01,4.387592402108303702e+01,4.387592402108303702e+01,4.387592402108303702e+01,4.387592402108303702e+01,4.387592402108303702e+01,4.387592402108303702e+01,4.387592402108303702e+01,4.387592402108303702e+01,4.367901097441276193e+01,4.387592402108303702e+01,4.387592402108303702e+01,4.387592402108303702e+01,4.387592402108303702e+01,4.387592402108303702e+01,4.387592402108303702e+01,4.387592402108303702e+01,4.387592402108303702e+01,4.387592402108303702e+01,4.387592402108303702e+01,4.387592402108303702e+01,4.387592402108303702e+01,4.387592402108303702e+01,4.412221935153525720e+01,4.387592402108303702e+01,4.387592402108303702e+01,4.387592402108303702e+01,4.387592402108303702e+01,4.387592402108303702e+01,4.412221935153525720e+01,4.387592402108303702e+01,4.387592402108303702e+01,4.387592402108303702e+01,4.387592402108303702e+01,4.387592402108303702e+01,4.387592402108303702e+01,4.412221935153525720e+01,4.412221935153525720e+01,4.387592402108303702e+01,4.387592402108303702e+01,4.412221935153525720e+01,4.412221935153525720e+01,4.392363766432607974e+01,4.412221935153525720e+01,4.412221935153525720e+01,4.412221935153525720e+01,4.412221935153525720e+01,4.412221935153525720e+01,4.416703918590358313e+01,4.416703918590358313e+01,4.416703918590358313e+01,4.412221935153525720e+01,4.392363766432607974e+01,4.416703918590358313e+01,4.416703918590358313e+01,4.416703918590358313e+01,4.416703918590358313e+01,4.416703918590358313e+01,4.416703918590358313e+01,4.416703918590358313e+01,4.416703918590358313e+01,4.416703918590358313e+01,4.416703918590358313e+01,4.416703918590358313e+01,4.416703918590358313e+01,4.416703918590358313e+01,4.416703918590358313e+01,4.416703918590358313e+01,4.416703918590358313e+01,4.416703918590358313e+01,4.416703918590358313e+01,4.416703918590358313e+01,4.416703918590358313e+01,4.416703918590358313e+01,4.416703918590358313e+01,4.416703918590358313e+01,4.392363766432607974e+01,4.372528009427684026e+01,4.397110542648223941e+01,4.372528009427684026e+01,4.367901097441276193e+01,4.372528009427684026e+01,4.372528009427684026e+01,4.392773055841794871e+01,4.397110542648223941e+01,4.416703918590358313e+01,4.416703918590358313e+01,4.416703918590358313e+01,4.416703918590358313e+01,4.397110542648223941e+01,4.397110542648223941e+01,4.392363766432607974e+01,4.397110542648223941e+01,4.397110542648223941e+01,4.372528009427684026e+01,4.397110542648223941e+01,4.397110542648223941e+01,4.397110542648223941e+01,4.397110542648223941e+01,4.397110542648223941e+01,4.397110542648223941e+01,4.397110542648223941e+01,4.397110542648223941e+01,4.397110542648223941e+01,4.397110542648223941e+01,4.397110542648223941e+01,4.397110542648223941e+01,4.397110542648223941e+01,4.397110542648223941e+01,4.397110542648223941e+01,4.416703918590358313e+01,4.416703918590358313e+01,4.397110542648223941e+01,4.416703918590358313e+01,4.397110542648223941e+01,4.397110542648223941e+01,4.397110542648223941e+01,4.416703918590358313e+01,4.416703918590358313e+01,4.397110542648223941e+01,4.416703918590358313e+01,4.416703918590358313e+01,4.416703918590358313e+01,4.397110542648223941e+01,4.416703918590358313e+01,4.416703918590358313e+01,4.416703918590358313e+01,4.416703918590358313e+01,4.416703918590358313e+01,4.421186994076516186e+01,4.421186994076516186e+01,4.416703918590358313e+01,4.416703918590358313e+01,4.421186994076516186e+01,4.421186994076516186e+01,4.421186994076516186e+01,4.421186994076516186e+01,4.421186994076516186e+01,4.421186994076516186e+01,4.421186994076516186e+01,4.421186994076516186e+01,4.421186994076516186e+01,4.421186994076516186e+01,4.421186994076516186e+01,4.421186994076516186e+01,4.421186994076516186e+01,4.421186994076516186e+01,4.445314387059725192e+01,4.445314387059725192e+01,4.421186994076516186e+01,4.445314387059725192e+01,4.445314387059725192e+01,4.445314387059725192e+01,4.445314387059725192e+01,4.445314387059725192e+01,4.445314387059725192e+01,4.445314387059725192e+01,4.445314387059725192e+01,4.445314387059725192e+01,4.445314387059725192e+01,4.445314387059725192e+01,4.445314387059725192e+01,4.445314387059725192e+01,4.445314387059725192e+01,4.445314387059725192e+01,4.445314387059725192e+01,4.449501586533647668e+01,4.445314387059725192e+01,4.445314387059725192e+01,4.445314387059725192e+01,4.449501586533647668e+01,4.445314387059725192e+01,4.445314387059725192e+01,4.449501586533647668e+01,4.445314387059725192e+01,4.449501586533647668e+01,4.449501586533647668e+01,4.469535409824263894e+01,4.449501586533647668e+01,4.468907440422576371e+01,4.473456815624059857e+01,4.473456815624059857e+01,4.449501586533647668e+01,4.473456815624059857e+01,4.473456815624059857e+01,4.473456815624059857e+01,4.492623974569336553e+01,4.492623974569336553e+01,4.473456815624059857e+01,4.473456815624059857e+01,4.492623974569336553e+01,4.492623974569336553e+01,4.492623974569336553e+01,4.492623974569336553e+01,4.492623974569336553e+01,4.492623974569336553e+01,4.492623974569336553e+01,4.492623974569336553e+01,4.473456815624059857e+01,4.492623974569336553e+01,4.492623974569336553e+01,4.492623974569336553e+01,4.492623974569336553e+01,4.492623974569336553e+01,4.496636132638689531e+01,4.492623974569336553e+01,4.496636132638689531e+01,4.492623974569336553e+01,4.496636132638689531e+01,4.492623974569336553e+01,4.492623974569336553e+01,4.496636132638689531e+01,4.496636132638689531e+01,4.496636132638689531e+01,4.496636132638689531e+01,4.496636132638689531e+01,4.496636132638689531e+01,4.496636132638689531e+01,4.496636132638689531e+01,4.496636132638689531e+01,4.496636132638689531e+01,4.496636132638689531e+01,4.496636132638689531e+01,4.496636132638689531e+01,4.496636132638689531e+01,4.496636132638689531e+01,4.496636132638689531e+01,4.496636132638689531e+01,4.496636132638689531e+01,4.520206065679855101e+01,4.496636132638689531e+01,4.520206065679855101e+01,4.496636132638689531e+01,4.496636132638689531e+01,4.520206065679855101e+01,4.520206065679855101e+01,4.520206065679855101e+01,4.520206065679855101e+01,4.539065123906829058e+01,4.520206065679855101e+01,4.520206065679855101e+01,4.520206065679855101e+01,4.523910350735715724e+01,4.520206065679855101e+01,4.539065123906829058e+01,4.539065123906829058e+01,4.539065123906829058e+01,4.539065123906829058e+01,4.539065123906829058e+01,4.539065123906829058e+01,4.539065123906829058e+01,4.539065123906829058e+01,4.539065123906829058e+01,4.539065123906829058e+01,4.562525297706638128e+01,4.539065123906829058e+01,4.542885374952196287e+01,4.542885374952196287e+01,4.542885374952196287e+01,4.566111016397275080e+01,4.566111016397275080e+01,4.566111016397275080e+01,4.566111016397275080e+01,4.562525297706638128e+01,4.566111016397275080e+01,4.566111016397275080e+01,4.566111016397275080e+01,4.566111016397275080e+01,4.566111016397275080e+01,4.566111016397275080e+01,4.566111016397275080e+01,4.566111016397275080e+01,4.566111016397275080e+01,4.566111016397275080e+01,4.566111016397275080e+01,4.566111016397275080e+01,4.566111016397275080e+01,4.566111016397275080e+01,4.566111016397275080e+01,4.566111016397275080e+01,4.566111016397275080e+01,4.566111016397275080e+01,4.566111016397275080e+01,4.566111016397275080e+01,4.589465580682455936e+01,4.566111016397275080e+01,4.607801449881764455e+01,4.607801449881764455e+01,4.607801449881764455e+01,4.607801449881764455e+01,4.607801449881764455e+01,4.611199080920410154e+01,4.607801449881764455e+01,4.607801449881764455e+01,4.607801449881764455e+01,4.607801449881764455e+01,4.607801449881764455e+01,4.607801449881764455e+01,4.607801449881764455e+01,4.607801449881764455e+01,4.607801449881764455e+01,4.607801449881764455e+01,4.611199080920410154e+01,4.611199080920410154e+01,4.607801449881764455e+01,4.607801449881764455e+01,4.607801449881764455e+01,4.611199080920410154e+01,4.607801449881764455e+01,4.611199080920410154e+01,4.607801449881764455e+01,4.611199080920410154e+01,4.611199080920410154e+01,4.611199080920410154e+01,4.611199080920410154e+01,4.634250622846325740e+01,4.634250622846325740e+01,4.652299656050028176e+01,4.648992813250283263e+01,4.652299656050028176e+01,4.652299656050028176e+01,4.634250622846325740e+01,4.652299656050028176e+01,4.652299656050028176e+01,4.652299656050028176e+01,4.652299656050028176e+01,4.652299656050028176e+01,4.652299656050028176e+01,4.652299656050028176e+01,4.652299656050028176e+01,4.675258319315584288e+01,4.652299656050028176e+01,4.675258319315584288e+01,4.652299656050028176e+01,4.675258319315584288e+01,4.675258319315584288e+01,4.675258319315584288e+01,4.675258319315584288e+01,4.675258319315584288e+01,4.675258319315584288e+01,4.678281238030253064e+01,4.678281238030253064e+01,4.675258319315584288e+01,4.675258319315584288e+01,4.678281238030253064e+01,4.696046759607487786e+01,4.692927819511881182e+01,4.696046759607487786e+01,4.696046759607487786e+01,4.696046759607487786e+01,4.696046759607487786e+01,4.718749267288855265e+01,4.696046759607487786e+01,4.696046759607487786e+01,4.718749267288855265e+01,4.718749267288855265e+01,4.718749267288855265e+01,4.696046759607487786e+01,4.718749267288855265e+01,4.696046759607487786e+01,4.718749267288855265e+01,4.718749267288855265e+01,4.718749267288855265e+01,4.718749267288855265e+01,4.718749267288855265e+01,4.718749267288855265e+01,4.720041730385185730e+01,4.718749267288855265e+01,4.718749267288855265e+01,4.718749267288855265e+01,4.718749267288855265e+01,4.718749267288855265e+01,4.718749267288855265e+01,4.721584328463664804e+01,4.739070065387902275e+01,4.718749267288855265e+01,4.739070065387902275e+01,4.758758288054828967e+01,4.739070065387902275e+01,4.718749267288855265e+01,4.746312322411285578e+01,4.741543465777205313e+01,4.749172123273346813e+01,4.761546068043602986e+01,4.761546068043602986e+01,4.758758288054828967e+01,4.744244230389443828e+01,4.758758288054828967e+01,4.761546068043602986e+01,4.761546068043602986e+01,4.761546068043602986e+01,4.761546068043602986e+01,4.761546068043602986e+01,4.761546068043602986e+01,4.761546068043602986e+01,4.761546068043602986e+01,4.761546068043602986e+01,4.771690243410906618e+01,4.761546068043602986e+01,4.761546068043602986e+01,4.784110164212191307e+01,4.761546068043602986e+01,4.784110164212191307e+01,4.788743034024784606e+01,4.761546068043602986e+01,4.784110164212191307e+01,4.784110164212191307e+01,4.803674472110525073e+01,4.801068780825220728e+01,4.803674472110525073e+01,4.803674472110525073e+01,4.803674472110525073e+01,4.803674472110525073e+01,4.803674472110525073e+01,4.803674472110525073e+01,4.803674472110525073e+01,4.803674472110525073e+01,4.803674472110525073e+01,4.803674472110525073e+01,4.803674472110525073e+01,4.803674472110525073e+01,4.803674472110525073e+01,4.803674472110525073e+01,4.803674472110525073e+01,4.803674472110525073e+01,4.803674472110525073e+01,4.803674472110525073e+01,4.803674472110525073e+01,4.803674472110525073e+01,4.803674472110525073e+01,4.826034893793362102e+01,4.826034893793362102e+01,4.842740537660959887e+01,4.826034893793362102e+01,4.833572887765912895e+01,4.842740537660959887e+01,4.826034893793362102e+01,4.845160241195897299e+01,4.845160241195897299e+01,4.843850699678630889e+01,4.845160241195897299e+01,4.845160241195897299e+01,4.867341689582291053e+01,4.845160241195897299e+01,4.867341689582291053e+01,4.867341689582291053e+01,4.867341689582291053e+01,4.867341689582291053e+01,4.867341689582291053e+01,4.867341689582291053e+01,4.867341689582291053e+01,4.865000342299673264e+01,4.867341689582291053e+01,4.867341689582291053e+01,4.867341689582291053e+01,4.867341689582291053e+01,4.874767525245659527e+01,4.883797799024578268e+01,4.867341689582291053e+01,4.883797799024578268e+01,4.883797799024578268e+01,4.883797799024578268e+01,4.883797799024578268e+01,4.883797799024578268e+01,4.883797799024578268e+01,4.883797799024578268e+01,4.883797799024578268e+01,4.908054386397506619e+01,4.905883809840211995e+01,4.905883809840211995e+01,4.905883809840211995e+01,4.905883809840211995e+01,4.908054386397506619e+01,4.905883809840211995e+01,4.908054386397506619e+01,4.905883809840211995e+01,4.908054386397506619e+01,4.908054386397506619e+01,4.908054386397506619e+01,4.924264581549977038e+01,4.924264581549977038e+01,4.924264581549977038e+01,4.946198011874252387e+01,4.946198011874252387e+01,4.924264581549977038e+01,4.924264581549977038e+01,4.946198011874252387e+01,4.946198011874252387e+01,4.946198011874252387e+01,4.946198011874252387e+01,4.946198011874252387e+01,4.946198011874252387e+01,4.946198011874252387e+01,4.946198011874252387e+01,4.946198011874252387e+01,4.946198011874252387e+01,4.968158017793278702e+01,4.968158017793278702e+01,4.946198011874252387e+01,4.968158017793278702e+01,4.968158017793278702e+01,4.983937234426075236e+01,4.999556973696523698e+01,4.968158017793278702e+01,4.999556973696523698e+01,4.999556973696523698e+01,4.983937234426075236e+01,4.968158017793278702e+01,4.999556973696523698e+01,4.999556973696523698e+01,5.001640795443454834e+01,5.001640795443454834e+01,4.999556973696523698e+01,4.999556973696523698e+01,5.021274231325825355e+01,4.999556973696523698e+01,5.001640795443454834e+01,4.999556973696523698e+01,5.001640795443454834e+01,5.001640795443454834e+01,5.001640795443454834e+01,5.038734684224449722e+01,5.023339859206201652e+01,5.036616105359746598e+01,5.023339859206201652e+01,5.036616105359746598e+01,5.038734684224449722e+01,5.038734684224449722e+01,5.038734684224449722e+01,5.038734684224449722e+01,5.038734684224449722e+01,5.060322999271470223e+01,5.038734684224449722e+01,5.038734684224449722e+01,5.038734684224449722e+01,5.048450704607906658e+01,5.060322999271470223e+01,5.060322999271470223e+01,5.060322999271470223e+01,5.060322999271470223e+01,5.075447583333867385e+01,5.060322999271470223e+01,5.060322999271470223e+01,5.075447583333867385e+01,5.075447583333867385e+01,5.077409974265727044e+01,5.060322999271470223e+01,5.077409974265727044e+01,5.077409974265727044e+01,5.077409974265727044e+01,5.077409974265727044e+01,5.077409974265727044e+01,5.077409974265727044e+01,5.077409974265727044e+01,5.077409974265727044e+01,5.098884402083221090e+01,5.098884402083221090e+01,5.096917454992804863e+01,5.098884402083221090e+01,5.098884402083221090e+01,5.113794803255724730e+01,5.113794803255724730e+01,5.098884402083221090e+01,5.113794803255724730e+01,5.113794803255724730e+01,5.135151741520138557e+01,5.113794803255724730e+01,5.135151741520138557e+01,5.135151741520138557e+01,5.135151741520138557e+01,5.135151741520138557e+01,5.135151741520138557e+01,5.135151741520138557e+01,5.135151741520138557e+01,5.156471421156408041e+01,5.135151741520138557e+01,5.156471421156408041e+01,5.135151741520138557e+01,5.135151741520138557e+01,5.158321395902793682e+01,5.156471421156408041e+01,5.156471421156408041e+01,5.194145921879256633e+01,5.172932461769149626e+01,5.192226458633549413e+01,5.172932461769149626e+01,5.194145921879256633e+01,5.194145921879256633e+01,5.194145921879256633e+01,5.194145921879256633e+01,5.194145921879256633e+01,5.194145921879256633e+01,5.194145921879256633e+01,5.194145921879256633e+01,5.200632324017465180e+01,5.194145921879256633e+01,5.198695983890274874e+01,5.218010697871560666e+01,5.194145921879256633e+01,5.200632324017465180e+01,5.218010697871560666e+01,5.208518312714684129e+01,5.208518312714684129e+01,5.229596492695996091e+01,5.229596492695996091e+01,5.229596492695996091e+01,5.229596492695996091e+01,5.231393759403469090e+01,5.231393759403469090e+01,5.231393759403469090e+01,5.229596492695996091e+01,5.231393759403469090e+01,5.287467458224605821e+01,5.289197460614619217e+01,5.303107309520061818e+01,5.303107309520061818e+01,5.303107309520061818e+01,5.303107309520061818e+01,5.303107309520061818e+01,5.303107309520061818e+01,5.303107309520061818e+01,5.323929150480815764e+01,5.325550775691386463e+01,5.323929150480815764e+01,5.337625516032225903e+01,5.324683232192118254e+01,5.339275158237989416e+01,5.339275158237989416e+01,5.339275158237989416e+01,5.337625516032225903e+01,5.360010648202833039e+01,5.360010648202833039e+01,5.348616158352268002e+01,5.360010648202833039e+01,5.360010648202833039e+01,5.360010648202833039e+01,5.360010648202833039e+01,5.358299859605171633e+01,5.360010648202833039e+01,5.360010648202833039e+01,5.366110196122512832e+01,5.360010648202833039e+01,5.360010648202833039e+01,5.373526402546644221e+01,5.382801266653117267e+01,5.380662938856335842e+01,5.373526402546644221e+01,5.394113055108002897e+01,5.394113055108002897e+01,5.394113055108002897e+01,5.394113055108002897e+01,5.394113055108002897e+01,5.394113055108002897e+01,5.394113055108002897e+01,5.394113055108002897e+01,5.394113055108002897e+01,5.395723944548709028e+01,5.401743358802828965e+01,5.404989913035214499e+01,5.416634635337234016e+01,5.394113055108002897e+01,5.414610229495670524e+01,5.429566370576130652e+01,5.429566370576130652e+01,5.429566370576130652e+01,5.429566370576130652e+01,5.429566370576130652e+01,5.429566370576130652e+01,5.449975772723052359e+01,5.429566370576130652e+01,5.429566370576130652e+01,5.429566370576130652e+01,5.449975772723052359e+01,5.449975772723052359e+01,5.449975772723052359e+01,5.463059427669027457e+01,5.464670694974269338e+01,5.464670694974269338e+01,5.463059427669027457e+01,5.463059427669027457e+01,5.463059427669027457e+01,5.463059427669027457e+01,5.463059427669027457e+01,5.483312139034073596e+01,5.463059427669027457e+01,5.484997044482434347e+01,5.484997044482434347e+01,5.484997044482434347e+01,5.484997044482434347e+01,5.483312139034073596e+01,5.484997044482434347e+01,5.505219805319619297e+01,5.518081667641497035e+01,5.484997044482434347e+01,5.518081667641497035e+01,5.511023140520580199e+01,5.518081667641497035e+01,5.518081667641497035e+01,5.518081667641497035e+01,5.518081667641497035e+01,5.518081667641497035e+01,5.518081667641497035e+01,5.518081667641497035e+01,5.518081667641497035e+01,5.518081667641497035e+01,5.518081667641497035e+01,5.539821824447418663e+01,5.539821824447418663e+01,5.518081667641497035e+01,5.550824783855953370e+01,5.552523089049473981e+01,5.552523089049473981e+01,5.550824783855953370e+01,5.552523089049473981e+01,5.552523089049473981e+01,5.552523089049473981e+01,5.552523089049473981e+01,5.552523089049473981e+01,5.552523089049473981e+01,5.552523089049473981e+01,5.572496668388203034e+01,5.550824783855953370e+01,5.572496668388203034e+01,5.552523089049473981e+01,5.572496668388203034e+01,5.572496668388203034e+01,5.572496668388203034e+01,5.572496668388203034e+01,5.585022893942975486e+01,5.585022893942975486e+01,5.572496668388203034e+01,5.572496668388203034e+01,5.585022893942975486e+01,5.604832939636951750e+01,5.585022893942975486e+01,5.585022893942975486e+01,5.606535677922081362e+01,5.606535677922081362e+01,5.604832939636951750e+01,5.606535677922081362e+01,5.604832939636951750e+01,5.604832939636951750e+01,5.604832939636951750e+01,5.617188856533068275e+01,5.606535677922081362e+01,5.606535677922081362e+01,5.606535677922081362e+01,5.617188856533068275e+01,5.618907456670254419e+01,5.617188856533068275e+01,5.606535677922081362e+01,5.638632491413304848e+01,5.618907456670254419e+01,5.618907456670254419e+01,5.638632491413304848e+01,5.638632491413304848e+01,5.638632491413304848e+01,5.638632491413304848e+01,5.638632491413304848e+01,5.638632491413304848e+01,5.638632491413304848e+01,5.638632491413304848e+01,5.640267039030333507e+01,5.652486748201773281e+01,5.658234267355832259e+01,5.658234267355832259e+01,5.670398440654663830e+01,5.671196968310154318e+01,5.670398440654663830e+01,5.672129381567819451e+01,5.659950995235768545e+01,5.670398440654663830e+01,5.672129381567819451e+01,5.672129381567819451e+01,5.672129381567819451e+01,5.672129381567819451e+01,5.672129381567819451e+01,5.672129381567819451e+01,5.672129381567819451e+01,5.691643612327862201e+01,5.672129381567819451e+01,5.691643612327862201e+01,5.673698720632719272e+01,5.691643612327862201e+01,5.691643612327862201e+01,5.680926730624602072e+01,5.691643612327862201e+01,5.691643612327862201e+01,5.691643612327862201e+01,5.703662845491697198e+01,5.703662845491697198e+01,5.703662845491697198e+01,5.705331214596468925e+01,5.703662845491697198e+01,5.724760147900764196e+01,5.705331214596468925e+01,5.723008730303632063e+01,5.724760147900764196e+01,5.724760147900764196e+01,5.724760147900764196e+01,5.724760147900764196e+01,5.724760147900764196e+01,5.744054703434013476e+01,5.733459389389692973e+01,5.724760147900764196e+01,5.724760147900764196e+01,5.736636707760114717e+01,5.755895899710485963e+01,5.744054703434013476e+01,5.755895899710485963e+01,5.757590899907959425e+01,5.755895899710485963e+01,5.755895899710485963e+01,5.755895899710485963e+01,5.756677378939521361e+01,5.755895899710485963e+01,5.775018462564293031e+01,5.776797193528339847e+01,5.776797193528339847e+01,5.776797193528339847e+01,5.776797193528339847e+01,5.775018462564293031e+01,5.755895899710485963e+01,5.776797193528339847e+01,5.776797193528339847e+01,5.776797193528339847e+01,5.776797193528339847e+01,5.776797193528339847e+01,5.776797193528339847e+01,5.788501471964748646e+01,5.776797193528339847e+01,5.776797193528339847e+01,5.776797193528339847e+01,5.776797193528339847e+01,5.797580908940427946e+01,5.795863194596616808e+01,5.776797193528339847e+01,5.809262412018566124e+01,5.809262412018566124e+01,5.790142668795682113e+01,5.809262412018566124e+01,5.809262412018566124e+01,5.809262412018566124e+01,5.809262412018566124e+01,5.809262412018566124e+01,5.809262412018566124e+01,5.809262412018566124e+01,5.809262412018566124e+01
3.066867558225302304e+01,3.359398797891798694e+01,3.419915863384148480e+01,3.477833685601992642e+01,3.787953362510928912e+01,4.276172795087674672e+01,4.763066830591680656e+01,4.925785470844068215e+01,4.947647473221655900e+01,4.972243666478985347e+01,4.984222661156712064e+01,4.959033009922985258e+01,4.980911750465725873e+01,4.980911750465725873e+01,4.980911750465725873e+01,4.955508415674785994e+01,4.977469527972966290e+01,4.955508415674785994e+01,4.965402601560609241e+01,4.955508415674785994e+01,4.940817275858266555e+01,4.940817275858266555e+01,4.937216750869330184e+01,4.937216750869330184e+01,4.918762137654174182e+01,4.918762137654174182e+01,4.918762137654174182e+01,4.900151248902336931e+01,4.900151248902336931e+01,4.900151248902336931e+01,4.900151248902336931e+01,4.877901213818330461e+01,4.900151248902336931e+01,4.862705622215424484e+01,4.862705622215424484e+01,4.862705622215424484e+01,4.858894333927127462e+01,4.831525592040103589e+01,4.836429776835414884e+01,4.827836911925778196e+01,4.805291865443360422e+01,4.805291865443360422e+01,4.805291865443360422e+01,4.805291865443360422e+01,4.766673418894563952e+01,4.770558969051779030e+01,4.766673418894563952e+01,4.766673418894563952e+01,4.766673418894563952e+01,4.766673418894563952e+01,4.750388319329714903e+01,4.750388319329714903e+01,4.750388319329714903e+01,4.727625603476877814e+01,4.727625603476877814e+01,4.727625603476877814e+01,4.710998897636805083e+01,4.710998897636805083e+01,4.710998897636805083e+01,4.710998897636805083e+01,4.688139330453196862e+01,4.688139330453196862e+01,4.671153535272616608e+01,4.671153535272616608e+01,4.671153535272616608e+01,4.671153535272616608e+01,4.671153535272616608e+01,4.671153535272616608e+01,4.645872063549879272e+01,4.648204525174636359e+01,4.626681898748145727e+01,4.630841937643737793e+01,4.630841937643737793e+01,4.626681898748145727e+01,4.603431032293074310e+01,4.626681898748145727e+01,4.626681898748145727e+01,4.603431032293074310e+01,4.603431032293074310e+01,4.585774386712689932e+01,4.585774386712689932e+01,4.585774386712689932e+01,4.585774386712689932e+01,4.585774386712689932e+01,4.585774386712689932e+01,4.585774386712689932e+01,4.585774386712689932e+01,4.585774386712689932e+01,4.575944536099976290e+01,4.585774386712689932e+01,4.567842752132968798e+01,4.567842752132968798e+01,4.585774386712689932e+01,4.544358101213321532e+01,4.567842752132968798e+01,4.544358101213321532e+01,4.554921457210019753e+01,4.544358101213321532e+01,4.544358101213321532e+01,4.544358101213321532e+01,4.544358101213321532e+01,4.544358101213321532e+01,4.526010700293879552e+01,4.526010700293879552e+01,4.526010700293879552e+01,4.526010700293879552e+01,4.526010700293879552e+01,4.526010700293879552e+01,4.526010700293879552e+01,4.526010700293879552e+01,4.526010700293879552e+01,4.526010700293879552e+01,4.526010700293879552e+01,4.526010700293879552e+01,4.526010700293879552e+01,4.526010700293879552e+01,4.526010700293879552e+01,4.526010700293879552e+01,4.526010700293879552e+01,4.526010700293879552e+01,4.526010700293879552e+01,4.526010700293879552e+01,4.526010700293879552e+01,4.526010700293879552e+01,4.526010700293879552e+01,4.526010700293879552e+01,4.526010700293879552e+01,4.526010700293879552e+01,4.526010700293879552e+01,4.526010700293879552e+01,4.526010700293879552e+01,4.526010700293879552e+01,4.507406433137288104e+01,4.494322776774970407e+01,4.488075321923047056e+01,4.511584126169057640e+01,4.507406433137288104e+01,4.507406433137288104e+01,4.507406433137288104e+01,4.507406433137288104e+01,4.526010700293879552e+01,4.511584126169057640e+01,4.530308540061209754e+01,4.511584126169057640e+01,4.511584126169057640e+01,4.511584126169057640e+01,4.511584126169057640e+01,4.507406433137288104e+01,4.511584126169057640e+01,4.511584126169057640e+01,4.511584126169057640e+01,4.520040979691589911e+01,4.511584126169057640e+01,4.511584126169057640e+01,4.511584126169057640e+01,4.511584126169057640e+01,4.511584126169057640e+01,4.511584126169057640e+01,4.511584126169057640e+01,4.511584126169057640e+01,4.511584126169057640e+01,4.511584126169057640e+01,4.511584126169057640e+01,4.515717138624270177e+01,4.511584126169057640e+01,4.530308540061209754e+01,4.511584126169057640e+01,4.513450308717955295e+01,4.534556834523546343e+01,4.511584126169057640e+01,4.534556834523546343e+01,4.515717138624270177e+01,4.534556834523546343e+01,4.534556834523546343e+01,4.534556834523546343e+01,4.534556834523546343e+01,4.534556834523546343e+01,4.534556834523546343e+01,4.534556834523546343e+01,4.557713200974347956e+01,4.557713200974347956e+01,4.557713200974347956e+01,4.557713200974347956e+01,4.557713200974347956e+01,4.557713200974347956e+01,4.580966486865522569e+01,4.557713200974347956e+01,4.557713200974347956e+01,4.557713200974347956e+01,4.557713200974347956e+01,4.580966486865522569e+01,4.580966486865522569e+01,4.584664877666387639e+01,4.580966486865522569e+01,4.580966486865522569e+01,4.580966486865522569e+01,4.580966486865522569e+01,4.584664877666387639e+01,4.584664877666387639e+01,4.580966486865522569e+01,4.584664877666387639e+01,4.580966486865522569e+01,4.599197883446620239e+01,4.584664877666387639e+01,4.584664877666387639e+01,4.603004763839147984e+01,4.603004763839147984e+01,4.603004763839147984e+01,4.603004763839147984e+01,4.603004763839147984e+01,4.603004763839147984e+01,4.603004763839147984e+01,4.603004763839147984e+01,4.603004763839147984e+01,4.625949357468244472e+01,4.625949357468244472e+01,4.625949357468244472e+01,4.625949357468244472e+01,4.625949357468244472e+01,4.629451258742056297e+01,4.625949357468244472e+01,4.629451258742056297e+01,4.625949357468244472e+01,4.629451258742056297e+01,4.647487367851807250e+01,4.652299656050028176e+01,4.652299656050028176e+01,4.670157952356554887e+01,4.670157952356554887e+01,4.652299656050028176e+01,4.670157952356554887e+01,4.670157952356554887e+01,4.670157952356554887e+01,4.670157952356554887e+01,4.670157952356554887e+01,4.670157952356554887e+01,4.692927819511881182e+01,4.670157952356554887e+01,4.692927819511881182e+01,4.692927819511881182e+01,4.692927819511881182e+01,4.692927819511881182e+01,4.692927819511881182e+01,4.692927819511881182e+01,4.696046759607487786e+01,4.692927819511881182e+01,4.696046759607487786e+01,4.696046759607487786e+01,4.713619521786118582e+01,4.713619521786118582e+01,4.713619521786118582e+01,4.736146503284313525e+01,4.736146503284313525e+01,4.736146503284313525e+01,4.736146503284313525e+01,4.736146503284313525e+01,4.736146503284313525e+01,4.739070065387902275e+01,4.736146503284313525e+01,4.736146503284313525e+01,4.736146503284313525e+01,4.736146503284313525e+01,4.736146503284313525e+01,4.736146503284313525e+01,4.736146503284313525e+01,4.758758288054828967e+01,4.775801685216302417e+01,4.775801685216302417e+01,4.778674727645967835e+01,4.778674727645967835e+01,4.778674727645967835e+01,4.778674727645967835e+01,4.778674727645967835e+01,4.778674727645967835e+01,4.778674727645967835e+01,4.778674727645967835e+01,4.778674727645967835e+01,4.778674727645967835e+01,4.778674727645967835e+01,4.781397134403474780e+01,4.778674727645967835e+01,4.781397134403474780e+01,4.788743034024784606e+01,4.778674727645967835e+01,4.778674727645967835e+01,4.781397134403474780e+01,4.801068780825220728e+01,4.820538495990713557e+01,4.803674472110525073e+01,4.820538495990713557e+01,4.820538495990713557e+01,4.820538495990713557e+01,4.820538495990713557e+01,4.820538495990713557e+01,4.820538495990713557e+01,4.820538495990713557e+01,4.820538495990713557e+01,4.820538495990713557e+01,4.842740537660959887e+01,4.820538495990713557e+01,4.842740537660959887e+01,4.845160241195897299e+01,4.842740537660959887e+01,4.842740537660959887e+01,4.861763781896272008e+01,4.861763781896272008e+01,4.845160241195897299e+01,4.861763781896272008e+01,4.861763781896272008e+01,4.883797799024578268e+01,4.883797799024578268e+01,4.883797799024578268e+01,4.883797799024578268e+01,4.883797799024578268e+01,4.883797799024578268e+01,4.883797799024578268e+01,4.883797799024578268e+01,4.883797799024578268e+01,4.883797799024578268e+01,4.883797799024578268e+01,4.900079039388188562e+01,4.883797799024578268e+01,4.883797799024578268e+01,4.913169976234382830e+01,4.905883809840211995e+01,4.922029587075110157e+01,4.922029587075110157e+01,4.922029587075110157e+01,4.922029587075110157e+01,4.922029587075110157e+01,4.944008806311889970e+01,4.934130122181412759e+01,4.946198011874252387e+01,4.946198011874252387e+01,4.946198011874252387e+01,4.946198011874252387e+01,4.946198011874252387e+01,4.946198011874252387e+01,4.946198011874252387e+01,4.946198011874252387e+01,4.946198011874252387e+01,4.977842038022714632e+01,4.977842038022714632e+01,4.977842038022714632e+01,4.983937234426075236e+01,4.977842038022714632e+01,4.999556973696523698e+01,4.999556973696523698e+01,4.999556973696523698e+01,4.999556973696523698e+01,4.999556973696523698e+01,4.999556973696523698e+01,4.999556973696523698e+01,4.999556973696523698e+01,4.999556973696523698e+01,5.001640795443454834e+01,5.001640795443454834e+01,5.015003763779524348e+01,5.017142772418555552e+01,5.017142772418555552e+01,5.038734684224449722e+01,5.038734684224449722e+01,5.038734684224449722e+01,5.038734684224449722e+01,5.038734684224449722e+01,5.038734684224449722e+01,5.038734684224449722e+01,5.038734684224449722e+01,5.038734684224449722e+01,5.038734684224449722e+01,5.038734684224449722e+01,5.038734684224449722e+01,5.038734684224449722e+01,5.060322999271470223e+01,5.062236713381734887e+01,5.060322999271470223e+01,5.075447583333867385e+01,5.075447583333867385e+01,5.075447583333867385e+01,5.075447583333867385e+01,5.077409974265727044e+01,5.075447583333867385e+01,5.075447583333867385e+01,5.077409974265727044e+01,5.077409974265727044e+01,5.075447583333867385e+01,5.077409974265727044e+01,5.077409974265727044e+01,5.077409974265727044e+01,5.092411141662315543e+01,5.090400946557946327e+01,5.113794803255724730e+01,5.092411141662315543e+01,5.113794803255724730e+01,5.113794803255724730e+01,5.111782194673828883e+01,5.113794803255724730e+01,5.135151741520138557e+01,5.113794803255724730e+01,5.135151741520138557e+01,5.135151741520138557e+01,5.135151741520138557e+01,5.135151741520138557e+01,5.135151741520138557e+01,5.135151741520138557e+01,5.135151741520138557e+01,5.149809085747268256e+01,5.135151741520138557e+01,5.149809085747268256e+01,5.171042545204758767e+01,5.171042545204758767e+01,5.149809085747268256e+01,5.171042545204758767e+01,5.171042545204758767e+01,5.171042545204758767e+01,5.171042545204758767e+01,5.171042545204758767e+01,5.171042545204758767e+01,5.171917671810773953e+01,5.171042545204758767e+01,5.192226458633549413e+01,5.192226458633549413e+01,5.206561518894479690e+01,5.194145921879256633e+01,5.206561518894479690e+01,5.192226458633549413e+01,5.208518312714684129e+01,5.206561518894479690e+01,5.208518312714684129e+01,5.206561518894479690e+01,5.206561518894479690e+01,5.208518312714684129e+01,5.206561518894479690e+01,5.208518312714684129e+01,5.208518312714684129e+01,5.208518312714684129e+01,5.208518312714684129e+01,5.208518312714684129e+01,5.208518312714684129e+01,5.208518312714684129e+01,5.208518312714684129e+01,5.229596492695996091e+01,5.229596492695996091e+01,5.243738400459243110e+01,5.229596492695996091e+01,5.243738400459243110e+01,5.243738400459243110e+01,5.243738400459243110e+01,5.243738400459243110e+01,5.243738400459243110e+01,5.243738400459243110e+01,5.243738400459243110e+01,5.243738400459243110e+01,5.243738400459243110e+01,5.243738400459243110e+01,5.243738400459243110e+01,5.266552193337268761e+01,5.264678392105463445e+01,5.264678392105463445e+01,5.266552193337268761e+01,5.266552193337268761e+01,5.266552193337268761e+01,5.266552193337268761e+01,5.264678392105463445e+01,5.266552193337268761e+01,5.280503573020670416e+01,5.266552193337268761e+01,5.280503573020670416e+01,5.280503573020670416e+01,5.280503573020670416e+01,5.280503573020670416e+01,5.280503573020670416e+01,5.280503573020670416e+01,5.280503573020670416e+01,5.280503573020670416e+01,5.280503573020670416e+01,5.301347000357549177e+01,5.280503573020670416e+01,5.303107309520061818e+01,5.303107309520061818e+01,5.303107309520061818e+01,5.301347000357549177e+01,5.301347000357549177e+01,5.303107309520061818e+01,5.303107309520061818e+01,5.303107309520061818e+01,5.303107309520061818e+01,5.316870863412587767e+01,5.316870863412587767e+01,5.316870863412587767e+01,5.337625516032225903e+01,5.323929150480815764e+01,5.303107309520061818e+01,5.337625516032225903e+01,5.337625516032225903e+01,5.335783446525701379e+01,5.337625516032225903e+01,5.337625516032225903e+01,5.337625516032225903e+01,5.337625516032225903e+01,5.337625516032225903e+01,5.337625516032225903e+01,5.337625516032225903e+01,5.337625516032225903e+01,5.337625516032225903e+01,5.358299859605171633e+01,5.358299859605171633e+01,5.358299859605171633e+01,5.337625516032225903e+01,5.358299859605171633e+01,5.358299859605171633e+01,5.358299859605171633e+01,5.358299859605171633e+01,5.358299859605171633e+01,5.371789276853218098e+01,5.371789276853218098e+01,5.371789276853218098e+01,5.358299859605171633e+01,5.371789276853218098e+01,5.371789276853218098e+01,5.371789276853218098e+01,5.371789276853218098e+01,5.371789276853218098e+01,5.371789276853218098e+01,5.373526402546644221e+01,5.371789276853218098e+01,5.371789276853218098e+01,5.371789276853218098e+01,5.371789276853218098e+01,5.373526402546644221e+01,5.371789276853218098e+01,5.373526402546644221e+01,5.392315091484083922e+01,5.373526402546644221e+01,5.394113055108002897e+01,5.371789276853218098e+01,5.371789276853218098e+01,5.373526402546644221e+01,5.394113055108002897e+01,5.394113055108002897e+01,5.394113055108002897e+01,5.392315091484083922e+01,5.392315091484083922e+01,5.394113055108002897e+01,5.394113055108002897e+01,5.394113055108002897e+01,5.407426447870320629e+01,5.407426447870320629e+01,5.406446581581604960e+01,5.407426447870320629e+01,5.407426447870320629e+01,5.407426447870320629e+01,5.407426447870320629e+01,5.407426447870320629e+01,5.407426447870320629e+01,5.407426447870320629e+01,5.407426447870320629e+01,5.407426447870320629e+01,5.427863301868581658e+01,5.407426447870320629e+01,5.427863301868581658e+01,5.427863301868581658e+01,5.407426447870320629e+01,5.427863301868581658e+01,5.407426447870320629e+01,5.407426447870320629e+01,5.427863301868581658e+01,5.427863301868581658e+01,5.427863301868581658e+01,5.427863301868581658e+01,5.427863301868581658e+01,5.427863301868581658e+01,5.427863301868581658e+01,5.427863301868581658e+01,5.427863301868581658e+01,5.427863301868581658e+01,5.427863301868581658e+01,5.427863301868581658e+01,5.427863301868581658e+01,5.427863301868581658e+01,5.427863301868581658e+01,5.427863301868581658e+01,5.427863301868581658e+01,5.427863301868581658e+01,5.440980353254202839e+01,5.440980353254202839e+01,5.427863301868581658e+01,5.440980353254202839e+01,5.427863301868581658e+01,5.427863301868581658e+01,5.440980353254202839e+01,5.427863301868581658e+01,5.427863301868581658e+01,5.440980353254202839e+01,5.427863301868581658e+01,5.440980353254202839e+01,5.461266805130483704e+01,5.461266805130483704e+01,5.461266805130483704e+01,5.440980353254202839e+01,5.461266805130483704e+01,5.440980353254202839e+01,5.440980353254202839e+01,5.461266805130483704e+01,5.461266805130483704e+01,5.461266805130483704e+01,5.461266805130483704e+01,5.461266805130483704e+01,5.461266805130483704e+01,5.463059427669027457e+01,5.461266805130483704e+01,5.463059427669027457e+01,5.463059427669027457e+01,5.463059427669027457e+01,5.461266805130483704e+01,5.463059427669027457e+01,5.461266805130483704e+01,5.463059427669027457e+01,5.461266805130483704e+01,5.463059427669027457e+01,5.463059427669027457e+01,5.463059427669027457e+01,5.463059427669027457e+01,5.463059427669027457e+01,5.463059427669027457e+01,5.463059427669027457e+01,5.463059427669027457e+01,5.463059427669027457e+01,5.463059427669027457e+01,5.463059427669027457e+01,5.463059427669027457e+01,5.461266805130483704e+01,5.461266805130483704e+01,5.461266805130483704e+01,5.461266805130483704e+01,5.461266805130483704e+01,5.461266805130483704e+01,5.461266805130483704e+01,5.461266805130483704e+01,5.461266805130483704e+01,5.461266805130483704e+01,5.461266805130483704e+01,5.463059427669027457e+01,5.463059427669027457e+01,5.463059427669027457e+01,5.463059427669027457e+01,5.481453390630758093e+01,5.461266805130483704e+01,5.461266805130483704e+01,5.461266805130483704e+01,5.483312139034073596e+01,5.461266805130483704e+01,5.461266805130483704e+01,5.461266805130483704e+01,5.463059427669027457e+01,5.461266805130483704e+01,5.461266805130483704e+01,5.461266805130483704e+01,5.461266805130483704e+01,5.463059427669027457e+01,5.461266805130483704e+01,5.461266805130483704e+01,5.461266805130483704e+01,5.463059427669027457e+01,5.483312139034073596e+01,5.463059427669027457e+01,5.481453390630758093e+01,5.483312139034073596e+01,5.483312139034073596e+01,5.481453390630758093e+01,5.483312139034073596e+01,5.481453390630758093e+01,5.461266805130483704e+01,5.483312139034073596e+01,5.481453390630758093e+01,5.483312139034073596e+01,5.483312139034073596e+01,5.481453390630758093e+01,5.483312139034073596e+01,5.496208436856407076e+01,5.483312139034073596e+01,5.489131769386310111e+01,5.483312139034073596e+01,5.496208436856407076e+01,5.496208436856407076e+01,5.496208436856407076e+01,5.483312139034073596e+01,5.487263625527299382e+01,5.496208436856407076e+01,5.503462432443151187e+01,5.496208436856407076e+01,5.496208436856407076e+01,5.496208436856407076e+01,5.496208436856407076e+01,5.503462432443151187e+01,5.496208436856407076e+01,5.496208436856407076e+01,5.496208436856407076e+01,5.496208436856407076e+01,5.503462432443151187e+01,5.516304564752958584e+01,5.496208436856407076e+01,5.496208436856407076e+01,5.516304564752958584e+01,5.516304564752958584e+01,5.516304564752958584e+01,5.516304564752958584e+01,5.516304564752958584e+01,5.516304564752958584e+01,5.516304564752958584e+01,5.516304564752958584e+01,5.516304564752958584e+01,5.516304564752958584e+01,5.516304564752958584e+01,5.516304564752958584e+01,5.516304564752958584e+01,5.516304564752958584e+01,5.516304564752958584e+01,5.516304564752958584e+01,5.516304564752958584e+01,5.516304564752958584e+01,5.516304564752958584e+01,5.516304564752958584e+01,5.516304564752958584e+01,5.516304564752958584e+01,5.516304564752958584e+01,5.516304564752958584e+01,5.516304564752958584e+01,5.516304564752958584e+01,5.516304564752958584e+01,5.516304564752958584e+01,5.516304564752958584e+01,5.516304564752958584e+01,5.516304564752958584e+01,5.516304564752958584e+01,5.516304564752958584e+01,5.516304564752958584e+01,5.516304564752958584e+01,5.517125394621662338e+01,5.516304564752958584e+01,5.536294160213402193e+01,5.536294160213402193e+01,5.516304564752958584e+01,5.525313154265901971e+01,5.516304564752958584e+01,5.516304564752958584e+01,5.516304564752958584e+01,5.516304564752958584e+01,5.538141762227061093e+01,5.518081667641497035e+01,5.536294160213402193e+01,5.536294160213402193e+01,5.536294160213402193e+01,5.516304564752958584e+01,5.536294160213402193e+01,5.536294160213402193e+01,5.538141762227061093e+01,5.536294160213402193e+01,5.536294160213402193e+01,5.538141762227061093e+01,5.538141762227061093e+01,5.536294160213402193e+01,5.538141762227061093e+01,5.536294160213402193e+01,5.518081667641497035e+01,5.538141762227061093e+01,5.538141762227061093e+01,5.525313154265901971e+01,5.538141762227061093e+01,5.538141762227061093e+01,5.538141762227061093e+01,5.538141762227061093e+01,5.550824783855953370e+01,5.536294160213402193e+01,5.548958562566863151e+01,5.548958562566863151e+01,5.550824783855953370e+01,5.550824783855953370e+01,5.538141762227061093e+01,5.538141762227061093e+01,5.550824783855953370e+01,5.550824783855953370e+01,5.538141762227061093e+01,5.550824783855953370e+01,5.538141762227061093e+01,5.550824783855953370e+01,5.550824783855953370e+01,5.543864570681346038e+01,5.548958562566863151e+01,5.550824783855953370e+01,5.550824783855953370e+01,5.550824783855953370e+01,5.550824783855953370e+01,5.550824783855953370e+01,5.550824783855953370e+01,5.550824783855953370e+01,5.550824783855953370e+01,5.548958562566863151e+01,5.550824783855953370e+01,5.550824783855953370e+01,5.550824783855953370e+01,5.538141762227061093e+01,5.550824783855953370e+01,5.550824783855953370e+01,5.550824783855953370e+01,5.550824783855953370e+01,5.550824783855953370e+01,5.570722867071967954e+01,5.559792821185148881e+01,5.570722867071967954e+01,5.550824783855953370e+01,5.550824783855953370e+01,5.550824783855953370e+01,5.550824783855953370e+01,5.550824783855953370e+01,5.550824783855953370e+01,5.550824783855953370e+01,5.550824783855953370e+01,5.550824783855953370e+01,5.550824783855953370e+01,5.550824783855953370e+01,5.550824783855953370e+01,5.550824783855953370e+01,5.550824783855953370e+01,5.570722867071967954e+01,5.550824783855953370e+01,5.550824783855953370e+01,5.550824783855953370e+01,5.550824783855953370e+01,5.570722867071967954e+01,5.550824783855953370e+01,5.570722867071967954e+01,5.550824783855953370e+01,5.570722867071967954e+01,5.570722867071967954e+01,5.550824783855953370e+01,5.570722867071967954e+01,5.570722867071967954e+01,5.570722867071967954e+01,5.550824783855953370e+01,5.570722867071967954e+01,5.570722867071967954e+01,5.570722867071967954e+01,5.570722867071967954e+01,5.570722867071967954e+01,5.550824783855953370e+01,5.570722867071967954e+01,5.570722867071967954e+01,5.570722867071967954e+01,5.571541425551185256e+01,5.570722867071967954e+01,5.572496668388203034e+01,5.570722867071967954e+01,5.570722867071967954e+01,5.570722867071967954e+01,5.559792821185148881e+01,5.570722867071967954e+01,5.570722867071967954e+01,5.570722867071967954e+01,5.570722867071967954e+01,5.570722867071967954e+01,5.570722867071967954e+01,5.570722867071967954e+01,5.570722867071967954e+01,5.570722867071967954e+01,5.570722867071967954e+01,5.570722867071967954e+01,5.570722867071967954e+01,5.570722867071967954e+01,5.570722867071967954e+01,5.570722867071967954e+01,5.570722867071967954e+01,5.570722867071967954e+01,5.570722867071967954e+01,5.572496668388203034e+01,5.570722867071967954e+01,5.570722867071967954e+01,5.570722867071967954e+01,5.570722867071967954e+01,5.570722867071967954e+01,5.570722867071967954e+01,5.570722867071967954e+01,5.570722867071967954e+01,5.570722867071967954e+01,5.570722867071967954e+01,5.570722867071967954e+01,5.570722867071967954e+01,5.570722867071967954e+01,5.570722867071967954e+01,5.570722867071967954e+01,5.570722867071967954e+01,5.570722867071967954e+01,5.585022893942975486e+01,5.572496668388203034e+01,5.570722867071967954e+01,5.570722867071967954e+01,5.572496668388203034e+01,5.585022893942975486e+01,5.572496668388203034e+01,5.583231890170660705e+01,5.583231890170660705e+01,5.578148923989872543e+01,5.572496668388203034e+01,5.572496668388203034e+01,5.572496668388203034e+01,5.570722867071967954e+01,5.583231890170660705e+01,5.585022893942975486e+01,5.585022893942975486e+01,5.585022893942975486e+01,5.583231890170660705e+01,5.585022893942975486e+01,5.585022893942975486e+01,5.585022893942975486e+01,5.570722867071967954e+01,5.570722867071967954e+01,5.585022893942975486e+01,5.572496668388203034e+01,5.572496668388203034e+01,5.585022893942975486e+01,5.604832939636951750e+01,5.604832939636951750e+01,5.585022893942975486e+01,5.583231890170660705e+01,5.585022893942975486e+01,5.585022893942975486e+01,5.583231890170660705e+01,5.585022893942975486e+01,5.604832939636951750e+01,5.604832939636951750e+01,5.585022893942975486e+01,5.604832939636951750e+01,5.604832939636951750e+01,5.604832939636951750e+01,5.604832939636951750e+01,5.602968671156445879e+01,5.602968671156445879e+01,5.581447396920412984e+01,5.604832939636951750e+01,5.604832939636951750e+01,5.604832939636951750e+01,5.604832939636951750e+01,5.604832939636951750e+01,5.603827148519112455e+01,5.602968671156445879e+01,5.593951954217980926e+01,5.604832939636951750e+01,5.604832939636951750e+01,5.604832939636951750e+01,5.604832939636951750e+01,5.604832939636951750e+01,5.604832939636951750e+01,5.604832939636951750e+01,5.604832939636951750e+01,5.604832939636951750e+01,5.604832939636951750e+01,5.604832939636951750e+01,5.604832939636951750e+01,5.604832939636951750e+01,5.604832939636951750e+01,5.604832939636951750e+01,5.604832939636951750e+01,5.604832939636951750e+01,5.604832939636951750e+01,5.604832939636951750e+01,5.604832939636951750e+01,5.604832939636951750e+01,5.604832939636951750e+01,5.604832939636951750e+01,5.604832939636951750e+01,5.604832939636951750e+01,5.604832939636951750e+01,5.604832939636951750e+01,5.604832939636951750e+01,5.604832939636951750e+01,5.604832939636951750e+01,5.604832939636951750e+01,5.604832939636951750e+01,5.604832939636951750e+01,5.604832939636951750e+01,5.604832939636951750e+01,5.604832939636951750e+01,5.604832939636951750e+01,5.604832939636951750e+01,5.604832939636951750e+01,5.604832939636951750e+01,5.604832939636951750e+01,5.604832939636951750e+01,5.604832939636951750e+01,5.604832939636951750e+01,5.604832939636951750e+01,5.604832939636951750e+01,5.604832939636951750e+01,5.604832939636951750e+01,5.604832939636951750e+01,5.604832939636951750e+01,5.604832939636951750e+01,5.604832939636951750e+01,5.604832939636951750e+01,5.604832939636951750e+01,5.604832939636951750e+01,5.604832939636951750e+01,5.604832939636951750e+01,5.604832939636951750e+01,5.604832939636951750e+01,5.604832939636951750e+01,5.604832939636951750e+01,5.604832939636951750e+01,5.604832939636951750e+01,5.604832939636951750e+01,5.604832939636951750e+01,5.604832939636951750e+01,5.604832939636951750e+01,5.604832939636951750e+01,5.604832939636951750e+01,5.604832939636951750e+01,5.604832939636951750e+01,5.604832939636951750e+01,5.604832939636951750e+01,5.604832939636951750e+01,5.617188856533068275e+01,5.610408483705412408e+01,5.604832939636951750e+01,5.604832939636951750e+01,5.604832939636951750e+01,5.617188856533068275e+01,5.617188856533068275e+01,5.604832939636951750e+01,5.604832939636951750e+01,5.604832939636951750e+01,5.636836218219213634e+01,5.610408483705412408e+01,5.617188856533068275e+01,5.604832939636951750e+01,5.624524860837721008e+01,5.604832939636951750e+01,5.617188856533068275e+01,5.624524860837721008e+01,5.624524860837721008e+01,5.604832939636951750e+01,5.624524860837721008e+01,5.638632491413304848e+01,5.613708997785541754e+01,5.624524860837721008e+01,5.624524860837721008e+01,5.636836218219213634e+01,5.617188856533068275e+01,5.624524860837721008e+01,5.617188856533068275e+01,5.636836218219213634e+01,5.617188856533068275e+01,5.617188856533068275e+01,5.636836218219213634e+01,5.618907456670254419e+01,5.624524860837721008e+01,5.636836218219213634e+01,5.626305667670677479e+01,5.626305667670677479e+01,5.617188856533068275e+01,5.624524860837721008e+01,5.637664141057232570e+01,5.636836218219213634e+01,5.636836218219213634e+01,5.638632491413304848e+01,5.617188856533068275e+01,5.618907456670254419e+01,5.626305667670677479e+01,5.626305667670677479e+01,5.636836218219213634e+01,5.626305667670677479e+01,5.636836218219213634e+01,5.636836218219213634e+01,5.638632491413304848e+01,5.638632491413304848e+01,5.637664141057232570e+01,5.636836218219213634e+01,5.638632491413304848e+01,5.636836218219213634e+01,5.638632491413304848e+01,5.638632491413304848e+01,5.638632491413304848e+01,5.638632491413304848e+01,5.638632491413304848e+01,5.638632491413304848e+01,5.638632491413304848e+01,5.638632491413304848e+01,5.626305667670677479e+01,5.638632491413304848e+01,5.636836218219213634e+01,5.638632491413304848e+01,5.638632491413304848e+01,5.627798908296173863e+01,5.638632491413304848e+01,5.638632491413304848e+01,5.638632491413304848e+01,5.638632491413304848e+01,5.638632491413304848e+01,5.636836218219213634e+01,5.638632491413304848e+01,5.638632491413304848e+01,5.638632491413304848e+01,5.638632491413304848e+01,5.638632491413304848e+01,5.638632491413304848e+01,5.638632491413304848e+01,5.658234267355832259e+01,5.658234267355832259e+01,5.638632491413304848e+01,5.638632491413304848e+01,5.638632491413304848e+01,5.638632491413304848e+01,5.658234267355832259e+01,5.638632491413304848e+01,5.638632491413304848e+01,5.638632491413304848e+01,5.658234267355832259e+01,5.638632491413304848e+01,5.638632491413304848e+01,5.638632491413304848e+01,5.636836218219213634e+01,5.658234267355832259e+01,5.638632491413304848e+01,5.636836218219213634e+01,5.638632491413304848e+01,5.638632491413304848e+01,5.658234267355832259e+01,5.638632491413304848e+01,5.658234267355832259e+01,5.638632491413304848e+01,5.658234267355832259e+01,5.658234267355832259e+01,5.658234267355832259e+01,5.658234267355832259e+01,5.658234267355832259e+01,5.638632491413304848e+01,5.658234267355832259e+01,5.658234267355832259e+01,5.658234267355832259e+01,5.658234267355832259e+01,5.658234267355832259e+01,5.658234267355832259e+01,5.658234267355832259e+01,5.658234267355832259e+01,5.658234267355832259e+01,5.638632491413304848e+01,5.658234267355832259e+01,5.638632491413304848e+01,5.658234267355832259e+01,5.658234267355832259e+01,5.658234267355832259e+01,5.658234267355832259e+01,5.658234267355832259e+01,5.658234267355832259e+01,5.658234267355832259e+01,5.658234267355832259e+01,5.658234267355832259e+01,5.658234267355832259e+01,5.658234267355832259e+01,5.658234267355832259e+01,5.658234267355832259e+01,5.658234267355832259e+01,5.658234267355832259e+01,5.658234267355832259e+01,5.658234267355832259e+01,5.658234267355832259e+01,5.658234267355832259e+01,5.658234267355832259e+01,5.658234267355832259e+01,5.658234267355832259e+01,5.658234267355832259e+01,5.672129381567819451e+01,5.672129381567819451e+01,5.670398440654663830e+01,5.672129381567819451e+01,5.672129381567819451e+01,5.672129381567819451e+01,5.672129381567819451e+01,5.672129381567819451e+01,5.672129381567819451e+01,5.672129381567819451e+01,5.670398440654663830e+01,5.672129381567819451e+01,5.670398440654663830e+01,5.672129381567819451e+01,5.672129381567819451e+01,5.672129381567819451e+01,5.672129381567819451e+01,5.672129381567819451e+01,5.672129381567819451e+01,5.672129381567819451e+01,5.672129381567819451e+01,5.691643612327862201e+01,5.672129381567819451e+01,5.672129381567819451e+01,5.672129381567819451e+01,5.672129381567819451e+01,5.672129381567819451e+01,5.672129381567819451e+01,5.672129381567819451e+01,5.691643612327862201e+01,5.672129381567819451e+01,5.672129381567819451e+01,5.672129381567819451e+01,5.672129381567819451e+01,5.672129381567819451e+01,5.672129381567819451e+01,5.672129381567819451e+01,5.672129381567819451e+01,5.672129381567819451e+01,5.672129381567819451e+01,5.672129381567819451e+01,5.691643612327862201e+01,5.672129381567819451e+01,5.691643612327862201e+01,5.672129381567819451e+01,5.672129381567819451e+01,5.672129381567819451e+01,5.691643612327862201e+01,5.672129381567819451e+01,5.672129381567819451e+01,5.672129381567819451e+01,5.691643612327862201e+01,5.691643612327862201e+01,5.691643612327862201e+01,5.672129381567819451e+01,5.672129381567819451e+01,5.672129381567819451e+01,5.672129381567819451e+01,5.672129381567819451e+01,5.691643612327862201e+01,5.691643612327862201e+01,5.672129381567819451e+01,5.691643612327862201e+01,5.691643612327862201e+01,5.691643612327862201e+01,5.691643612327862201e+01,5.672129381567819451e+01,5.691643612327862201e+01,5.691643612327862201e+01,5.691643612327862201e+01,5.691643612327862201e+01,5.691643612327862201e+01,5.691643612327862201e+01,5.691643612327862201e+01,5.691643612327862201e+01,5.691643612327862201e+01,5.691643612327862201e+01,5.691643612327862201e+01,5.691643612327862201e+01,5.691643612327862201e+01,5.691643612327862201e+01,5.691643612327862201e+01,5.691643612327862201e+01,5.672129381567819451e+01,5.691643612327862201e+01,5.691643612327862201e+01,5.691643612327862201e+01,5.691643612327862201e+01,5.691643612327862201e+01,5.691643612327862201e+01,5.691643612327862201e+01,5.691643612327862201e+01,5.691643612327862201e+01,5.691643612327862201e+01,5.691643612327862201e+01,5.691643612327862201e+01,5.691643612327862201e+01,5.691643612327862201e+01,5.691643612327862201e+01,5.691643612327862201e+01,5.691643612327862201e+01,5.691643612327862201e+01,5.691643612327862201e+01,5.691643612327862201e+01,5.691643612327862201e+01,5.691643612327862201e+01,5.691643612327862201e+01,5.691643612327862201e+01,5.691643612327862201e+01,5.691643612327862201e+01,5.691643612327862201e+01,5.691643612327862201e+01,5.691643612327862201e+01,5.691643612327862201e+01,5.693298960485712712e+01,5.691643612327862201e+01,5.691643612327862201e+01,5.691643612327862201e+01,5.691643612327862201e+01,5.691643612327862201e+01,5.691643612327862201e+01,5.691643612327862201e+01,5.693298960485712712e+01,5.691643612327862201e+01,5.691643612327862201e+01,5.693298960485712712e+01,5.691643612327862201e+01,5.691643612327862201e+01,5.703662845491697198e+01,5.691643612327862201e+01,5.703662845491697198e+01,5.693298960485712712e+01,5.723008730303632063e+01,5.703662845491697198e+01,5.691643612327862201e+01,5.711028412072989369e+01,5.711028412072989369e+01,5.711028412072989369e+01,5.691643612327862201e+01,5.691643612327862201e+01,5.711028412072989369e+01,5.691643612327862201e+01,5.712767154737832698e+01,5.691643612327862201e+01,5.693298960485712712e+01,5.712767154737832698e+01,5.711028412072989369e+01,5.723008730303632063e+01,5.711028412072989369e+01,5.711028412072989369e+01,5.723008730303632063e+01,5.711028412072989369e+01,5.703662845491697198e+01,5.711028412072989369e+01,5.691643612327862201e+01,5.711028412072989369e+01,5.724760147900764196e+01,5.711028412072989369e+01,5.724760147900764196e+01,5.723008730303632063e+01,5.712767154737832698e+01,5.705331214596468925e+01,5.724760147900764196e+01,5.711028412072989369e+01,5.712767154737832698e+01,5.712767154737832698e+01,5.711028412072989369e+01,5.711028412072989369e+01,5.723008730303632063e+01,5.724760147900764196e+01,5.724760147900764196e+01,5.723008730303632063e+01,5.723008730303632063e+01,5.724760147900764196e+01,5.712767154737832698e+01,5.711028412072989369e+01,5.712767154737832698e+01,5.712767154737832698e+01,5.724760147900764196e+01,5.724760147900764196e+01,5.724760147900764196e+01,5.724760147900764196e+01,5.724760147900764196e+01,5.724760147900764196e+01,5.723008730303632063e+01,5.723008730303632063e+01,5.724760147900764196e+01,5.723008730303632063e+01,5.724760147900764196e+01,5.724760147900764196e+01,5.724760147900764196e+01,5.724760147900764196e+01,5.724760147900764196e+01,5.724760147900764196e+01,5.724760147900764196e+01,5.724760147900764196e+01,5.724760147900764196e+01,5.724760147900764196e+01,5.724760147900764196e+01,5.724760147900764196e+01,5.724760147900764196e+01,5.724760147900764196e+01,5.724760147900764196e+01,5.724760147900764196e+01,5.724760147900764196e+01,5.724760147900764196e+01,5.724760147900764196e+01,5.724760147900764196e+01,5.744054703434013476e+01,5.724760147900764196e+01,5.724760147900764196e+01,5.724760147900764196e+01,5.744054703434013476e+01,5.724760147900764196e+01,5.724760147900764196e+01,5.724760147900764196e+01,5.724760147900764196e+01,5.724760147900764196e+01,5.724760147900764196e+01,5.724760147900764196e+01,5.724760147900764196e+01,5.744054703434013476e+01,5.724760147900764196e+01,5.724760147900764196e+01,5.724760147900764196e+01,5.724760147900764196e+01,5.744054703434013476e+01,5.744054703434013476e+01,5.726356894715445378e+01,5.724760147900764196e+01,5.724760147900764196e+01,5.726356894715445378e+01,5.724760147900764196e+01,5.744054703434013476e+01
1.853555088480696256e+01,1.853555088480696256e+01,1.853555088480696256e+01,1.853555088480696256e+01,1.873839532026798338e+01,1.873839532026798338e+01,1.873839532026798338e+01,1.873839532026798338e+01,1.873839532026798338e+01,1.873839532026798338e+01,1.873839532026798338e+01,1.873839532026798338e+01,1.873839532026798338e+01,1.873839532026798338e+01,1.873839532026798338e+01,1.873839532026798338e+01,1.873839532026798338e+01,1.873839532026798338e+01,1.873839532026798338e+01,1.873839532026798338e+01,1.873839532026798338e+01,1.873839532026798338e+01,1.895708742343601827e+01,1.895708742343601827e+01,1.895708742343601827e+01,1.895708742343601827e+01,1.895708742343601827e+01,1.895708742343601827e+01,1.895708742343601827e+01,1.895708742343601827e+01,1.895708742343601827e+01,1.895708742343601827e+01,1.895708742343601827e+01,1.895708742343601827e+01,1.895708742343601827e+01,1.895708742343601827e+01,1.895708742343601827e+01,1.895708742343601827e+01,1.895708742343601827e+01,1.919154517922432746e+01,1.919154517922432746e+01,1.919154517922432746e+01,1.919154517922432746e+01,1.919154517922432746e+01,1.919154517922432746e+01,1.919154517922432746e+01,1.919154517922432746e+01,1.919154517922432746e+01,1.919154517922432746e+01,1.919154517922432746e+01,1.919154517922432746e+01,1.919154517922432746e+01,1.986020257158426006e+01,2.011597731133325340e+01,2.011597731133325340e+01,2.011597731133325340e+01,2.011597731133325340e+01,2.011597731133325340e+01,2.011597731133325340e+01,2.011597731133325340e+01,2.011597731133325340e+01,2.011597731133325340e+01,2.011597731133325340e+01,2.011597731133325340e+01,2.011597731133325340e+01,2.011597731133325340e+01,2.011597731133325340e+01,2.011597731133325340e+01,2.038890165982947167e+01,2.038890165982947167e+01,2.038890165982947167e+01,2.038890165982947167e+01,2.038890165982947167e+01,2.038890165982947167e+01,2.038890165982947167e+01,2.077012122370753033e+01,2.077012122370753033e+01,2.077012122370753033e+01,2.077012122370753033e+01,2.077012122370753033e+01,2.077012122370753033e+01,2.137053703349110734e+01,2.137053703349110734e+01,2.137053703349110734e+01,2.137053703349110734e+01,2.137053703349110734e+01,2.137053703349110734e+01,2.137053703349110734e+01,2.137053703349110734e+01,2.137053703349110734e+01,2.137053703349110734e+01,2.137053703349110734e+01,2.137053703349110734e+01,2.137053703349110734e+01,2.169110079767775190e+01,2.169110079767775190e+01,2.169110079767775190e+01,2.169110079767775190e+01,2.169110079767775190e+01,2.169110079767775190e+01,2.169110079767775190e+01,2.169110079767775190e+01,2.169110079767775190e+01,2.169110079767775190e+01,2.169110079767775190e+01,2.169110079767775190e+01,2.202279251309818520e+01,2.202279251309818520e+01,2.245504098238140500e+01,2.249582346847046210e+01,2.245504098238140500e+01,2.249582346847046210e+01,2.249582346847046210e+01,2.249582346847046210e+01,2.249582346847046210e+01,2.249582346847046210e+01,2.297583249131106342e+01,2.249582346847046210e+01,2.297583249131106342e+01,2.332224294869341463e+01,2.332224294869341463e+01,2.332224294869341463e+01,2.332224294869341463e+01,2.327125033551944711e+01,2.332224294869341463e+01,2.332224294869341463e+01,2.332224294869341463e+01,2.332224294869341463e+01,2.332224294869341463e+01,2.332224294869341463e+01,2.332224294869341463e+01,2.367848594783212945e+01,2.367848594783212945e+01,2.367848594783212945e+01,2.367848594783212945e+01,2.367848594783212945e+01,2.367848594783212945e+01,2.367848594783212945e+01,2.419308998196071414e+01,2.419308998196071414e+01,2.474162926241152860e+01,2.474162926241152860e+01,2.474162926241152860e+01,2.474162926241152860e+01,2.510167856764710592e+01,2.510167856764710592e+01,2.510167856764710592e+01,2.510167856764710592e+01,2.510167856764710592e+01,2.510167856764710592e+01,2.510167856764710592e+01,2.510167856764710592e+01,2.510167856764710592e+01,2.510167856764710592e+01,2.510167856764710592e+01,2.510167856764710592e+01,2.552482818312438795e+01,2.547010635338682150e+01,2.552482818312438795e+01,2.547010635338682150e+01,2.552482818312438795e+01,2.550030143988846021e+01,2.547010635338682150e+01,2.547010635338682150e+01,2.547010635338682150e+01,2.604027278454521976e+01,2.604027278454521976e+01,2.604027278454521976e+01,2.604027278454521976e+01,2.620616448089751671e+01,2.640944630895256751e+01,2.640944630895256751e+01,2.640944630895256751e+01,2.640944630895256751e+01,2.699368434792026150e+01,2.699368434792026150e+01,2.699368434792026150e+01,2.699368434792026150e+01,2.699368434792026150e+01,2.699368434792026150e+01,2.699368434792026150e+01,2.699368434792026150e+01,2.699368434792026150e+01,2.699368434792026150e+01,2.699368434792026150e+01,2.794260062010334877e+01,2.794260062010334877e+01,2.794260062010334877e+01,2.794260062010334877e+01,2.794260062010334877e+01,2.794260062010334877e+01,2.794260062010334877e+01,2.794260062010334877e+01,2.794260062010334877e+01,2.794260062010334877e+01,2.794260062010334877e+01,2.794260062010334877e+01,2.794260062010334877e+01,2.794260062010334877e+01,2.794260062010334877e+01,2.794260062010334877e+01,2.794260062010334877e+01,2.794260062010334877e+01,2.794260062010334877e+01,2.829722151948775632e+01,2.829722151948775632e+01,2.829722151948775632e+01,2.829722151948775632e+01,2.829722151948775632e+01,2.831546931241280518e+01,2.829722151948775632e+01,2.886223492786999500e+01,2.888660107423213219e+01,2.886223492786999500e+01,2.886223492786999500e+01,2.886223492786999500e+01,2.886223492786999500e+01,2.886223492786999500e+01,2.886223492786999500e+01,2.886223492786999500e+01,2.886223492786999500e+01,2.888660107423213219e+01,2.886223492786999500e+01,2.886223492786999500e+01,2.888660107423213219e+01,2.922604326865931412e+01,2.922604326865931412e+01,2.976030065150001036e+01,2.976030065150001036e+01,2.976030065150001036e+01,2.974767076723199111e+01,2.976030065150001036e+01,2.976030065150001036e+01,2.976030065150001036e+01,2.976030065150001036e+01,2.976030065150001036e+01,2.976030065150001036e+01,2.976030065150001036e+01,2.976030065150001036e+01,2.976030065150001036e+01,2.974767076723199111e+01,2.976030065150001036e+01,2.976030065150001036e+01,2.976030065150001036e+01,3.008804278892233697e+01,2.976030065150001036e+01,3.008804278892233697e+01,3.008804278892233697e+01,3.059789150852639850e+01,3.059789150852639850e+01,3.059687203558381796e+01,3.109156851297567314e+01,3.109156851297567314e+01,3.109156851297567314e+01,3.109156851297567314e+01,3.109156851297567314e+01,3.109156851297567314e+01,3.109461285994613533e+01,3.109156851297567314e+01,3.109749366657608505e+01,3.139964953862971342e+01,3.139964953862971342e+01,3.186937411740979442e+01,3.186937411740979442e+01,3.186937411740979442e+01,3.186937411740979442e+01,3.186937411740979442e+01,3.186937411740979442e+01,3.186937411740979442e+01,3.186937411740979442e+01,3.188498492332211853e+01,3.188498492332211853e+01,3.218633494478950752e+01,3.188498492332211853e+01,3.218633494478950752e+01,3.218633494478950752e+01,3.218633494478950752e+01,3.218633494478950752e+01,3.218633494478950752e+01,3.218633494478950752e+01,3.218633494478950752e+01,3.218633494478950752e+01,3.263840002583424393e+01,3.263840002583424393e+01,3.263840002583424393e+01,3.292934966496406446e+01,3.292934966496406446e+01,3.292934966496406446e+01,3.292934966496406446e+01,3.336000242545745920e+01,3.336000242545745920e+01,3.336000242545745920e+01,3.336000242545745920e+01,3.336000242545745920e+01,3.336000242545745920e+01,3.336000242545745920e+01,3.336000242545745920e+01,3.364087598602745288e+01,3.364087598602745288e+01,3.364087598602745288e+01,3.364087598602745288e+01,3.364087598602745288e+01,3.364087598602745288e+01,3.405231422466262359e+01,3.405231422466262359e+01,3.364087598602745288e+01,3.405231422466262359e+01,3.405231422466262359e+01,3.405231422466262359e+01,3.432352678772191723e+01,3.432352678772191723e+01,3.432352678772191723e+01,3.432352678772191723e+01,3.432352678772191723e+01,3.432352678772191723e+01,3.432352678772191723e+01,3.432352678772191723e+01,3.471790412834373996e+01,3.471790412834373996e+01,3.471790412834373996e+01,3.471790412834373996e+01,3.471790412834373996e+01,3.471790412834373996e+01,3.497992972464260930e+01,3.497992972464260930e+01,3.497992972464260930e+01,3.497992972464260930e+01,3.497992972464260930e+01,3.497992972464260930e+01,3.497992972464260930e+01,3.535924853958421465e+01,3.535924853958421465e+01,3.535924853958421465e+01,3.535924853958421465e+01,3.572905435399790974e+01,3.572905435399790974e+01,3.535924853958421465e+01,3.572905435399790974e+01,3.572905435399790974e+01,3.597865207043100355e+01,3.597865207043100355e+01,3.597865207043100355e+01,3.597865207043100355e+01,3.600076621401949239e+01,3.597865207043100355e+01,3.602835412471569754e+01,3.597865207043100355e+01,3.600076621401949239e+01,3.597865207043100355e+01,3.602835412471569754e+01,3.602835412471569754e+01,3.597865207043100355e+01,3.597865207043100355e+01,3.597865207043100355e+01,3.597865207043100355e+01,3.597865207043100355e+01,3.597865207043100355e+01,3.602835412471569754e+01,3.597865207043100355e+01,3.597865207043100355e+01,3.597865207043100355e+01,3.597865207043100355e+01,3.597865207043100355e+01,3.597865207043100355e+01,3.602835412471569754e+01,3.602835412471569754e+01,3.602835412471569754e+01,3.602835412471569754e+01,3.602835412471569754e+01,3.602835412471569754e+01,3.602835412471569754e+01,3.638544376733050001e+01,3.638544376733050001e+01,3.638544376733050001e+01,3.638544376733050001e+01,3.638544376733050001e+01,3.638544376733050001e+01,3.638544376733050001e+01,3.638544376733050001e+01,3.687028091364473426e+01,3.638544376733050001e+01,3.638544376733050001e+01,3.638544376733050001e+01,3.638544376733050001e+01,3.638544376733050001e+01,3.687028091364473426e+01,3.638544376733050001e+01,3.687028091364473426e+01,3.638544376733050001e+01,3.687028091364473426e+01,3.638544376733050001e+01,3.687028091364473426e+01,3.687028091364473426e+01,3.638544376733050001e+01,3.687028091364473426e+01,3.638544376733050001e+01,3.638544376733050001e+01,3.687028091364473426e+01,3.638544376733050001e+01,3.687028091364473426e+01,3.687028091364473426e+01,3.638544376733050001e+01,3.638544376733050001e+01,3.673474396119968333e+01,3.673474396119968333e+01,3.673474396119968333e+01,3.673474396119968333e+01,3.673474396119968333e+01,3.673474396119968333e+01,3.673474396119968333e+01,3.673474396119968333e+01,3.673474396119968333e+01,3.673474396119968333e+01,3.673474396119968333e+01,3.673474396119968333e+01,3.673474396119968333e+01,3.673474396119968333e+01,3.673474396119968333e+01,3.673474396119968333e+01,3.673474396119968333e+01,3.673474396119968333e+01,3.673474396119968333e+01,3.673474396119968333e+01,3.673474396119968333e+01,3.673474396119968333e+01,3.673474396119968333e+01,3.673474396119968333e+01,3.673474396119968333e+01,3.673474396119968333e+01,3.673474396119968333e+01,3.673474396119968333e+01,3.673474396119968333e+01,3.673474396119968333e+01,3.673474396119968333e+01,3.673474396119968333e+01,3.673474396119968333e+01,3.673474396119968333e+01,3.673474396119968333e+01,3.673474396119968333e+01,3.673474396119968333e+01,3.673474396119968333e+01,3.673474396119968333e+01,3.673474396119968333e+01,3.673474396119968333e+01,3.673474396119968333e+01,3.673474396119968333e+01,3.673474396119968333e+01,3.673474396119968333e+01,3.673474396119968333e+01,3.673474396119968333e+01,3.673474396119968333e+01,3.673474396119968333e+01,3.673474396119968333e+01,3.673474396119968333e+01,3.673474396119968333e+01,3.678510770421534914e+01,3.678510770421534914e+01,3.673474396119968333e+01,3.675712798631530376e+01,3.673474396119968333e+01,3.673474396119968333e+01,3.673474396119968333e+01,3.678510770421534914e+01,3.678510770421534914e+01,3.678510770421534914e+01,3.678510770421534914e+01,3.678510770421534914e+01,3.678510770421534914e+01,3.678510770421534914e+01,3.678510770421534914e+01,3.678510770421534914e+01,3.678510770421534914e+01,3.678510770421534914e+01,3.678510770421534914e+01,3.726938622400943046e+01,3.678510770421534914e+01,3.678510770421534914e+01,3.726938622400943046e+01,3.678510770421534914e+01,3.678510770421534914e+01,3.726938622400943046e+01,3.678510770421534914e+01,3.678510770421534914e+01,3.726938622400943046e+01,3.678510770421534914e+01,3.726938622400943046e+01,3.726938622400943046e+01,3.726938622400943046e+01,3.726938622400943046e+01,3.726938622400943046e+01,3.726938622400943046e+01,3.726938622400943046e+01,3.726938622400943046e+01,3.726938622400943046e+01,3.726938622400943046e+01,3.732772713557262279e+01,3.726938622400943046e+01,3.726938622400943046e+01,3.726938622400943046e+01,3.726938622400943046e+01,3.726938622400943046e+01,3.726938622400943046e+01,3.726938622400943046e+01,3.760395702544457919e+01,3.726938622400943046e+01,3.766086149587167853e+01,3.732772713557262279e+01,3.732772713557262279e+01,3.732772713557262279e+01,3.766086149587167853e+01,3.766086149587167853e+01,3.766086149587167853e+01,3.766086149587167853e+01,3.766086149587167853e+01,3.766086149587167853e+01,3.766086149587167853e+01,3.766086149587167853e+01,3.766086149587167853e+01,3.798727760904472461e+01,3.798727760904472461e+01,3.798727760904472461e+01,3.798727760904472461e+01,3.798727760904472461e+01,3.798727760904472461e+01,3.821993587841040352e+01,3.821993587841040352e+01,3.821993587841040352e+01,3.821993587841040352e+01,3.821993587841040352e+01,3.821993587841040352e+01,3.821993587841040352e+01,3.821993587841040352e+01,3.821993587841040352e+01,3.821993587841040352e+01,3.827984892782281889e+01,3.827984892782281889e+01,3.859556832936243609e+01,3.859556832936243609e+01,3.859556832936243609e+01,3.853778794791519857e+01,3.859556832936243609e+01,3.859556832936243609e+01,3.859556832936243609e+01,3.859556832936243609e+01,3.859556832936243609e+01,3.859556832936243609e+01,3.856351501009201144e+01,3.882386239277898454e+01,3.913185888352357722e+01,3.913185888352357722e+01,3.913185888352357722e+01,3.913185888352357722e+01,3.913185888352357722e+01,3.913185888352357722e+01,3.913185888352357722e+01,3.913185888352357722e+01,3.913185888352357722e+01,3.913185888352357722e+01,3.913185888352357722e+01,3.913185888352357722e+01,3.913185888352357722e+01,3.913185888352357722e+01,3.913185888352357722e+01,3.913185888352357722e+01,3.913185888352357722e+01,3.935362992896786949e+01,3.935362992896786949e+01,3.935362992896786949e+01,3.935362992896786949e+01,3.935362992896786949e+01,3.965488947452250557e+01,3.995224101611566425e+01,3.995224101611566425e+01,3.995224101611566425e+01,3.995224101611566425e+01,3.995224101611566425e+01,4.000898923881921121e+01,4.000898923881921121e+01,4.000898923881921121e+01,4.022457012098738716e+01,4.022457012098738716e+01,4.022457012098738716e+01,4.022457012098738716e+01,4.022457012098738716e+01,4.022457012098738716e+01,4.022457012098738716e+01,4.022457012098738716e+01,4.022457012098738716e+01,4.022457012098738716e+01,4.051372536697141413e+01,4.022457012098738716e+01,4.051372536697141413e+01,4.051372536697141413e+01,4.072355637259364869e+01,4.072355637259364869e+01,4.072355637259364869e+01,4.072355637259364869e+01,4.072355637259364869e+01,4.072355637259364869e+01,4.072355637259364869e+01,4.100784512408063875e+01,4.100784512408063875e+01,4.100784512408063875e+01,4.100784512408063875e+01,4.106462466252312282e+01,4.127071182298757890e+01,4.127071182298757890e+01,4.127071182298757890e+01,4.127071182298757890e+01,4.127071182298757890e+01,4.127071182298757890e+01,4.127071182298757890e+01,4.127071182298757890e+01,4.127071182298757890e+01,4.127071182298757890e+01,4.147284205689835801e+01,4.127071182298757890e+01,4.174864397739369082e+01,4.174864397739369082e+01,4.174864397739369082e+01,4.174864397739369082e+01,4.174864397739369082e+01,4.174864397739369082e+01,4.174864397739369082e+01,4.174864397739369082e+01,4.202195853008075943e+01,4.202195853008075943e+01,4.202195853008075943e+01,4.202195853008075943e+01,4.221770798150353698e+01,4.221770798150353698e+01,4.202195853008075943e+01,4.221770798150353698e+01,4.202195853008075943e+01,4.221770798150353698e+01,4.221770798150353698e+01,4.248754391041391187e+01,4.248754391041391187e+01,4.248754391041391187e+01,4.248754391041391187e+01,4.248754391041391187e+01,4.248754391041391187e+01,4.267852227833515855e+01,4.267852227833515855e+01,4.267852227833515855e+01,4.267852227833515855e+01,4.267852227833515855e+01,4.267852227833515855e+01,4.267852227833515855e+01,4.267852227833515855e+01,4.267852227833515855e+01,4.267852227833515855e+01,4.267852227833515855e+01,4.279875025039878267e+01,4.294515728771656171e+01,4.320999182907020497e+01,4.320999182907020497e+01,4.320999182907020497e+01,4.339526022929086935e+01,4.339526022929086935e+01,4.339526022929086935e+01,4.339526022929086935e+01,4.339526022929086935e+01,4.339526022929086935e+01,4.339526022929086935e+01,4.339526022929086935e+01,4.365714462163040821e+01,4.383825162234726491e+01,4.383825162234726491e+01,4.383825162234726491e+01,4.383825162234726491e+01,4.383825162234726491e+01,4.388936894043663273e+01,4.383825162234726491e+01,4.414635110432274701e+01,4.414635110432274701e+01,4.432456035479872725e+01,4.414635110432274701e+01,4.432456035479872725e+01,4.432456035479872725e+01,4.432456035479872725e+01,4.437521179993458986e+01,4.457899484695430203e+01,4.462759530338771441e+01,4.462759530338771441e+01,4.462759530338771441e+01,4.462759530338771441e+01,4.505303883178308411e+01,4.505303883178308411e+01,4.505303883178308411e+01,4.505303883178308411e+01,4.505303883178308411e+01,4.505303883178308411e+01,4.505303883178308411e+01,4.505303883178308411e+01,4.505303883178308411e+01,4.505303883178308411e+01,4.505303883178308411e+01,4.522467175454432464e+01,4.522467175454432464e+01,4.522467175454432464e+01,4.547250839610823192e+01,4.547250839610823192e+01,4.547250839610823192e+01,4.547250839610823192e+01,4.547250839610823192e+01,4.551958167229343388e+01,4.547250839610823192e+01,4.571892518524421689e+01,4.588623742534001337e+01,4.593249164370810433e+01,4.593249164370810433e+01,4.593249164370810433e+01,4.593249164370810433e+01,4.588623742534001337e+01,4.593249164370810433e+01,4.593249164370810433e+01,4.593249164370810433e+01,4.593249164370810433e+01,4.609801315122448528e+01,4.593249164370810433e+01,4.633995486529246932e+01,4.633995486529246932e+01,4.633995486529246932e+01,4.633995486529246932e+01,4.633995486529246932e+01,4.633995486529246932e+01,4.658048497003985489e+01,4.658048497003985489e+01,4.674216780354199585e+01,4.674216780354199585e+01,4.674216780354199585e+01,4.674216780354199585e+01,4.674216780354199585e+01,4.698059007140824406e+01,4.674216780354199585e+01,4.698059007140824406e+01,4.698059007140824406e+01,4.698059007140824406e+01,4.698059007140824406e+01,4.713931712969785082e+01,4.713931712969785082e+01,4.713931712969785082e+01,4.718338498041502049e+01,4.713931712969785082e+01,4.713931712969785082e+01,4.713931712969785082e+01,4.737564986023041769e+01,4.741860263637830286e+01,4.718338498041502049e+01,4.741860263637830286e+01,4.741860263637830286e+01,4.741860263637830286e+01,4.757504211139541894e+01,4.757504211139541894e+01,4.757504211139541894e+01,4.757504211139541894e+01,4.780831382345866842e+01,4.780831382345866842e+01,4.780831382345866842e+01,4.780831382345866842e+01,4.780831382345866842e+01,4.780831382345866842e+01,4.811349363309386717e+01,4.811349363309386717e+01,4.811349363309386717e+01,4.811349363309386717e+01,4.811349363309386717e+01,4.811349363309386717e+01,4.815651451892189527e+01,4.811349363309386717e+01,4.811349363309386717e+01,4.838659527038227992e+01,4.834450666464516644e+01,4.853589196932639283e+01,4.853589196932639283e+01,4.849346132807983878e+01,4.876421513880919179e+01,4.876421513880919179e+01,4.876421513880919179e+01,4.876421513880919179e+01,4.876421513880919179e+01,4.876421513880919179e+01,4.876421513880919179e+01,4.872260805541863249e+01,4.891107245066258713e+01,4.891107245066258713e+01,4.886917951353392908e+01,4.886917951353392908e+01,4.891107245066258713e+01,4.913763611152180744e+01,4.913763611152180744e+01,4.913763611152180744e+01,4.913763611152180744e+01,4.913763611152180744e+01,4.913763611152180744e+01,4.913763611152180744e+01,4.913763611152180744e+01,4.913763611152180744e+01,4.928217208355792422e+01,4.928217208355792422e+01,4.950697727273599469e+01,4.950697727273599469e+01,4.950697727273599469e+01,4.950697727273599469e+01,4.950697727273599469e+01,4.950697727273599469e+01,4.973018542892987170e+01,4.950697727273599469e+01,4.950697727273599469e+01,4.973018542892987170e+01,4.973018542892987170e+01,4.987234875624510266e+01,4.973018542892987170e+01,4.987234875624510266e+01,4.987234875624510266e+01,4.991232359631684545e+01,4.991232359631684545e+01,5.009378446069347746e+01,5.013324303043221164e+01,5.013324303043221164e+01,5.013324303043221164e+01,5.013324303043221164e+01,5.013324303043221164e+01,5.013324303043221164e+01,5.013324303043221164e+01,5.013324303043221164e+01,5.013324303043221164e+01,5.027349704447568257e+01,5.027349704447568257e+01,5.027349704447568257e+01,5.049272387087982850e+01,5.049272387087982850e+01,5.049272387087982850e+01,5.049272387087982850e+01,5.049272387087982850e+01,5.049272387087982850e+01,5.049272387087982850e+01,5.049272387087982850e+01,5.049272387087982850e+01,5.049272387087982850e+01,5.049272387087982850e+01,5.049272387087982850e+01,5.063092878697897703e+01,5.071045337363903371e+01,5.063092878697897703e+01,5.084846774922370827e+01,5.084846774922370827e+01,5.084846774922370827e+01,5.088691704980938368e+01,5.084846774922370827e+01,5.088691704980938368e+01,5.084846774922370827e+01,5.088691704980938368e+01,5.086583920911689916e+01,5.088691704980938368e+01,5.088691704980938368e+01,5.110260252745291609e+01,5.088691704980938368e+01,5.110260252745291609e+01,5.110260252745291609e+01,5.110260252745291609e+01,5.123881215560036395e+01,5.123881215560036395e+01,5.123881215560036395e+01,5.123881215560036395e+01,5.123881215560036395e+01,5.123881215560036395e+01,5.145286345040376119e+01,5.145286345040376119e+01,5.133531348503614566e+01,5.145286345040376119e+01,5.145286345040376119e+01,5.145286345040376119e+01,5.145286345040376119e+01,5.145286345040376119e+01,5.145286345040376119e+01,5.158715675253299082e+01,5.179957805988960473e+01,5.162466098416508231e+01,5.183684296692860727e+01,5.179957805988960473e+01,5.179957805988960473e+01,5.183684296692860727e+01,5.179957805988960473e+01,5.183684296692860727e+01,5.183684296692860727e+01,5.183684296692860727e+01,5.183684296692860727e+01,5.183684296692860727e+01,5.204764315364741378e+01,5.183684296692860727e+01,5.204764315364741378e+01,5.204764315364741378e+01,5.217999815820148513e+01,5.217999815820148513e+01,5.217999815820148513e+01,5.217999815820148513e+01,5.217999815820148513e+01,5.217999815820148513e+01,5.217999815820148513e+01,5.217999815820148513e+01,5.217999815820148513e+01,5.217999815820148513e+01,5.217999815820148513e+01,5.217999815820148513e+01,5.217999815820148513e+01,5.217999815820148513e+01,5.217999815820148513e+01,5.217999815820148513e+01,5.238921127503697051e+01,5.238921127503697051e+01,5.251976113852283135e+01,5.238921127503697051e+01,5.251976113852283135e+01,5.238921127503697051e+01,5.251976113852283135e+01,5.251976113852283135e+01,5.251976113852283135e+01,5.251976113852283135e+01,5.251976113852283135e+01,5.253626531654821719e+01,5.272739047062976425e+01,5.251976113852283135e+01,5.272739047062976425e+01,5.272739047062976425e+01,5.272739047062976425e+01,5.272739047062976425e+01,5.272739047062976425e+01,5.276376668161405092e+01,5.276376668161405092e+01,5.272739047062976425e+01,5.276376668161405092e+01,5.289265836109236574e+01,5.276376668161405092e+01,5.285619205865486236e+01,5.289265836109236574e+01,5.289265836109236574e+01,5.289265836109236574e+01,5.289265836109236574e+01,5.289265836109236574e+01,5.309862772731856495e+01,5.289265836109236574e+01,5.309862772731856495e+01,5.309862772731856495e+01,5.289265836109236574e+01,5.309862772731856495e+01,5.309862772731856495e+01,5.309862772731856495e+01,5.309862772731856495e+01,5.309862772731856495e+01,5.309862772731856495e+01,5.309862772731856495e+01,5.330327330034198496e+01,5.330327330034198496e+01,5.343023107752574674e+01,5.322580436348928146e+01,5.343023107752574674e+01,5.330327330034198496e+01,5.343023107752574674e+01,5.343023107752574674e+01,5.343023107752574674e+01,5.343023107752574674e+01,5.343023107752574674e+01,5.343023107752574674e+01,5.343023107752574674e+01,5.343023107752574674e+01,5.343023107752574674e+01,5.343023107752574674e+01,5.363332856819177863e+01,5.363332856819177863e+01,5.363332856819177863e+01,5.363332856819177863e+01,5.363332856819177863e+01,5.363332856819177863e+01,5.363332856819177863e+01,5.363332856819177863e+01,5.375863130025287973e+01,5.363332856819177863e+01,5.363332856819177863e+01,5.375863130025287973e+01,5.375863130025287973e+01,5.375863130025287973e+01,5.375863130025287973e+01,5.375863130025287973e+01,5.375863130025287973e+01,5.375863130025287973e+01,5.375863130025287973e+01,5.375863130025287973e+01,5.396018489956562547e+01,5.396018489956562547e+01,5.375863130025287973e+01,5.375863130025287973e+01,5.396018489956562547e+01,5.396018489956562547e+01,5.396018489956562547e+01,5.396018489956562547e+01,5.396018489956562547e+01,5.396018489956562547e+01,5.396018489956562547e+01,5.396018489956562547e+01,5.396018489956562547e+01,5.408388181304454179e+01,5.396018489956562547e+01,5.408388181304454179e+01,5.396018489956562547e+01,5.428389700367927873e+01,5.428389700367927873e+01,5.428389700367927873e+01,5.428389700367927873e+01,5.428389700367927873e+01,5.428389700367927873e+01,5.428389700367927873e+01,5.428389700367927873e+01,5.428389700367927873e+01,5.428389700367927873e+01,5.428389700367927873e+01,5.428389700367927873e+01,5.428389700367927873e+01,5.431981424110787060e+01,5.428389700367927873e+01,5.428389700367927873e+01,5.431981424110787060e+01,5.431981424110787060e+01,5.431981424110787060e+01,5.428389700367927873e+01,5.431981424110787060e+01,5.448261883547964857e+01,5.448261883547964857e+01,5.440603555166805450e+01,5.448261883547964857e+01,5.440603555166805450e+01,5.460451944969297955e+01,5.464053295760880502e+01,5.460451944969297955e+01,5.464053295760880502e+01,5.464053295760880502e+01,5.464053295760880502e+01,5.464053295760880502e+01,5.464053295760880502e+01,5.464053295760880502e+01,5.460451944969297955e+01,5.464053295760880502e+01,5.464053295760880502e+01,5.464053295760880502e+01,5.464053295760880502e+01,5.464053295760880502e+01,5.464053295760880502e+01,5.464053295760880502e+01,5.464053295760880502e+01,5.464053295760880502e+01,5.464053295760880502e+01,5.483778559208664660e+01,5.483778559208664660e+01,5.483778559208664660e+01,5.483778559208664660e+01,5.483778559208664660e+01,5.483778559208664660e+01,5.483778559208664660e+01,5.483778559208664660e+01,5.483778559208664660e+01,5.483778559208664660e+01,5.483778559208664660e+01,5.483778559208664660e+01,5.495821958559055531e+01,5.495821958559055531e+01,5.495821958559055531e+01,5.495821958559055531e+01,5.495821958559055531e+01,5.515396596363434156e+01,5.515396596363434156e+01,5.515396596363434156e+01,5.515396596363434156e+01,5.495821958559055531e+01,5.518956678356768464e+01,5.515396596363434156e+01,5.515396596363434156e+01,5.515396596363434156e+01,5.518956678356768464e+01,5.518956678356768464e+01,5.518956678356768464e+01,5.518956678356768464e+01,5.515396596363434156e+01,5.515396596363434156e+01,5.518956678356768464e+01,5.518956678356768464e+01,5.518956678356768464e+01,5.515396596363434156e+01,5.534844581867294266e+01,5.518956678356768464e+01,5.518956678356768464e+01,5.538415319194736242e+01,5.538415319194736242e+01,5.550291908400029683e+01,5.538415319194736242e+01,5.538415319194736242e+01,5.550291908400029683e+01,5.538415319194736242e+01,5.538415319194736242e+01,5.550291908400029683e+01,5.550291908400029683e+01,5.550291908400029683e+01,5.538415319194736242e+01,5.538415319194736242e+01,5.550291908400029683e+01,5.550291908400029683e+01,5.550291908400029683e+01,5.550291908400029683e+01,5.550291908400029683e+01,5.550291908400029683e+01,5.550291908400029683e+01,5.550291908400029683e+01,5.550291908400029683e+01,5.550291908400029683e+01,5.550291908400029683e+01,5.550291908400029683e+01,5.550291908400029683e+01,5.550291908400029683e+01,5.550291908400029683e+01,5.558996905061087546e+01,5.550291908400029683e+01,5.550291908400029683e+01,5.550291908400029683e+01,5.550291908400029683e+01,5.569601729522774747e+01,5.550291908400029683e+01,5.550291908400029683e+01,5.569601729522774747e+01,5.569601729522774747e+01,5.550291908400029683e+01,5.569601729522774747e+01,5.569601729522774747e+01,5.569601729522774747e+01,5.569601729522774747e+01,5.569601729522774747e+01,5.569601729522774747e+01,5.569601729522774747e+01,5.569601729522774747e+01,5.569601729522774747e+01,5.569601729522774747e+01,5.569601729522774747e+01,5.581335629655647068e+01,5.600497747854750230e+01,5.588786169554285266e+01,5.581335629655647068e+01,5.600497747854750230e+01,5.588786169554285266e+01,5.600497747854750230e+01,5.600497747854750230e+01,5.600497747854750230e+01,5.600497747854750230e+01,5.600497747854750230e+01,5.600497747854750230e+01,5.581335629655647068e+01,5.581335629655647068e+01,5.600497747854750230e+01,5.600497747854750230e+01,5.600497747854750230e+01,5.600497747854750230e+01,5.600497747854750230e+01,5.600497747854750230e+01,5.600497747854750230e+01,5.600497747854750230e+01,5.600497747854750230e+01,5.600497747854750230e+01,5.600497747854750230e+01,5.600497747854750230e+01,5.600497747854750230e+01,5.604039936037917613e+01,5.627114118802204246e+01,5.627114118802204246e+01,5.627114118802204246e+01,5.646129569275065307e+01,5.627114118802204246e+01,5.646129569275065307e+01,5.646129569275065307e+01,5.646129569275065307e+01,5.646129569275065307e+01,5.646129569275065307e+01,5.646129569275065307e+01,5.646129569275065307e+01,5.646129569275065307e+01,5.649626234113042500e+01,5.646129569275065307e+01,5.646129569275065307e+01,5.646129569275065307e+01,5.646129569275065307e+01,5.649626234113042500e+01,5.646129569275065307e+01,5.649626234113042500e+01,5.646129569275065307e+01,5.668532612356264622e+01,5.668532612356264622e+01,5.668532612356264622e+01,5.668532612356264622e+01,5.679861555585347332e+01,5.668532612356264622e+01,5.668532612356264622e+01,5.668532612356264622e+01,5.665017174970574843e+01,5.668532612356264622e+01,5.679861555585347332e+01,5.668532612356264622e+01,5.679861555585347332e+01,5.668532612356264622e+01,5.679861555585347332e+01,5.679861555585347332e+01,5.679861555585347332e+01,5.679861555585347332e+01,5.679861555585347332e+01,5.679861555585347332e+01,5.668532612356264622e+01,5.679861555585347332e+01,5.679861555585347332e+01,5.679861555585347332e+01,5.679861555585347332e+01,5.679861555585347332e+01,5.679861555585347332e+01,5.679861555585347332e+01,5.679861555585347332e+01,5.679861555585347332e+01,5.679861555585347332e+01,5.679861555585347332e+01,5.679861555585347332e+01,5.679861555585347332e+01,5.679861555585347332e+01,5.679861555585347332e+01,5.679861555585347332e+01,5.679861555585347332e+01,5.679861555585347332e+01,5.679861555585347332e+01,5.679861555585347332e+01,5.679861555585347332e+01,5.679861555585347332e+01,5.679861555585347332e+01,5.688321345792387262e+01,5.698625895109443462e+01,5.679861555585347332e+01,5.698625895109443462e+01,5.679861555585347332e+01,5.698625895109443462e+01,5.698625895109443462e+01,5.698625895109443462e+01,5.698625895109443462e+01,5.698625895109443462e+01,5.698625895109443462e+01,5.698625895109443462e+01,5.698625895109443462e+01,5.698625895109443462e+01,5.698625895109443462e+01,5.698625895109443462e+01,5.698625895109443462e+01,5.698625895109443462e+01,5.698625895109443462e+01,5.698625895109443462e+01,5.698625895109443462e+01,5.698625895109443462e+01,5.698625895109443462e+01,5.698625895109443462e+01,5.698625895109443462e+01,5.698625895109443462e+01,5.698625895109443462e+01,5.698625895109443462e+01,5.698625895109443462e+01,5.698625895109443462e+01,5.698625895109443462e+01,5.698625895109443462e+01,5.698625895109443462e+01,5.728451089175619870e+01,5.709827034588143135e+01,5.717262165681366781e+01,5.698625895109443462e+01,5.712080021258922358e+01,5.717262165681366781e+01,5.709827034588143135e+01,5.717262165681366781e+01,5.728451089175619870e+01,5.717262165681366781e+01,5.728451089175619870e+01,5.717262165681366781e+01,5.728451089175619870e+01,5.728451089175619870e+01,5.722310884657686358e+01,5.728451089175619870e+01,5.728451089175619870e+01,5.728451089175619870e+01,5.728451089175619870e+01,5.728451089175619870e+01,5.728451089175619870e+01,5.728451089175619870e+01,5.728451089175619870e+01,5.728451089175619870e+01,5.728451089175619870e+01,5.728451089175619870e+01,5.731940836550762697e+01,5.731940836550762697e+01,5.731940836550762697e+01,5.728451089175619870e+01,5.728451089175619870e+01,5.731940836550762697e+01,5.728451089175619870e+01,5.746946463121352622e+01,5.740289449240488295e+01,5.748533948460204357e+01,5.728451089175619870e+01,5.750457815486572599e+01,5.750457815486572599e+01,5.750457815486572599e+01,5.731940836550762697e+01,5.750457815486572599e+01,5.750457815486572599e+01,5.746946463121352622e+01,5.750457815486572599e+01,5.746946463121352622e+01,5.750457815486572599e+01,5.750457815486572599e+01,5.750457815486572599e+01,5.750457815486572599e+01,5.746946463121352622e+01,5.750457815486572599e+01,5.750457815486572599e+01,5.750457815486572599e+01,5.750457815486572599e+01,5.750457815486572599e+01,5.750457815486572599e+01,5.746946463121352622e+01,5.750457815486572599e+01,5.750457815486572599e+01,5.750457815486572599e+01,5.750457815486572599e+01,5.750457815486572599e+01,5.750457815486572599e+01,5.750457815486572599e+01,5.750457815486572599e+01,5.750457815486572599e+01,5.750457815486572599e+01,5.750457815486572599e+01,5.750457815486572599e+01,5.750457815486572599e+01,5.750457815486572599e+01,5.750457815486572599e+01,5.750457815486572599e+01,5.750457815486572599e+01,5.746946463121352622e+01,5.768845041751453806e+01,5.750457815486572599e+01,5.750457815486572599e+01,5.758748218263224317e+01,5.750457815486572599e+01,5.750457815486572599e+01,5.750457815486572599e+01,5.768845041751453806e+01,5.750457815486572599e+01,5.750457815486572599e+01,5.768845041751453806e+01,5.768845041751453806e+01,5.768845041751453806e+01,5.768845041751453806e+01,5.750457815486572599e+01,5.750457815486572599e+01,5.768845041751453806e+01,5.768845041751453806e+01,5.768845041751453806e+01,5.768845041751453806e+01,5.779900109432192323e+01,5.768845041751453806e+01,5.768845041751453806e+01,5.768845041751453806e+01,5.768845041751453806e+01,5.779900109432192323e+01,5.768845041751453806e+01,5.768845041751453806e+01,5.779900109432192323e+01,5.779900109432192323e+01,5.779900109432192323e+01,5.779900109432192323e+01,5.779900109432192323e+01,5.779900109432192323e+01,5.779900109432192323e+01,5.779900109432192323e+01,5.779900109432192323e+01,5.779900109432192323e+01,5.779900109432192323e+01,5.779900109432192323e+01,5.779900109432192323e+01,5.779900109432192323e+01,5.779900109432192323e+01,5.779900109432192323e+01,5.779900109432192323e+01,5.779900109432192323e+01,5.779900109432192323e+01,5.779900109432192323e+01,5.779900109432192323e+01,5.779900109432192323e+01,5.779900109432192323e+01,5.779900109432192323e+01,5.779900109432192323e+01,5.779900109432192323e+01,5.779900109432192323e+01,5.779900109432192323e+01,5.779900109432192323e+01,5.779900109432192323e+01,5.779900109432192323e+01,5.779900109432192323e+01
1.763859166505169895e+01,1.763859166505169895e+01,1.763859166505169895e+01,1.763859166505169895e+01,1.763859166505169895e+01,1.763859166505169895e+01,1.763859166505169895e+01,1.763859166505169895e+01,1.763859166505169895e+01,1.763859166505169895e+01,1.763859166505169895e+01,1.763859166505169895e+01,1.763859166505169895e+01,1.763859166505169895e+01,1.763859166505169895e+01,1.764456540940842899e+01,1.763859166505169895e+01,1.780122688485157312e+01,1.780682737815969929e+01,1.780122688485157312e+01,1.780122688485157312e+01,1.780682737815969929e+01,1.780122688485157312e+01,1.780682737815969929e+01,1.780682737815969929e+01,1.780682737815969929e+01,1.780682737815969929e+01,1.780682737815969929e+01,1.780682737815969929e+01,1.780122688485157312e+01,1.780682737815969929e+01,1.780682737815969929e+01,1.780682737815969929e+01,1.780682737815969929e+01,1.780682737815969929e+01,1.780682737815969929e+01,1.780682737815969929e+01,1.780682737815969929e+01,1.780682737815969929e+01,1.780682737815969929e+01,1.780682737815969929e+01,1.780682737815969929e+01,1.780682737815969929e+01,1.780682737815969929e+01,1.780682737815969929e+01,1.780682737815969929e+01,1.780682737815969929e+01,1.780682737815969929e+01,1.780682737815969929e+01,1.780682737815969929e+01,1.780682737815969929e+01,1.780682737815969929e+01,1.783221399903278837e+01,1.780682737815969929e+01,1.783221399903278837e+01,1.780682737815969929e+01,1.780682737815969929e+01,1.780682737815969929e+01,1.783221399903278837e+01,1.783221399903278837e+01,1.783221399903278837e+01,1.783221399903278837e+01,1.780682737815969929e+01,1.783221399903278837e+01,1.780682737815969929e+01,1.783221399903278837e+01,1.783221399903278837e+01,1.783221399903278837e+01,1.783221399903278837e+01,1.780682737815969929e+01,1.783221399903278837e+01,1.783221399903278837e+01,1.783221399903278837e+01,1.783221399903278837e+01,1.783221399903278837e+01,1.783221399903278837e+01,1.783221399903278837e+01,1.783221399903278837e+01,1.780682737815969929e+01,1.783221399903278837e+01,1.780682737815969929e+01,1.783221399903278837e+01,1.783221399903278837e+01,1.800816940375202080e+01,1.783221399903278837e+01,1.783221399903278837e+01,1.783221399903278837e+01,1.800816940375202080e+01,1.800816940375202080e+01,1.800816940375202080e+01,1.783221399903278837e+01,1.783221399903278837e+01,1.800816940375202080e+01,1.783221399903278837e+01,1.783221399903278837e+01,1.800816940375202080e+01,1.783221399903278837e+01,1.783221399903278837e+01,1.800816940375202080e+01,1.798411592591168429e+01,1.800816940375202080e+01,1.800816940375202080e+01,1.800816940375202080e+01,1.800816940375202080e+01,1.783221399903278837e+01,1.800816940375202080e+01,1.800816940375202080e+01,1.800816940375202080e+01,1.800816940375202080e+01,1.800816940375202080e+01,1.783221399903278837e+01,1.800816940375202080e+01,1.800816940375202080e+01,1.800816940375202080e+01,1.800816940375202080e+01,1.800816940375202080e+01,1.800816940375202080e+01,1.800816940375202080e+01,1.831303224562521592e+01,1.800816940375202080e+01,1.800816940375202080e+01,1.800816940375202080e+01,1.800816940375202080e+01,1.800816940375202080e+01,1.800816940375202080e+01,1.800816940375202080e+01,1.800816940375202080e+01,1.831303224562521592e+01,1.800816940375202080e+01,1.831303224562521592e+01,1.800816940375202080e+01,1.800816940375202080e+01,1.831303224562521592e+01,1.800816940375202080e+01,1.831303224562521592e+01,1.800816940375202080e+01,1.800816940375202080e+01,1.800816940375202080e+01,1.800816940375202080e+01,1.831303224562521592e+01,1.800816940375202080e+01,1.831303224562521592e+01,1.800816940375202080e+01,1.800816940375202080e+01,1.831303224562521592e+01,1.831303224562521592e+01,1.831303224562521592e+01,1.800816940375202080e+01,1.800816940375202080e+01,1.831303224562521592e+01,1.800816940375202080e+01,1.831303224562521592e+01,1.831303224562521592e+01,1.831303224562521592e+01,1.800816940375202080e+01,1.831303224562521592e+01,1.831303224562521592e+01,1.831303224562521592e+01,1.831303224562521592e+01,1.831303224562521592e+01,1.800816940375202080e+01,1.831303224562521592e+01,1.800816940375202080e+01,1.831303224562521592e+01,1.831303224562521592e+01,1.831303224562521592e+01,1.831303224562521592e+01,1.831303224562521592e+01,1.831303224562521592e+01,1.831303224562521592e+01,1.831303224562521592e+01,1.831303224562521592e+01,1.831303224562521592e+01,1.831303224562521592e+01,1.831303224562521592e+01,1.831303224562521592e+01,1.831303224562521592e+01,1.831303224562521592e+01,1.831303224562521592e+01,1.831303224562521592e+01,1.831303224562521592e+01,1.829760601199733117e+01,1.831303224562521592e+01,1.831303224562521592e+01,1.831303224562521592e+01,1.831303224562521592e+01,1.831303224562521592e+01,1.831303224562521592e+01,1.831303224562521592e+01,1.831303224562521592e+01,1.831303224562521592e+01,1.831303224562521592e+01,1.831303224562521592e+01,1.831303224562521592e+01,1.831303224562521592e+01,1.831303224562521592e+01,1.831303224562521592e+01,1.829760601199733117e+01,1.831303224562521592e+01,1.831303224562521592e+01,1.829760601199733117e+01,1.831303224562521592e+01,1.831303224562521592e+01,1.829760601199733117e+01,1.831303224562521592e+01,1.831303224562521592e+01,1.829760601199733117e+01,1.831303224562521592e+01,1.831303224562521592e+01,1.831303224562521592e+01,1.831303224562521592e+01,1.831303224562521592e+01,1.831303224562521592e+01,1.831303224562521592e+01,1.831303224562521592e+01,1.831303224562521592e+01,1.831303224562521592e+01,1.831303224562521592e+01,1.831303224562521592e+01,1.831303224562521592e+01,1.829760601199733117e+01,1.831303224562521592e+01,1.831303224562521592e+01,1.831303224562521592e+01,1.831303224562521592e+01,1.831303224562521592e+01,1.831303224562521592e+01,1.831303224562521592e+01,1.831303224562521592e+01,1.829760601199733117e+01,1.831303224562521592e+01,1.831303224562521592e+01,1.831303224562521592e+01,1.829760601199733117e+01,1.831303224562521592e+01,1.829760601199733117e+01,1.831303224562521592e+01,1.831303224562521592e+01,1.831303224562521592e+01,1.831303224562521592e+01,1.829760601199733117e+01,1.831303224562521592e+01,1.831303224562521592e+01,1.831303224562521592e+01,1.829760601199733117e+01,1.829760601199733117e+01,1.831303224562521592e+01,1.831303224562521592e+01,1.829760601199733117e+01,1.831303224562521592e+01,1.830173297233372054e+01,1.831303224562521592e+01,1.830173297233372054e+01,1.829760601199733117e+01,1.831303224562521592e+01,1.831303224562521592e+01,1.829760601199733117e+01,1.831303224562521592e+01,1.831303224562521592e+01,1.831303224562521592e+01,1.829760601199733117e+01,1.829760601199733117e+01,1.829760601199733117e+01,1.831303224562521592e+01,1.829760601199733117e+01,1.829760601199733117e+01,1.831303224562521592e+01,1.831303224562521592e+01,1.829760601199733117e+01,1.831303224562521592e+01,1.829760601199733117e+01,1.829760601199733117e+01,1.831303224562521592e+01,1.831303224562521592e+01,1.829760601199733117e+01,1.829760601199733117e+01,1.829760601199733117e+01,1.831303224562521592e+01,1.829760601199733117e+01,1.831303224562521592e+01,1.848836730289211516e+01,1.829760601199733117e+01,1.831303224562521592e+01,1.848836730289211516e+01,1.829760601199733117e+01,1.848836730289211516e+01,1.829760601199733117e+01,1.829760601199733117e+01,1.829760601199733117e+01,1.838129590617078790e+01,1.829760601199733117e+01,1.830173297233372054e+01,1.848836730289211516e+01,1.848836730289211516e+01,1.831303224562521592e+01,1.850225301346609541e+01,1.850225301346609541e+01,1.829760601199733117e+01,1.848836730289211516e+01,1.831303224562521592e+01,1.848836730289211516e+01,1.848836730289211516e+01,1.848836730289211516e+01,1.848836730289211516e+01,1.848836730289211516e+01,1.829760601199733117e+01,1.850225301346609541e+01,1.850225301346609541e+01,1.850225301346609541e+01,1.848836730289211516e+01,1.848836730289211516e+01,1.850225301346609541e+01,1.850225301346609541e+01,1.848836730289211516e+01,1.850225301346609541e+01,1.850225301346609541e+01,1.848836730289211516e+01,1.848836730289211516e+01,1.848836730289211516e+01,1.850225301346609541e+01,1.848836730289211516e+01,1.850225301346609541e+01,1.848836730289211516e+01,1.848836730289211516e+01,1.850225301346609541e+01,1.850225301346609541e+01,1.848836730289211516e+01,1.848836730289211516e+01,1.850225301346609541e+01,1.850225301346609541e+01,1.850225301346609541e+01,1.850225301346609541e+01,1.850225301346609541e+01,1.850225301346609541e+01,1.849187050519939746e+01,1.848836730289211516e+01,1.850225301346609541e+01,1.850225301346609541e+01,1.850225301346609541e+01,1.850225301346609541e+01,1.850225301346609541e+01,1.850225301346609541e+01,1.850225301346609541e+01,1.850225301346609541e+01,1.850225301346609541e+01,1.850225301346609541e+01,1.850225301346609541e+01,1.850225301346609541e+01,1.850225301346609541e+01,1.850225301346609541e+01,1.850225301346609541e+01,1.850225301346609541e+01,1.850225301346609541e+01,1.850225301346609541e+01,1.850225301346609541e+01,1.850225301346609541e+01,1.850225301346609541e+01,1.850225301346609541e+01,1.850225301346609541e+01,1.850225301346609541e+01,1.850225301346609541e+01,1.850225301346609541e+01,1.850225301346609541e+01,1.850225301346609541e+01,1.850225301346609541e+01,1.850225301346609541e+01,1.850225301346609541e+01,1.850225301346609541e+01,1.883117332435899627e+01,1.883117332435899627e+01,1.883117332435899627e+01,1.883117332435899627e+01,1.883117332435899627e+01,1.850225301346609541e+01,1.883117332435899627e+01,1.883117332435899627e+01,1.850225301346609541e+01,1.883117332435899627e+01,1.883117332435899627e+01,1.883117332435899627e+01,1.883117332435899627e+01,1.883117332435899627e+01,1.883117332435899627e+01,1.883117332435899627e+01,1.883117332435899627e+01,1.883117332435899627e+01,1.883117332435899627e+01,1.883117332435899627e+01,1.883117332435899627e+01,1.883117332435899627e+01,1.883117332435899627e+01,1.883117332435899627e+01,1.883117332435899627e+01,1.883117332435899627e+01,1.883117332435899627e+01,1.883117332435899627e+01,1.883117332435899627e+01,1.883117332435899627e+01,1.883117332435899627e+01,1.883117332435899627e+01,1.883117332435899627e+01,1.883117332435899627e+01,1.883117332435899627e+01,1.903516705550732979e+01,1.903516705550732979e+01,1.903516705550732979e+01,1.883117332435899627e+01,1.903516705550732979e+01,1.883117332435899627e+01,1.903516705550732979e+01,1.903516705550732979e+01,1.903516705550732979e+01,1.903516705550732979e+01,1.903516705550732979e+01,1.903516705550732979e+01,1.903516705550732979e+01,1.903516705550732979e+01,1.903516705550732979e+01,1.903659764084403960e+01,1.903659764084403960e+01,1.903516705550732979e+01,1.903659764084403960e+01,1.903659764084403960e+01,1.903659764084403960e+01,1.903516705550732979e+01,1.903516705550732979e+01,1.903659764084403960e+01,1.903659764084403960e+01,1.903659764084403960e+01,1.903659764084403960e+01,1.903659764084403960e+01,1.903659764084403960e+01,1.903659764084403960e+01,1.903659764084403960e+01,1.903659764084403960e+01,1.903659764084403960e+01,1.903659764084403960e+01,1.903659764084403960e+01,1.903659764084403960e+01,1.903659764084403960e+01,1.903659764084403960e+01,1.903659764084403960e+01,1.903659764084403960e+01,1.903659764084403960e+01,1.903659764084403960e+01,1.903659764084403960e+01,1.903659764084403960e+01,1.903659764084403960e+01,1.903659764084403960e+01,1.903516705550732979e+01,1.903659764084403960e+01,1.903659764084403960e+01,1.903659764084403960e+01,1.903659764084403960e+01,1.903659764084403960e+01,1.903659764084403960e+01,1.903659764084403960e+01,1.903516705550732979e+01,1.903659764084403960e+01,1.903659764084403960e+01,1.903659764084403960e+01,1.903659764084403960e+01,1.903659764084403960e+01,1.903659764084403960e+01,1.903659764084403960e+01,1.903659764084403960e+01,1.903659764084403960e+01,1.903516705550732979e+01,1.903659764084403960e+01,1.903516705550732979e+01,1.903659764084403960e+01,1.963854366320900269e+01,1.903659764084403960e+01,1.926165722557474425e+01,1.926165722557474425e+01,1.926165722557474425e+01,1.926165722557474425e+01,1.926165722557474425e+01,1.926165722557474425e+01,1.963854366320900269e+01,1.941732063868597891e+01,1.963854366320900269e+01,1.963854366320900269e+01,1.963854366320900269e+01,1.963854366320900269e+01,1.963854366320900269e+01,1.963854366320900269e+01,1.963854366320900269e+01,1.963854366320900269e+01,1.963854366320900269e+01,1.963854366320900269e+01,1.963854366320900269e+01,1.963854366320900269e+01,1.963854366320900269e+01,1.963854366320900269e+01,1.963854366320900269e+01,1.963854366320900269e+01,1.963854366320900269e+01,1.963854366320900269e+01,1.963854366320900269e+01,1.963854366320900269e+01,1.963854366320900269e+01,1.963854366320900269e+01,1.963854366320900269e+01,1.963854366320900269e+01,1.963854366320900269e+01,1.963854366320900269e+01,1.963854366320900269e+01,1.963854366320900269e+01,1.963854366320900269e+01,1.963854366320900269e+01,1.963854366320900269e+01,1.963854366320900269e+01,1.963854366320900269e+01,1.963854366320900269e+01,1.963854366320900269e+01,1.963854366320900269e+01,1.963854366320900269e+01,1.963854366320900269e+01,1.963854366320900269e+01,1.988057743877504180e+01,1.963854366320900269e+01,1.988057743877504180e+01,1.988057743877504180e+01,1.988057743877504180e+01,1.988057743877504180e+01,1.988057743877504180e+01,1.988057743877504180e+01,1.988057743877504180e+01,1.988057743877504180e+01,2.030402733696771733e+01,1.988057743877504180e+01,1.988057743877504180e+01,1.988057743877504180e+01,1.988057743877504180e+01,1.988057743877504180e+01,1.988057743877504180e+01,1.988057743877504180e+01,1.988057743877504180e+01,2.030402733696771733e+01,2.030402733696771733e+01,2.030402733696771733e+01,2.030402733696771733e+01,2.030402733696771733e+01,2.030402733696771733e+01,2.030402733696771733e+01,2.030402733696771733e+01,2.030402733696771733e+01,2.030402733696771733e+01,2.030402733696771733e+01,2.030402733696771733e+01,2.030402733696771733e+01,2.078625756620715492e+01,2.078625756620715492e+01,2.078625756620715492e+01,2.103363355384912126e+01,2.078625756620715492e+01,2.103363355384912126e+01,2.056069790043395429e+01,2.103363355384912126e+01,2.103363355384912126e+01,2.103363355384912126e+01,2.103363355384912126e+01,2.096066283979244105e+01,2.103363355384912126e+01,2.103363355384912126e+01,2.103363355384912126e+01,2.103363355384912126e+01,2.103363355384912126e+01,2.103363355384912126e+01,2.103363355384912126e+01,2.103363355384912126e+01,2.103363355384912126e+01,2.103363355384912126e+01,2.103363355384912126e+01,2.103363355384912126e+01,2.103363355384912126e+01,2.103363355384912126e+01,2.103363355384912126e+01,2.103363355384912126e+01,2.103363355384912126e+01,2.103363355384912126e+01,2.103363355384912126e+01,2.103363355384912126e+01,2.123423547724591742e+01,2.130196593056506771e+01,2.130196593056506771e+01,2.130196593056506771e+01,2.130196593056506771e+01,2.123423547724591742e+01,2.130196593056506771e+01,2.130196593056506771e+01,2.123423547724591742e+01,2.123423547724591742e+01,2.123423547724591742e+01,2.123423547724591742e+01,2.123423547724591742e+01,2.130196593056506771e+01,2.130196593056506771e+01,2.123423547724591742e+01,2.123423547724591742e+01,2.123423547724591742e+01,2.130196593056506771e+01,2.123423547724591742e+01,2.123423547724591742e+01,2.123423547724591742e+01,2.189467249291463347e+01,2.232184221140938618e+01,2.173505399184518083e+01,2.183587747373840671e+01,2.232184221140938618e+01,2.232184221140938618e+01,2.232184221140938618e+01,2.232184221140938618e+01,2.232184221140938618e+01,2.232184221140938618e+01,2.232184221140938618e+01,2.232184221140938618e+01,2.232184221140938618e+01,2.232184221140938618e+01,2.232184221140938618e+01,2.232184221140938618e+01,2.232184221140938618e+01,2.232184221140938618e+01,2.232184221140938618e+01,2.232184221140938618e+01,2.264159307926206566e+01,2.264159307926206566e+01,2.246378915419195010e+01,2.264159307926206566e+01,2.232184221140938618e+01,2.264159307926206566e+01,2.264159307926206566e+01,2.264159307926206566e+01,2.264159307926206566e+01,2.270957006455124016e+01,2.270957006455124016e+01,2.270957006455124016e+01,2.270957006455124016e+01,2.270957006455124016e+01,2.270957006455124016e+01,2.316837513200525223e+01,2.316837513200525223e+01,2.316837513200525223e+01,2.316837513200525223e+01,2.316837513200525223e+01,2.349655899979317653e+01,2.356791559607075826e+01,2.349655899979317653e+01,2.349655899979317653e+01,2.349655899979317653e+01,2.349655899979317653e+01,2.356791559607075826e+01,2.349655899979317653e+01,2.349655899979317653e+01,2.349655899979317653e+01,2.356791559607075826e+01,2.349655899979317653e+01,2.349655899979317653e+01,2.349655899979317653e+01,2.349655899979317653e+01,2.349655899979317653e+01,2.383895113857587944e+01,2.383895113857587944e+01,2.383895113857587944e+01,2.383895113857587944e+01,2.383895113857587944e+01,2.383895113857587944e+01,2.383895113857587944e+01,2.383895113857587944e+01,2.383895113857587944e+01,2.383895113857587944e+01,2.383895113857587944e+01,2.383895113857587944e+01,2.383895113857587944e+01,2.383895113857587944e+01,2.383895113857587944e+01,2.383895113857587944e+01,2.474162926241152860e+01,2.454815277629104031e+01,2.474162926241152860e+01,2.474162926241152860e+01,2.474162926241152860e+01,2.474162926241152860e+01,2.474162926241152860e+01,2.474162926241152860e+01,2.474162926241152860e+01,2.474162926241152860e+01,2.474162926241152860e+01,2.474162926241152860e+01,2.474162926241152860e+01,2.474162926241152860e+01,2.474162926241152860e+01,2.510167856764710592e+01,2.510167856764710592e+01,2.510167856764710592e+01,2.474162926241152860e+01,2.567569561291981017e+01,2.510167856764710592e+01,2.567569561291981017e+01,2.567569561291981017e+01,2.567569561291981017e+01,2.567569561291981017e+01,2.567569561291981017e+01,2.567569561291981017e+01,2.567569561291981017e+01,2.567569561291981017e+01,2.567569561291981017e+01,2.567569561291981017e+01,2.604027278454521976e+01,2.604027278454521976e+01,2.604027278454521976e+01,2.567569561291981017e+01,2.604027278454521976e+01,2.604027278454521976e+01,2.604027278454521976e+01,2.604027278454521976e+01,2.604027278454521976e+01,2.604027278454521976e+01,2.630398924756043755e+01,2.663108821506562407e+01,2.663108821506562407e+01,2.663108821506562407e+01,2.663108821506562407e+01,2.699368434792026150e+01,2.699368434792026150e+01,2.699368434792026150e+01,2.699368434792026150e+01,2.699368434792026150e+01,2.699368434792026150e+01,2.699368434792026150e+01,2.699368434792026150e+01,2.699368434792026150e+01,2.699368434792026150e+01,2.699368434792026150e+01,2.758784492106669362e+01,2.758784492106669362e+01,2.758784492106669362e+01,2.758784492106669362e+01,2.735879184052875956e+01,2.754400868466053964e+01,2.758784492106669362e+01,2.794260062010334877e+01,2.794260062010334877e+01,2.790185991476093719e+01,2.794260062010334877e+01,2.790185991476093719e+01,2.790185991476093719e+01,2.790185991476093719e+01,2.790185991476093719e+01,2.790185991476093719e+01,2.790185991476093719e+01,2.794260062010334877e+01,2.790185991476093719e+01,2.848470801937184049e+01,2.790185991476093719e+01,2.883211648314648912e+01,2.867298634080431086e+01,2.848470801937184049e+01,2.883211648314648912e+01,2.883211648314648912e+01,2.851838797663706515e+01,2.883211648314648912e+01,2.883211648314648912e+01,2.883211648314648912e+01,2.883211648314648912e+01,2.883211648314648912e+01,2.883211648314648912e+01,2.883211648314648912e+01,2.883211648314648912e+01,2.883211648314648912e+01,2.883211648314648912e+01,2.883211648314648912e+01,2.883211648314648912e+01,2.883211648314648912e+01,2.883211648314648912e+01,2.883211648314648912e+01,2.898826840101119373e+01,2.883211648314648912e+01,2.917857855270489154e+01,2.917857855270489154e+01,2.917857855270489154e+01,2.917857855270489154e+01,2.917857855270489154e+01,2.917857855270489154e+01,2.972963873651722011e+01,2.917857855270489154e+01,2.972963873651722011e+01,2.972963873651722011e+01,2.917857855270489154e+01,2.972963873651722011e+01,2.972963873651722011e+01,2.972963873651722011e+01,2.972963873651722011e+01,2.972963873651722011e+01,2.972963873651722011e+01,2.970539505699343152e+01,2.972963873651722011e+01,2.972963873651722011e+01,2.972963873651722011e+01,2.972963873651722011e+01,2.972963873651722011e+01,2.970539505699343152e+01,2.972963873651722011e+01,2.972963873651722011e+01,2.988082609708400383e+01,3.004389664569850282e+01,3.006487021465477838e+01,3.004389664569850282e+01,3.006487021465477838e+01,3.006487021465477838e+01,3.004389664569850282e+01,3.005631176564051898e+01,3.004389664569850282e+01,3.004389664569850282e+01,3.004389664569850282e+01,3.004389664569850282e+01,3.004389664569850282e+01,3.059129312449987736e+01,3.004389664569850282e+01,3.058009178545697893e+01,3.058009178545697893e+01,3.004389664569850282e+01,3.058009178545697893e+01,3.058009178545697893e+01,3.058009178545697893e+01,3.109785449073837071e+01,3.109785449073837071e+01,3.109785449073837071e+01,3.109785449073837071e+01,3.109785449073837071e+01,3.109785449073837071e+01,3.109785449073837071e+01,3.109785449073837071e+01,3.109785449073837071e+01,3.141762690352017628e+01,3.141762690352017628e+01,3.141762690352017628e+01,3.109785449073837071e+01,3.109785449073837071e+01,3.141762690352017628e+01,3.141762690352017628e+01,3.141762690352017628e+01,3.141762690352017628e+01,3.141762690352017628e+01,3.141762690352017628e+01,3.190809785498171536e+01,3.190809785498171536e+01,3.190809785498171536e+01,3.141360148282233666e+01,3.190809785498171536e+01,3.190809785498171536e+01,3.190809785498171536e+01,3.190809785498171536e+01,3.191369783105420410e+01,3.190809785498171536e+01,3.190809785498171536e+01,3.190809785498171536e+01,3.191369783105420410e+01,3.191369783105420410e+01,3.190809785498171536e+01,3.190809785498171536e+01,3.237972065738938454e+01,3.191369783105420410e+01,3.191369783105420410e+01,3.237972065738938454e+01,3.239346444825263660e+01,3.239346444825263660e+01,3.239346444825263660e+01,3.269936625177967926e+01,3.269936625177967926e+01,3.269936625177967926e+01,3.269936625177967926e+01,3.269936625177967926e+01,3.269936625177967926e+01,3.269936625177967926e+01,3.268165302317935783e+01,3.269936625177967926e+01,3.269936625177967926e+01,3.269936625177967926e+01,3.269936625177967926e+01,3.269936625177967926e+01,3.269936625177967926e+01,3.269936625177967926e+01,3.269936625177967926e+01,3.269936625177967926e+01,3.269936625177967926e+01,3.269936625177967926e+01,3.269936625177967926e+01,3.269936625177967926e+01,3.269936625177967926e+01,3.269936625177967926e+01,3.269936625177967926e+01,3.269936625177967926e+01,3.269936625177967926e+01,3.283618384858082351e+01,3.269936625177967926e+01,3.300241471621074396e+01,3.344868792235254062e+01,3.315240617767445741e+01,3.344868792235254062e+01,3.344868792235254062e+01,3.344868792235254062e+01,3.344868792235254062e+01,3.344868792235254062e+01,3.344868792235254062e+01,3.344868792235254062e+01,3.344868792235254062e+01,3.387729879907485042e+01,3.387729879907485042e+01,3.344868792235254062e+01,3.344868792235254062e+01,3.387729879907485042e+01,3.344868792235254062e+01,3.364362902701047631e+01,3.387729879907485042e+01,3.387729879907485042e+01,3.387729879907485042e+01,3.387729879907485042e+01,3.387729879907485042e+01,3.387729879907485042e+01,3.387729879907485042e+01,3.387729879907485042e+01,3.387729879907485042e+01,3.416395051071618383e+01,3.416395051071618383e+01,3.416395051071618383e+01,3.420097598622768942e+01,3.416395051071618383e+01,3.416395051071618383e+01,3.420097598622768942e+01,3.420097598622768942e+01,3.420097598622768942e+01,3.416395051071618383e+01,3.420097598622768942e+01,3.416395051071618383e+01,3.420097598622768942e+01,3.420097598622768942e+01,3.420097598622768942e+01,3.420097598622768942e+01,3.416395051071618383e+01,3.420097598622768942e+01,3.420097598622768942e+01,3.420097598622768942e+01,3.420097598622768942e+01,3.420097598622768942e+01,3.461187484695043537e+01,3.461187484695043537e+01,3.461187484695043537e+01,3.420097598622768942e+01,3.500756564675533156e+01,3.461187484695043537e+01,3.489277558828035808e+01,3.500756564675533156e+01,3.528289657387212941e+01,3.528289657387212941e+01,3.528289657387212941e+01,3.528289657387212941e+01,3.528289657387212941e+01,3.528289657387212941e+01,3.528289657387212941e+01,3.528289657387212941e+01,3.528289657387212941e+01,3.528289657387212941e+01,3.528289657387212941e+01,3.528289657387212941e+01,3.528289657387212941e+01,3.528289657387212941e+01,3.528289657387212941e+01,3.528289657387212941e+01,3.528289657387212941e+01,3.528289657387212941e+01,3.528289657387212941e+01,3.528289657387212941e+01,3.528289657387212941e+01,3.528289657387212941e+01,3.528289657387212941e+01,3.555442310673249295e+01,3.555442310673249295e+01,3.565989269616279955e+01,3.592651816511197893e+01,3.592651816511197893e+01,3.592651816511197893e+01,3.597992850512250840e+01,3.570997402015235878e+01,3.592651816511197893e+01,3.592651816511197893e+01,3.597992850512250840e+01,3.597992850512250840e+01,3.592651816511197893e+01,3.597992850512250840e+01,3.592651816511197893e+01,3.597992850512250840e+01,3.597992850512250840e+01,3.597992850512250840e+01,3.597992850512250840e+01,3.597992850512250840e+01,3.597992850512250840e+01,3.597992850512250840e+01,3.597992850512250840e+01,3.634136452110336535e+01,3.597992850512250840e+01,3.597992850512250840e+01,3.597992850512250840e+01,3.597992850512250840e+01,3.597992850512250840e+01,3.597992850512250840e+01,3.597992850512250840e+01,3.597992850512250840e+01,3.640777352553290314e+01,3.634136452110336535e+01,3.624566490723195500e+01,3.660273437774489480e+01,3.660273437774489480e+01,3.634136452110336535e+01,3.660273437774489480e+01,3.660273437774489480e+01,3.660273437774489480e+01,3.660273437774489480e+01,3.660273437774489480e+01,3.660273437774489480e+01,3.660273437774489480e+01,3.660273437774489480e+01,3.660273437774489480e+01,3.660273437774489480e+01,3.660273437774489480e+01,3.660273437774489480e+01,3.660273437774489480e+01,3.660273437774489480e+01,3.660273437774489480e+01,3.660273437774489480e+01,3.660273437774489480e+01,3.675986258914423388e+01,3.660273437774489480e+01,3.660273437774489480e+01,3.660273437774489480e+01,3.675986258914423388e+01,3.660273437774489480e+01,3.694924776908455044e+01,3.694924776908455044e+01,3.694924776908455044e+01,3.694924776908455044e+01,3.745079780399099434e+01,3.694924776908455044e+01,3.745079780399099434e+01,3.694924776908455044e+01,3.745079780399099434e+01,3.745079780399099434e+01,3.745079780399099434e+01,3.745079780399099434e+01,3.745079780399099434e+01,3.745079780399099434e+01,3.745079780399099434e+01,3.745079780399099434e+01,3.745079780399099434e+01,3.751499765924656771e+01,3.745079780399099434e+01,3.745079780399099434e+01,3.751499765924656771e+01,3.751499765924656771e+01,3.745079780399099434e+01,3.751499765924656771e+01,3.751499765924656771e+01,3.751499765924656771e+01,3.751499765924656771e+01,3.745079780399099434e+01,3.751499765924656771e+01,3.745079780399099434e+01,3.751499765924656771e+01,3.751499765924656771e+01,3.751499765924656771e+01,3.751499765924656771e+01,3.751499765924656771e+01,3.751499765924656771e+01,3.751499765924656771e+01,3.751499765924656771e+01,3.751499765924656771e+01,3.751499765924656771e+01,3.784459234572877051e+01,3.784459234572877051e+01,3.784459234572877051e+01,3.784459234572877051e+01,3.808759925803980906e+01,3.808759925803980906e+01,3.808759925803980906e+01,3.808759925803980906e+01,3.808759925803980906e+01,3.808759925803980906e+01,3.808759925803980906e+01,3.808759925803980906e+01,3.808759925803980906e+01,3.808759925803980906e+01,3.808759925803980906e+01,3.808759925803980906e+01,3.808759925803980906e+01,3.808759925803980906e+01,3.808759925803980906e+01,3.808759925803980906e+01,3.808759925803980906e+01,3.808759925803980906e+01,3.840612566326781518e+01,3.840612566326781518e+01,3.840612566326781518e+01,3.840612566326781518e+01,3.840612566326781518e+01,3.840612566326781518e+01,3.840612566326781518e+01,3.840612566326781518e+01,3.840612566326781518e+01,3.840612566326781518e+01,3.840612566326781518e+01,3.840612566326781518e+01,3.840612566326781518e+01,3.840612566326781518e+01,3.840612566326781518e+01,3.840612566326781518e+01,3.847209062911719002e+01,3.840612566326781518e+01,3.847209062911719002e+01,3.840612566326781518e+01,3.840612566326781518e+01,3.864141845567829137e+01,3.840612566326781518e+01,3.864141845567829137e+01,3.847209062911719002e+01,3.847209062911719002e+01,3.878161221132865677e+01,3.870965053251154586e+01,3.901685817404877099e+01,3.901685817404877099e+01,3.870965053251154586e+01,3.871760291949922106e+01,3.878161221132865677e+01,3.901685817404877099e+01,3.901685817404877099e+01,3.901685817404877099e+01,3.901685817404877099e+01,3.901685817404877099e+01,3.901685817404877099e+01,3.901685817404877099e+01,3.901685817404877099e+01,3.901685817404877099e+01,3.901685817404877099e+01,3.901685817404877099e+01,3.901685817404877099e+01,3.901685817404877099e+01,3.901685817404877099e+01,3.901685817404877099e+01,3.901685817404877099e+01,3.901685817404877099e+01,3.931760499012343502e+01,3.901685817404877099e+01,3.931760499012343502e+01,3.931760499012343502e+01,3.931760499012343502e+01,3.931760499012343502e+01,3.901685817404877099e+01,3.931760499012343502e+01,3.931760499012343502e+01,3.931760499012343502e+01,3.931760499012343502e+01,3.931760499012343502e+01,3.931760499012343502e+01,3.931760499012343502e+01,3.954579690370931644e+01,3.931760499012343502e+01,3.931760499012343502e+01,3.931760499012343502e+01,3.954579690370931644e+01,3.954579690370931644e+01,3.954579690370931644e+01,3.961353159335170204e+01,3.961353159335170204e+01,3.961353159335170204e+01,3.954579690370931644e+01,3.961353159335170204e+01,3.954579690370931644e+01,3.961353159335170204e+01,3.961353159335170204e+01,3.961353159335170204e+01,3.961353159335170204e+01,3.954579690370931644e+01,3.961353159335170204e+01,3.961353159335170204e+01,3.961353159335170204e+01,3.961353159335170204e+01,3.961353159335170204e+01,3.961353159335170204e+01,3.961353159335170204e+01,3.971546478842432037e+01,3.990425357928118189e+01,4.012769494944794957e+01,3.990425357928118189e+01,4.012769494944794957e+01,4.012769494944794957e+01,3.990425357928118189e+01,4.019621172027542144e+01,4.012769494944794957e+01,4.012769494944794957e+01,4.012769494944794957e+01,4.012769494944794957e+01,4.012769494944794957e+01,4.019621172027542144e+01,4.012769494944794957e+01,4.019621172027542144e+01,4.019621172027542144e+01,4.019621172027542144e+01,4.015836323749302750e+01,4.047762856399452858e+01,4.019621172027542144e+01,4.019621172027542144e+01,4.019621172027542144e+01,4.019621172027542144e+01,4.019621172027542144e+01,4.019621172027542144e+01,4.047762856399452858e+01,4.019621172027542144e+01,4.019621172027542144e+01,4.019621172027542144e+01,4.019621172027542144e+01,4.047762856399452858e+01,4.047762856399452858e+01,4.047762856399452858e+01,4.019621172027542144e+01,4.047762856399452858e+01,4.047762856399452858e+01,4.047762856399452858e+01,4.047762856399452858e+01,4.047762856399452858e+01,4.047762856399452858e+01,4.047762856399452858e+01,4.047762856399452858e+01,4.069635775739168082e+01,4.047762856399452858e+01,4.057667039800213615e+01,4.047762856399452858e+01,4.069635775739168082e+01,4.047762856399452858e+01,4.047762856399452858e+01,4.047762856399452858e+01,4.069635775739168082e+01,4.069635775739168082e+01,4.047762856399452858e+01,4.069635775739168082e+01,4.069635775739168082e+01,4.069635775739168082e+01,4.069635775739168082e+01,4.069635775739168082e+01,4.047762856399452858e+01,4.069635775739168082e+01,4.069635775739168082e+01,4.069635775739168082e+01,4.069635775739168082e+01,4.069635775739168082e+01,4.069635775739168082e+01,4.069635775739168082e+01,4.069635775739168082e+01,4.069635775739168082e+01,4.069635775739168082e+01,4.069635775739168082e+01,4.069635775739168082e+01,4.069635775739168082e+01,4.069635775739168082e+01,4.069635775739168082e+01,4.069635775739168082e+01,4.069635775739168082e+01,4.069635775739168082e+01,4.069635775739168082e+01,4.069635775739168082e+01,4.097205539639737992e+01,4.069635775739168082e+01,4.069635775739168082e+01,4.097205539639737992e+01,4.097205539639737992e+01,4.069635775739168082e+01,4.097205539639737992e+01,4.097205539639737992e+01,4.097205539639737992e+01,4.097205539639737992e+01,4.097205539639737992e+01,4.097205539639737992e+01,4.097205539639737992e+01,4.097205539639737992e+01,4.103787135952926945e+01,4.097205539639737992e+01,4.097205539639737992e+01,4.103787135952926945e+01,4.103787135952926945e+01,4.103787135952926945e+01,4.118460046496141302e+01,4.118460046496141302e+01,4.100152564105012232e+01,4.103787135952926945e+01,4.125194502580581002e+01,4.125194502580581002e+01,4.125194502580581002e+01,4.125194502580581002e+01,4.103787135952926945e+01,4.125194502580581002e+01,4.125194502580581002e+01,4.125194502580581002e+01,4.125194502580581002e+01,4.125194502580581002e+01,4.125194502580581002e+01,4.125194502580581002e+01,4.125194502580581002e+01,4.125194502580581002e+01,4.125194502580581002e+01,4.125194502580581002e+01,4.125194502580581002e+01,4.125194502580581002e+01,4.125194502580581002e+01,4.125194502580581002e+01,4.125194502580581002e+01,4.125194502580581002e+01,4.125194502580581002e+01,4.125194502580581002e+01,4.125194502580581002e+01,4.125194502580581002e+01,4.125194502580581002e+01,4.125194502580581002e+01,4.125194502580581002e+01,4.125194502580581002e+01,4.125194502580581002e+01,4.125194502580581002e+01,4.125194502580581002e+01,4.125194502580581002e+01,4.125194502580581002e+01,4.125194502580581002e+01,4.125194502580581002e+01,4.125194502580581002e+01,4.125194502580581002e+01,4.151981965271048836e+01,4.125194502580581002e+01,4.125194502580581002e+01,4.125194502580581002e+01,4.125194502580581002e+01,4.125194502580581002e+01,4.125194502580581002e+01,4.137292898040600875e+01,4.125194502580581002e+01,4.125194502580581002e+01,4.125194502580581002e+01,4.151981965271048836e+01,4.146073682786688153e+01,4.125194502580581002e+01,4.151981965271048836e+01,4.151981965271048836e+01,4.151981965271048836e+01,4.172795953979130701e+01,4.172795953979130701e+01,4.151981965271048836e+01,4.172795953979130701e+01,4.172795953979130701e+01,4.172795953979130701e+01,4.172795953979130701e+01,4.172795953979130701e+01,4.172795953979130701e+01,4.172795953979130701e+01,4.172795953979130701e+01,4.172795953979130701e+01,4.172795953979130701e+01,4.172795953979130701e+01,4.172795953979130701e+01,4.172795953979130701e+01,4.172795953979130701e+01,4.172795953979130701e+01,4.172795953979130701e+01,4.172795953979130701e+01,4.172795953979130701e+01,4.179467036737253238e+01,4.179467036737253238e+01,4.172795953979130701e+01,4.172795953979130701e+01,4.172795953979130701e+01,4.184701273098363572e+01,4.179467036737253238e+01,4.172795953979130701e+01,4.199170071181450226e+01,4.199170071181450226e+01,4.199170071181450226e+01,4.179467036737253238e+01,4.205537403830703624e+01,4.199170071181450226e+01,4.199170071181450226e+01,4.205537403830703624e+01,4.199170071181450226e+01,4.199170071181450226e+01,4.205537403830703624e+01,4.179467036737253238e+01,4.205537403830703624e+01,4.205537403830703624e+01,4.205537403830703624e+01,4.205537403830703624e+01,4.199170071181450226e+01,4.205537403830703624e+01,4.199170071181450226e+01,4.205537403830703624e+01,4.205537403830703624e+01,4.202024315622445982e+01,4.205537403830703624e+01,4.225918461783453495e+01,4.205537403830703624e+01,4.199170071181450226e+01
1.733634852052091802e+01,1.763859166505169895e+01,1.764456540940842899e+01,1.764456540940842899e+01,1.783221399903278837e+01,1.787315053119141695e+01,1.855040386612845538e+01,1.871888154636679147e+01,1.912146133067326659e+01,1.930060588094044505e+01,1.980004201403576403e+01,2.045312154657208836e+01,2.114557752855681372e+01,2.166854796504155090e+01,2.242938115243060437e+01,2.306951235450118887e+01,2.432060642404730899e+01,2.521609443811324880e+01,2.728346857327175101e+01,2.912075598622584494e+01,3.260894483497405361e+01,3.705704092301374430e+01,4.633995486529246932e+01,5.073038727480400922e+01,5.299983249938404128e+01,5.449972924524711004e+01,5.512903783963420778e+01,5.582337245429899752e+01,5.612720307417746568e+01,5.642847980910671168e+01,5.672728929794445207e+01,5.702372124779255813e+01,5.702372124779255813e+01,5.720892301610592057e+01,5.731786847158915066e+01,5.731786847158915066e+01,5.728097860638516181e+01,5.731786847158915066e+01,5.728097860638516181e+01,5.728097860638516181e+01,5.709575426526335917e+01,5.698657907563433156e+01,5.698657907563433156e+01,5.698657907563433156e+01,5.668992101874337664e+01,5.668992101874337664e+01,5.668992101874337664e+01,5.639090939375913791e+01,5.639090939375913791e+01,5.639090939375913791e+01,5.608945213702303079e+01,5.608945213702303079e+01,5.578546014196435010e+01,5.578546014196435010e+01,5.559362755872037098e+01,5.547884719778849671e+01,5.547884719778849671e+01,5.547884719778849671e+01,5.505249392059426583e+01,5.485742743763479723e+01,5.485742743763479723e+01,5.473910914601654554e+01,5.454246153753113191e+01,5.450407211883752723e+01,5.422455609529768594e+01,5.422455609529768594e+01,5.418604175969674941e+01,5.386500227108351169e+01,5.386500227108351169e+01,5.386500227108351169e+01,5.354087845616072627e+01,5.354087845616072627e+01,5.354087845616072627e+01,5.321359638435858841e+01,5.321359638435858841e+01,5.321359638435858841e+01,5.300872386216853727e+01,5.288308298298525045e+01,5.288308298298525045e+01,5.254926557495820560e+01,5.254926557495820560e+01,5.254926557495820560e+01,5.238005078147567417e+01,5.234078391632809968e+01,5.221207135924169762e+01,5.225133075871342214e+01,5.204117089329983514e+01,5.200174022623318137e+01,5.187142682976026009e+01,5.191083303317609676e+01,5.187142682976026009e+01,5.152725712762768495e+01,5.152725712762768495e+01,5.152725712762768495e+01,5.156682263294550950e+01,5.135294203202760599e+01,5.121922452152774241e+01,5.100344523141852449e+01,5.100344523141852449e+01,5.096343267962592449e+01,5.086796056135145960e+01,5.082803160241540752e+01,5.065025618158090737e+01,5.047281240501202859e+01,5.047281240501202859e+01,5.047281240501202859e+01,5.025279747809051401e+01,5.025279747809051401e+01,5.025279747809051401e+01,5.011373941417210887e+01,5.011373941417210887e+01,4.989169500366075738e+01,4.989169500366075738e+01,4.975071848240333594e+01,4.971008882870501111e+01,4.975071848240333594e+01,4.948554104621315020e+01,4.948554104621315020e+01,4.948554104621315020e+01,4.948554104621315020e+01,4.934275670334385921e+01,4.934275670334385921e+01,4.911605502671596923e+01,4.911605502671596923e+01,4.888753675403145138e+01,4.878406101444488741e+01,4.878406101444488741e+01,4.874234651559553555e+01,4.874234651559553555e+01,4.874234651559553555e+01,4.878406101444488741e+01,4.878406101444488741e+01,4.863691319248000156e+01,4.840636163861363173e+01,4.840636163861363173e+01,4.840636163861363173e+01,4.840636163861363173e+01,4.840636163861363173e+01,4.840636163861363173e+01,4.840636163861363173e+01,4.810587836926804073e+01,4.787253176917737107e+01,4.787253176917737107e+01,4.787253176917737107e+01,4.787253176917737107e+01,4.787253176917737107e+01,4.787253176917737107e+01,4.771905892573586527e+01,4.771905892573586527e+01,4.771905892573586527e+01,4.771905892573586527e+01,4.771905892573586527e+01,4.748335627258830272e+01,4.748335627258830272e+01,4.748335627258830272e+01,4.732743082541186652e+01,4.732743082541186652e+01,4.732743082541186652e+01,4.732743082541186652e+01,4.732743082541186652e+01,4.732743082541186652e+01,4.732743082541186652e+01,4.732743082541186652e+01,4.732743082541186652e+01,4.708929889004977554e+01,4.716974698524308707e+01,4.693081079067865602e+01,4.693081079067865602e+01,4.693081079067865602e+01,4.693081079067865602e+01,4.693081079067865602e+01,4.693081079067865602e+01,4.693081079067865602e+01,4.693081079067865602e+01,4.669017035380756653e+01,4.652899751194053124e+01,4.652899751194053124e+01,4.652899751194053124e+01,4.652899751194053124e+01,4.652899751194053124e+01,4.652899751194053124e+01,4.652899751194053124e+01,4.652899751194053124e+01,4.652899751194053124e+01,4.652899751194053124e+01,4.628576470990698510e+01,4.628576470990698510e+01,4.612177134558885427e+01,4.612177134558885427e+01,4.587585981430712678e+01,4.587585981430712678e+01,4.587585981430712678e+01,4.587585981430712678e+01,4.587585981430712678e+01,4.587585981430712678e+01,4.587585981430712678e+01,4.587585981430712678e+01,4.587585981430712678e+01,4.587585981430712678e+01,4.587585981430712678e+01,4.566565294119774165e+01,4.570889511515655812e+01,4.570889511515655812e+01,4.570889511515655812e+01,4.570889511515655812e+01,4.570889511515655812e+01,4.570889511515655812e+01,4.570889511515655812e+01,4.570889511515655812e+01,4.546021871214480825e+01,4.541587006158702167e+01,4.546021871214480825e+01,4.546021871214480825e+01,4.541587006158702167e+01,4.541587006158702167e+01,4.524657034592883775e+01,4.529011623613641291e+01,4.529011623613641291e+01,4.529011623613641291e+01,4.499382827503838911e+01,4.503859167389698115e+01,4.499382827503838911e+01,4.503859167389698115e+01,4.499382827503838911e+01,4.499382827503838911e+01,4.503859167389698115e+01,4.499382827503838911e+01,4.499382827503838911e+01,4.503859167389698115e+01,4.499382827503838911e+01,4.499382827503838911e+01,4.482131395780985628e+01,4.482131395780985628e+01,4.482131395780985628e+01,4.482131395780985628e+01,4.482131395780985628e+01,4.482131395780985628e+01,4.482131395780985628e+01,4.482131395780985628e+01,4.482131395780985628e+01,4.482131395780985628e+01,4.482131395780985628e+01,4.482131395780985628e+01,4.482131395780985628e+01,4.482131395780985628e+01,4.482131395780985628e+01,4.482131395780985628e+01,4.482131395780985628e+01,4.468083376764587200e+01,4.482131395780985628e+01,4.456551601375503679e+01,4.456551601375503679e+01,4.456551601375503679e+01,4.438960160488859685e+01,4.438960160488859685e+01,4.438960160488859685e+01,4.413065346212515294e+01,4.413065346212515294e+01,4.413065346212515294e+01,4.413065346212515294e+01,4.413065346212515294e+01,4.413065346212515294e+01,4.413065346212515294e+01,4.413065346212515294e+01,4.413065346212515294e+01,4.413065346212515294e+01,4.413065346212515294e+01,4.413065346212515294e+01,4.413065346212515294e+01,4.413065346212515294e+01,4.413065346212515294e+01,4.413065346212515294e+01,4.413065346212515294e+01,4.417632785310103571e+01,4.413065346212515294e+01,4.395114186831928293e+01,4.399567558795860123e+01,4.399567558795860123e+01,4.395114186831928293e+01,4.395114186831928293e+01,4.368894895117207255e+01,4.368894895117207255e+01,4.373513860443762979e+01,4.373513860443762979e+01,4.373513860443762979e+01,4.368894895117207255e+01,4.347326807060905196e+01,4.373513860443762979e+01,4.373513860443762979e+01,4.373513860443762979e+01,4.347326807060905196e+01,4.347326807060905196e+01,4.347326807060905196e+01,4.347326807060905196e+01,4.347326807060905196e+01,4.347326807060905196e+01,4.347326807060905196e+01,4.347326807060905196e+01,4.347326807060905196e+01,4.328685176973381488e+01,4.347326807060905196e+01,4.347326807060905196e+01,4.328685176973381488e+01,4.328685176973381488e+01,4.328685176973381488e+01,4.328685176973381488e+01,4.328685176973381488e+01,4.328685176973381488e+01,4.328685176973381488e+01,4.328685176973381488e+01,4.328685176973381488e+01,4.328685176973381488e+01,4.328685176973381488e+01,4.328685176973381488e+01,4.328685176973381488e+01,4.328685176973381488e+01,4.328685176973381488e+01,4.328685176973381488e+01,4.328685176973381488e+01,4.328685176973381488e+01,4.328685176973381488e+01,4.328685176973381488e+01,4.328685176973381488e+01,4.328685176973381488e+01,4.328685176973381488e+01,4.328685176973381488e+01,4.328685176973381488e+01,4.328685176973381488e+01,4.328685176973381488e+01,4.328685176973381488e+01,4.328685176973381488e+01,4.328685176973381488e+01,4.328685176973381488e+01,4.309813762629551803e+01,4.309813762629551803e+01,4.314404751203731081e+01,4.309813762629551803e+01,4.328685176973381488e+01,4.309813762629551803e+01,4.309813762629551803e+01,4.285270365727794228e+01,4.309813762629551803e+01,4.287925965005619844e+01,4.299853406131074962e+01,4.287925965005619844e+01,4.309813762629551803e+01,4.314404751203731081e+01,4.309813762629551803e+01,4.287925965005619844e+01,4.287925965005619844e+01,4.287925965005619844e+01,4.287925965005619844e+01,4.287925965005619844e+01,4.287925965005619844e+01,4.287925965005619844e+01,4.287925965005619844e+01,4.287925965005619844e+01,4.287925965005619844e+01,4.287925965005619844e+01,4.287925965005619844e+01,4.287925965005619844e+01,4.287925965005619844e+01,4.287925965005619844e+01,4.287925965005619844e+01,4.287925965005619844e+01,4.287925965005619844e+01,4.287925965005619844e+01,4.287925965005619844e+01,4.287925965005619844e+01,4.287925965005619844e+01,4.287925965005619844e+01,4.287925965005619844e+01,4.287925965005619844e+01,4.268464019783398555e+01,4.287925965005619844e+01,4.287925965005619844e+01,4.287925965005619844e+01,4.253733626683399649e+01,4.287925965005619844e+01,4.287925965005619844e+01,4.287925965005619844e+01,4.268464019783398555e+01,4.287925965005619844e+01,4.268464019783398555e+01,4.261344035277063824e+01,4.241659686581816402e+01,4.241659686581816402e+01,4.246644952680752994e+01,4.241659686581816402e+01,4.241659686581816402e+01,4.241659686581816402e+01,4.241659686581816402e+01,4.241659686581816402e+01,4.241659686581816402e+01,4.241659686581816402e+01,4.241659686581816402e+01,4.246644952680752994e+01,4.246644952680752994e+01,4.246644952680752994e+01,4.246644952680752994e+01,4.241659686581816402e+01,4.241659686581816402e+01,4.246644952680752994e+01,4.246644952680752994e+01,4.246644952680752994e+01,4.246644952680752994e+01,4.246644952680752994e+01,4.246644952680752994e+01,4.246644952680752994e+01,4.246644952680752994e+01,4.246644952680752994e+01,4.246644952680752994e+01,4.246644952680752994e+01,4.246644952680752994e+01,4.246644952680752994e+01,4.246644952680752994e+01,4.246644952680752994e+01,4.246644952680752994e+01,4.246644952680752994e+01,4.246644952680752994e+01,4.246644952680752994e+01,4.246644952680752994e+01,4.246644952680752994e+01,4.246644952680752994e+01,4.246644952680752994e+01,4.246644952680752994e+01,4.246644952680752994e+01,4.246644952680752994e+01,4.246644952680752994e+01,4.246644952680752994e+01,4.246644952680752994e+01,4.246644952680752994e+01,4.246644952680752994e+01,4.246644952680752994e+01,4.246644952680752994e+01,4.246644952680752994e+01,4.246644952680752994e+01,4.246644952680752994e+01,4.246644952680752994e+01,4.246644952680752994e+01,4.246644952680752994e+01,4.246644952680752994e+01,4.246644952680752994e+01,4.246644952680752994e+01,4.246644952680752994e+01,4.246644952680752994e+01,4.246644952680752994e+01,4.246644952680752994e+01,4.246644952680752994e+01,4.251720780016306378e+01,4.246644952680752994e+01,4.246644952680752994e+01,4.246644952680752994e+01,4.251720780016306378e+01,4.246644952680752994e+01,4.251720780016306378e+01,4.251720780016306378e+01,4.251720780016306378e+01,4.231449583003923465e+01,4.246644952680752994e+01,4.231449583003923465e+01,4.251720780016306378e+01,4.251720780016306378e+01,4.251720780016306378e+01,4.246644952680752994e+01,4.251720780016306378e+01,4.251720780016306378e+01,4.251720780016306378e+01,4.251720780016306378e+01,4.251720780016306378e+01,4.231449583003923465e+01,4.231449583003923465e+01,4.251720780016306378e+01,4.251720780016306378e+01,4.231449583003923465e+01,4.231449583003923465e+01,4.251720780016306378e+01,4.251720780016306378e+01,4.231449583003923465e+01,4.231449583003923465e+01,4.231449583003923465e+01,4.251720780016306378e+01,4.231449583003923465e+01,4.231449583003923465e+01,4.231449583003923465e+01,4.231449583003923465e+01,4.231449583003923465e+01,4.231449583003923465e+01,4.231449583003923465e+01,4.231449583003923465e+01,4.231449583003923465e+01,4.251720780016306378e+01,4.231449583003923465e+01,4.231449583003923465e+01,4.231449583003923465e+01,4.231449583003923465e+01,4.231449583003923465e+01,4.231449583003923465e+01,4.231449583003923465e+01,4.231449583003923465e+01,4.231449583003923465e+01,4.231449583003923465e+01,4.231449583003923465e+01,4.231449583003923465e+01,4.231449583003923465e+01,4.231449583003923465e+01,4.231449583003923465e+01,4.231449583003923465e+01,4.231449583003923465e+01,4.231449583003923465e+01,4.231449583003923465e+01,4.231449583003923465e+01,4.231449583003923465e+01,4.231449583003923465e+01,4.231449583003923465e+01,4.231449583003923465e+01,4.231449583003923465e+01,4.231449583003923465e+01,4.231449583003923465e+01,4.231449583003923465e+01,4.231449583003923465e+01,4.236442401257450996e+01,4.231449583003923465e+01,4.231449583003923465e+01,4.231449583003923465e+01,4.236442401257450996e+01,4.231449583003923465e+01,4.236442401257450996e+01,4.233685493990354587e+01,4.231449583003923465e+01,4.231449583003923465e+01,4.236442401257450996e+01,4.231449583003923465e+01,4.236442401257450996e+01,4.236442401257450996e+01,4.236442401257450996e+01,4.236442401257450996e+01,4.236442401257450996e+01,4.256885019160264960e+01,4.236442401257450996e+01,4.256885019160264960e+01,4.236442401257450996e+01,4.236442401257450996e+01,4.236442401257450996e+01,4.236442401257450996e+01,4.236442401257450996e+01,4.236442401257450996e+01,4.236442401257450996e+01,4.236442401257450996e+01,4.236442401257450996e+01,4.236442401257450996e+01,4.236442401257450996e+01,4.236442401257450996e+01,4.236442401257450996e+01,4.236442401257450996e+01,4.236442401257450996e+01,4.236442401257450996e+01,4.236442401257450996e+01,4.236442401257450996e+01,4.236442401257450996e+01,4.236442401257450996e+01,4.236442401257450996e+01,4.256885019160264960e+01,4.236442401257450996e+01,4.236442401257450996e+01,4.236442401257450996e+01,4.236442401257450996e+01,4.236442401257450996e+01,4.236442401257450996e+01,4.236442401257450996e+01,4.236442401257450996e+01,4.236442401257450996e+01,4.256885019160264960e+01,4.236442401257450996e+01,4.256885019160264960e+01,4.236442401257450996e+01,4.245672774306943609e+01,4.236442401257450996e+01,4.236442401257450996e+01,4.256885019160264960e+01,4.236442401257450996e+01,4.262132999185752169e+01,4.236442401257450996e+01,4.236442401257450996e+01,4.241520880220265610e+01,4.262132999185752169e+01,4.262132999185752169e+01,4.262132999185752169e+01,4.262132999185752169e+01,4.241520880220265610e+01,4.262132999185752169e+01,4.267452618286507970e+01,4.287800268219704236e+01,4.287800268219704236e+01,4.262132999185752169e+01,4.287800268219704236e+01,4.287800268219704236e+01,4.287800268219704236e+01,4.287800268219704236e+01,4.287800268219704236e+01,4.287800268219704236e+01,4.287800268219704236e+01,4.267452618286507970e+01,4.287800268219704236e+01,4.287800268219704236e+01,4.287800268219704236e+01,4.287800268219704236e+01,4.287800268219704236e+01,4.287800268219704236e+01,4.287800268219704236e+01,4.287800268219704236e+01,4.287800268219704236e+01,4.287800268219704236e+01,4.287800268219704236e+01,4.287800268219704236e+01,4.287800268219704236e+01,4.287800268219704236e+01,4.287800268219704236e+01,4.287800268219704236e+01,4.292804892461229116e+01,4.287800268219704236e+01,4.292804892461229116e+01,4.287800268219704236e+01,4.292804892461229116e+01,4.287800268219704236e+01,4.292804892461229116e+01,4.290044754858778475e+01,4.292804892461229116e+01,4.292804892461229116e+01,4.292804892461229116e+01,4.292804892461229116e+01,4.287800268219704236e+01,4.287800268219704236e+01,4.287800268219704236e+01,4.267452618286507970e+01,4.287800268219704236e+01,4.267452618286507970e+01,4.267452618286507970e+01,4.287800268219704236e+01,4.267452618286507970e+01,4.267452618286507970e+01,4.287800268219704236e+01,4.292804892461229116e+01,4.292804892461229116e+01,4.292804892461229116e+01,4.292804892461229116e+01,4.287800268219704236e+01,4.267452618286507970e+01,4.276636740587514396e+01,4.287800268219704236e+01,4.267452618286507970e+01,4.292804892461229116e+01,4.287800268219704236e+01,4.287800268219704236e+01,4.287800268219704236e+01,4.272291501396880165e+01,4.287800268219704236e+01,4.292804892461229116e+01,4.287800268219704236e+01,4.287800268219704236e+01,4.287800268219704236e+01,4.292804892461229116e+01,4.292804892461229116e+01,4.292804892461229116e+01,4.292804892461229116e+01,4.292804892461229116e+01,4.292804892461229116e+01,4.292804892461229116e+01,4.292804892461229116e+01,4.292804892461229116e+01,4.292804892461229116e+01,4.292804892461229116e+01,4.292804892461229116e+01,4.292804892461229116e+01,4.292804892461229116e+01,4.292804892461229116e+01,4.292804892461229116e+01,4.292804892461229116e+01,4.292804892461229116e+01,4.292804892461229116e+01,4.292804892461229116e+01,4.292804892461229116e+01,4.292804892461229116e+01,4.292804892461229116e+01,4.292804892461229116e+01,4.292804892461229116e+01,4.292804892461229116e+01,4.292804892461229116e+01,4.292804892461229116e+01,4.292804892461229116e+01,4.318157882629313349e+01,4.292804892461229116e+01,4.292804892461229116e+01,4.318157882629313349e+01,4.292804892461229116e+01,4.318157882629313349e+01,4.318157882629313349e+01,4.318157882629313349e+01,4.318157882629313349e+01,4.322904288001915063e+01,4.322904288001915063e+01,4.322904288001915063e+01,4.322904288001915063e+01,4.322904288001915063e+01,4.322904288001915063e+01,4.322904288001915063e+01,4.322904288001915063e+01,4.322904288001915063e+01,4.343078110547617854e+01,4.343078110547617854e+01,4.343078110547617854e+01,4.322904288001915063e+01,4.322904288001915063e+01,4.343078110547617854e+01,4.343078110547617854e+01,4.343078110547617854e+01,4.343078110547617854e+01,4.343078110547617854e+01,4.343078110547617854e+01,4.343078110547617854e+01,4.343078110547617854e+01,4.367901097441276193e+01,4.343078110547617854e+01,4.343078110547617854e+01,4.367901097441276193e+01,4.367901097441276193e+01,4.343078110547617854e+01,4.367901097441276193e+01,4.367901097441276193e+01,4.367901097441276193e+01,4.367901097441276193e+01,4.367901097441276193e+01,4.367901097441276193e+01,4.367901097441276193e+01,4.367901097441276193e+01,4.367901097441276193e+01,4.367901097441276193e+01,4.367901097441276193e+01,4.367901097441276193e+01,4.367901097441276193e+01,4.367901097441276193e+01,4.367901097441276193e+01,4.367901097441276193e+01,4.367901097441276193e+01,4.367901097441276193e+01,4.367901097441276193e+01,4.367901097441276193e+01,4.367901097441276193e+01,4.367901097441276193e+01,4.387592402108303702e+01,4.392363766432607974e+01,4.387592402108303702e+01,4.392363766432607974e+01,4.392363766432607974e+01,4.392363766432607974e+01,4.392363766432607974e+01,4.392363766432607974e+01,4.412221935153525720e+01,4.392363766432607974e+01,4.392363766432607974e+01,4.416703918590358313e+01,4.392363766432607974e+01,4.416703918590358313e+01,4.416703918590358313e+01,4.416703918590358313e+01,4.416703918590358313e+01,4.416703918590358313e+01,4.416703918590358313e+01,4.416703918590358313e+01,4.416703918590358313e+01,4.416703918590358313e+01,4.416703918590358313e+01,4.416703918590358313e+01,4.416703918590358313e+01,4.416703918590358313e+01,4.416703918590358313e+01,4.416703918590358313e+01,4.416703918590358313e+01,4.416703918590358313e+01,4.416703918590358313e+01,4.441110105824087384e+01,4.441110105824087384e+01,4.441110105824087384e+01,4.460250543628123410e+01,4.441110105824087384e+01,4.460250543628123410e+01,4.464589876236822619e+01,4.460250543628123410e+01,4.460250543628123410e+01,4.460250543628123410e+01,4.460250543628123410e+01,4.460250543628123410e+01,4.464589876236822619e+01,4.464589876236822619e+01,4.464589876236822619e+01,4.460250543628123410e+01,4.464589876236822619e+01,4.464589876236822619e+01,4.464589876236822619e+01,4.488572156460776341e+01,4.488572156460776341e+01,4.464589876236822619e+01,4.488572156460776341e+01,4.488572156460776341e+01,4.488572156460776341e+01,4.488572156460776341e+01,4.488572156460776341e+01,4.507406433137288104e+01,4.488572156460776341e+01,4.507406433137288104e+01,4.507406433137288104e+01,4.507406433137288104e+01,4.507406433137288104e+01,4.507406433137288104e+01,4.507406433137288104e+01,4.507406433137288104e+01,4.507406433137288104e+01,4.507406433137288104e+01,4.507406433137288104e+01,4.507406433137288104e+01,4.507406433137288104e+01,4.507406433137288104e+01,4.507406433137288104e+01,4.511584126169057640e+01,4.507406433137288104e+01,4.507406433137288104e+01,4.511584126169057640e+01,4.507406433137288104e+01,4.511584126169057640e+01,4.511584126169057640e+01,4.511584126169057640e+01,4.518127076032406109e+01,4.543548820453904824e+01,4.535182693805197829e+01,4.535182693805197829e+01,4.553713762541620724e+01,4.553713762541620724e+01,4.553713762541620724e+01,4.553713762541620724e+01,4.558872228093696322e+01,4.577196358307062951e+01,4.577196358307062951e+01,4.577196358307062951e+01,4.577196358307062951e+01,4.577196358307062951e+01,4.577196358307062951e+01,4.577196358307062951e+01,4.577196358307062951e+01,4.577196358307062951e+01,4.577196358307062951e+01,4.577196358307062951e+01,4.577196358307062951e+01,4.580966486865522569e+01,4.580966486865522569e+01,4.580966486865522569e+01,4.580966486865522569e+01,4.580966486865522569e+01,4.580966486865522569e+01,4.599197883446620239e+01,4.599197883446620239e+01,4.589198079882942238e+01,4.622355034493606496e+01,4.622355034493606496e+01,4.622355034493606496e+01,4.599197883446620239e+01,4.622355034493606496e+01,4.622355034493606496e+01,4.622355034493606496e+01,4.622355034493606496e+01,4.622355034493606496e+01,4.622355034493606496e+01,4.622355034493606496e+01,4.622355034493606496e+01,4.622355034493606496e+01,4.622355034493606496e+01,4.645589038263886295e+01,4.622355034493606496e+01,4.663242121916599103e+01,4.645589038263886295e+01,4.645589038263886295e+01,4.663242121916599103e+01,4.663242121916599103e+01,4.663242121916599103e+01,4.663242121916599103e+01,4.663242121916599103e+01,4.686353362937103384e+01,4.663242121916599103e+01,4.686353362937103384e+01,4.663242121916599103e+01,4.686353362937103384e+01,4.686353362937103384e+01,4.686353362937103384e+01,4.689693430046250455e+01,4.686353362937103384e+01,4.686353362937103384e+01,4.689693430046250455e+01,4.689693430046250455e+01,4.707076119594789532e+01,4.707076119594789532e+01,4.707076119594789532e+01,4.707076119594789532e+01,4.707076119594789532e+01,4.707076119594789532e+01,4.707076119594789532e+01,4.707076119594789532e+01,4.729910034397189378e+01,4.729910034397189378e+01,4.729910034397189378e+01,4.729910034397189378e+01,4.729910034397189378e+01,4.729910034397189378e+01,4.729910034397189378e+01,4.729910034397189378e+01,4.729910034397189378e+01,4.729910034397189378e+01,4.729910034397189378e+01,4.746934044457505308e+01,4.746934044457505308e+01,4.746934044457505308e+01,4.746934044457505308e+01,4.769648960277255156e+01,4.746934044457505308e+01,4.769648960277255156e+01,4.769648960277255156e+01,4.772789791516691338e+01,4.769648960277255156e+01,4.772789791516691338e+01,4.772789791516691338e+01,4.772789791516691338e+01,4.769648960277255156e+01,4.772789791516691338e+01,4.772789791516691338e+01,4.772789791516691338e+01,4.772789791516691338e+01,4.789557872182118103e+01,4.772789791516691338e+01,4.780359654955468329e+01,4.799668922523578374e+01,4.789557872182118103e+01,4.789557872182118103e+01,4.812033497510085311e+01,4.812033497510085311e+01,4.812033497510085311e+01,4.812033497510085311e+01,4.812033497510085311e+01,4.812033497510085311e+01,4.812033497510085311e+01,4.812033497510085311e+01,4.812033497510085311e+01,4.812033497510085311e+01,4.812033497510085311e+01,4.812033497510085311e+01,4.812033497510085311e+01,4.812033497510085311e+01,4.812033497510085311e+01,4.838529722619637852e+01,4.815015702490603644e+01,4.853792293156901394e+01,4.853792293156901394e+01,4.850826439051947858e+01,4.853792293156901394e+01,4.853792293156901394e+01,4.853792293156901394e+01,4.853792293156901394e+01,4.853792293156901394e+01,4.853792293156901394e+01,4.853792293156901394e+01,4.853792293156901394e+01,4.853792293156901394e+01,4.853792293156901394e+01,4.853792293156901394e+01,4.876066310091979972e+01,4.876066310091979972e+01,4.853792293156901394e+01,4.878805635887928105e+01,4.892136177378631601e+01,4.894947172553419534e+01,4.894947172553419534e+01,4.894947172553419534e+01,4.894947172553419534e+01,4.894947172553419534e+01,4.894947172553419534e+01,4.894947172553419534e+01,4.894947172553419534e+01,4.894947172553419534e+01,4.894947172553419534e+01,4.917026495677924913e+01,4.894947172553419534e+01,4.917026495677924913e+01,4.917026495677924913e+01,4.917026495677924913e+01,4.894947172553419534e+01,4.917026495677924913e+01,4.932866871016915411e+01,4.932866871016915411e+01,4.932866871016915411e+01,4.932866871016915411e+01,4.948522701438057680e+01,4.948522701438057680e+01,4.958358819870226597e+01,4.948522701438057680e+01,4.970375074135716886e+01,4.970375074135716886e+01,4.970375074135716886e+01,4.970375074135716886e+01,4.970375074135716886e+01,4.970375074135716886e+01,4.970375074135716886e+01,4.992200718233294054e+01,4.992200718233294054e+01,4.994825991515050845e+01,5.007478071627618732e+01,5.007478071627618732e+01,5.010159787695865674e+01,5.007478071627618732e+01,5.010159787695865674e+01,5.010159787695865674e+01,5.010159787695865674e+01,5.010159787695865674e+01,5.010159787695865674e+01,5.010159787695865674e+01,5.007478071627618732e+01,5.010159787695865674e+01,5.007478071627618732e+01,5.010159787695865674e+01,5.010159787695865674e+01,5.010159787695865674e+01,5.046888036330029337e+01,5.025311488791198400e+01,5.031822394832980905e+01,5.046888036330029337e+01,5.046888036330029337e+01,5.046888036330029337e+01,5.046888036330029337e+01,5.046888036330029337e+01,5.046888036330029337e+01,5.046888036330029337e+01,5.046888036330029337e+01,5.068421206792582012e+01,5.068421206792582012e+01,5.070941933023584625e+01,5.068421206792582012e+01,5.083229877594090595e+01,5.083229877594090595e+01,5.085798543654784254e+01,5.083229877594090595e+01,5.083229877594090595e+01,5.083229877594090595e+01,5.083229877594090595e+01,5.085798543654784254e+01,5.085798543654784254e+01,5.083229877594090595e+01,5.105801881305529122e+01,5.084406640879910810e+01,5.107188647450066554e+01,5.107188647450066554e+01,5.107188647450066554e+01,5.104630093410559510e+01,5.107188647450066554e+01,5.121794531969960218e+01,5.121794531969960218e+01,5.121794531969960218e+01,5.121794531969960218e+01,5.143055203717785417e+01,5.121794531969960218e+01,5.143055203717785417e+01,5.143055203717785417e+01,5.143055203717785417e+01,5.143055203717785417e+01,5.143055203717785417e+01,5.143055203717785417e+01,5.143055203717785417e+01,5.143055203717785417e+01,5.164252627635407578e+01,5.152602156824208635e+01,5.143055203717785417e+01,5.178548642668649649e+01,5.178548642668649649e+01,5.178548642668649649e+01,5.178548642668649649e+01,5.178548642668649649e+01,5.178548642668649649e+01,5.178548642668649649e+01,5.199605458237399347e+01,5.178548642668649649e+01,5.199605458237399347e+01,5.178548642668649649e+01,5.199605458237399347e+01,5.199605458237399347e+01,5.188033260900196098e+01,5.216200556651369169e+01,5.213676038470599394e+01,5.216200556651369169e+01,5.216200556651369169e+01,5.216200556651369169e+01,5.213676038470599394e+01,5.237129934332247672e+01,5.216200556651369169e+01,5.237129934332247672e+01,5.237129934332247672e+01,5.237129934332247672e+01,5.237129934332247672e+01,5.237129934332247672e+01,5.237129934332247672e+01,5.239507624098915528e+01,5.253426317261100564e+01,5.239507624098915528e+01,5.260383312681268109e+01,5.274238041026341506e+01,5.271805297712437977e+01,5.274238041026341506e+01,5.274238041026341506e+01,5.274238041026341506e+01,5.271805297712437977e+01,5.271805297712437977e+01,5.274238041026341506e+01,5.274238041026341506e+01,5.271805297712437977e+01,5.274238041026341506e+01,5.274238041026341506e+01,5.274238041026341506e+01,5.274238041026341506e+01,5.274238041026341506e+01,5.274238041026341506e+01,5.308614135461947825e+01,5.287940819902421907e+01,5.308614135461947825e+01,5.308614135461947825e+01,5.308614135461947825e+01,5.308614135461947825e+01,5.308614135461947825e+01,5.308614135461947825e+01,5.329201709398347475e+01,5.329201709398347475e+01,5.331561771875355049e+01,5.329201709398347475e+01,5.342642029671836212e+01,5.342642029671836212e+01,5.365505350946008178e+01,5.331561771875355049e+01,5.345029507349161690e+01,5.354254750838598653e+01,5.365505350946008178e+01,5.354254750838598653e+01,5.365505350946008178e+01,5.365505350946008178e+01,5.365505350946008178e+01,5.365505350946008178e+01,5.367769192804674105e+01,5.367769192804674105e+01,5.385890767673876667e+01,5.367769192804674105e+01,5.381062747444335059e+01,5.385890767673876667e+01,5.399104894375675912e+01,5.401433847426712731e+01,5.381062747444335059e+01,5.394169443266684993e+01,5.401433847426712731e+01,5.401433847426712731e+01,5.401433847426712731e+01,5.399104894375675912e+01,5.401433847426712731e+01,5.401433847426712731e+01,5.399104894375675912e+01,5.401433847426712731e+01,5.401433847426712731e+01,5.401433847426712731e+01,5.434758525419280062e+01,5.449927784826821409e+01,5.457171889508085627e+01,5.470055500043488905e+01,5.470055500043488905e+01,5.470055500043488905e+01,5.470055500043488905e+01,5.470055500043488905e+01,5.470055500043488905e+01,5.470055500043488905e+01,5.470055500043488905e+01,5.490080570701419305e+01,5.490080570701419305e+01,5.490080570701419305e+01,5.490080570701419305e+01,5.502782395741355259e+01,5.502782395741355259e+01,5.502782395741355259e+01,5.511739677472090904e+01,5.502782395741355259e+01,5.502782395741355259e+01,5.511739677472090904e+01,5.522658103764312187e+01,5.522658103764312187e+01,5.522658103764312187e+01,5.522658103764312187e+01,5.522658103764312187e+01,5.522658103764312187e+01,5.522658103764312187e+01,5.524932528937621612e+01,5.522658103764312187e+01,5.522658103764312187e+01,5.522658103764312187e+01,5.542426729384307293e+01,5.550393521062967750e+01,5.554909771499459481e+01,5.557253333924312244e+01,5.557253333924312244e+01,5.557253333924312244e+01,5.557253333924312244e+01,5.557253333924312244e+01,5.557253333924312244e+01,5.557253333924312244e+01,5.557253333924312244e+01,5.566116868333693191e+01,5.557253333924312244e+01,5.557253333924312244e+01,5.576919451553289520e+01,5.557253333924312244e+01,5.576919451553289520e+01,5.557253333924312244e+01,5.576919451553289520e+01,5.576919451553289520e+01,5.576919451553289520e+01,5.589251329584152472e+01,5.589251329584152472e+01,5.576919451553289520e+01,5.589251329584152472e+01,5.608764154275662150e+01,5.598046286731371168e+01,5.608764154275662150e+01,5.608764154275662150e+01,5.591521698080349978e+01,5.611089412705896962e+01,5.608764154275662150e+01,5.608764154275662150e+01,5.608764154275662150e+01,5.611089412705896962e+01,5.611089412705896962e+01,5.611089412705896962e+01,5.608764154275662150e+01,5.611089412705896962e+01,5.611089412705896962e+01,5.611089412705896962e+01,5.611089412705896962e+01,5.623272268989430245e+01,5.611089412705896962e+01,5.609827622761736876e+01,5.620931677956952655e+01,5.623272268989430245e+01,5.623272268989430245e+01,5.623272268989430245e+01,5.642686064799633527e+01,5.642686064799633527e+01,5.623272268989430245e+01,5.642686064799633527e+01,5.642686064799633527e+01,5.642686064799633527e+01,5.642686064799633527e+01,5.642686064799633527e+01,5.642686064799633527e+01,5.644944308061696603e+01,5.642686064799633527e+01,5.644944308061696603e+01,5.661980853877808073e+01,5.642686064799633527e+01,5.644944308061696603e+01,5.661980853877808073e+01,5.664297237033508736e+01,5.644944308061696603e+01,5.676298620943755679e+01,5.661980853877808073e+01,5.673968276439838831e+01,5.664297237033508736e+01,5.664297237033508736e+01,5.664297237033508736e+01,5.676298620943755679e+01,5.676298620943755679e+01,5.676298620943755679e+01,5.676298620943755679e+01,5.676298620943755679e+01,5.676298620943755679e+01,5.676298620943755679e+01,5.676298620943755679e+01,5.676298620943755679e+01,5.676298620943755679e+01,5.676298620943755679e+01,5.676298620943755679e+01,5.676298620943755679e+01,5.695493931365498952e+01,5.695493931365498952e+01,5.695493931365498952e+01,5.695493931365498952e+01,5.697748942145815221e+01,5.676298620943755679e+01,5.697748942145815221e+01,5.678491641487489261e+01,5.697748942145815221e+01,5.697748942145815221e+01,5.697748942145815221e+01,5.697748942145815221e+01,5.697748942145815221e+01,5.697748942145815221e+01,5.697748942145815221e+01,5.716880916183845329e+01,5.716880916183845329e+01,5.697748942145815221e+01,5.697748942145815221e+01,5.697748942145815221e+01,5.728707972350051847e+01,5.716880916183845329e+01,5.730903315538337495e+01,5.719063700467498279e+01,5.716880916183845329e+01,5.730903315538337495e+01,5.716880916183845329e+01,5.728707972350051847e+01,5.730903315538337495e+01,5.730903315538337495e+01,5.730903315538337495e+01,5.730903315538337495e+01,5.730903315538337495e+01,5.730903315538337495e+01,5.730903315538337495e+01,5.749938391588955966e+01,5.749938391588955966e+01,5.749938391588955966e+01,5.749938391588955966e+01,5.749938391588955966e+01,5.730903315538337495e+01,5.749938391588955966e+01,5.749938391588955966e+01,5.749938391588955966e+01,5.749938391588955966e+01,5.749938391588955966e+01,5.749938391588955966e+01,5.749938391588955966e+01,5.749938391588955966e+01,5.749938391588955966e+01,5.749938391588955966e+01,5.749938391588955966e+01,5.749938391588955966e+01,5.752064502303494464e+01,5.749938391588955966e+01,5.749938391588955966e+01,5.752064502303494464e+01,5.749938391588955966e+01,5.749938391588955966e+01,5.749938391588955966e+01,5.752064502303494464e+01,5.749938391588955966e+01,5.749938391588955966e+01,5.752064502303494464e+01,5.771036326285545925e+01,5.771036326285545925e+01,5.752064502303494464e+01,5.752064502303494464e+01,5.763767167154073690e+01,5.760618309631266243e+01,5.763767167154073690e+01,5.771036326285545925e+01,5.782707961810869790e+01,5.782707961810869790e+01,5.782707961810869790e+01,5.771036326285545925e+01,5.782707961810869790e+01,5.782707961810869790e+01,5.782707961810869790e+01,5.782707961810869790e+01,5.782707961810869790e+01,5.771036326285545925e+01,5.782707961810869790e+01,5.784779248639272708e+01,5.782707961810869790e+01,5.782707961810869790e+01,5.782707961810869790e+01,5.782707961810869790e+01,5.782707961810869790e+01,5.782707961810869790e+01,5.782707961810869790e+01,5.784779248639272708e+01,5.784779248639272708e+01,5.802493840672829606e+01,5.782707961810869790e+01,5.803655714393460130e+01,5.782707961810869790e+01,5.803655714393460130e+01,5.793290668758562134e+01,5.803655714393460130e+01,5.802493840672829606e+01,5.801513699708159777e+01,5.801513699708159777e+01,5.803655714393460130e+01,5.803655714393460130e+01,5.803655714393460130e+01,5.803655714393460130e+01,5.803655714393460130e+01,5.803655714393460130e+01,5.808862723063500511e+01,5.815196005829824344e+01,5.805664199511479495e+01,5.803655714393460130e+01,5.803655714393460130e+01,5.803655714393460130e+01,5.803655714393460130e+01,5.803655714393460130e+01
3.854449047580326493e+01,3.854449047580326493e+01,3.854449047580326493e+01,3.854449047580326493e+01,3.796589172004721036e+01,3.854449047580326493e+01,3.854449047580326493e+01,3.869738854655956573e+01,3.838630650659420951e+01,3.812566303447561467e+01,3.812566303447561467e+01,3.812566303447561467e+01,3.812566303447561467e+01,3.812566303447561467e+01,3.812566303447561467e+01,3.812566303447561467e+01,3.827837337972797371e+01,3.827837337972797371e+01,3.812566303447561467e+01,3.812566303447561467e+01,3.827837337972797371e+01,3.827837337972797371e+01,3.839295822246987200e+01,3.846028469891854229e+01,3.846028469891854229e+01,3.846028469891854229e+01,3.846028469891854229e+01,3.846028469891854229e+01,3.846028469891854229e+01,3.846028469891854229e+01,3.846028469891854229e+01,3.846028469891854229e+01,3.846028469891854229e+01,3.846028469891854229e+01,3.846028469891854229e+01,3.846028469891854229e+01,3.860205863747858501e+01,3.863865989929320932e+01,3.863865989929320932e+01,3.863865989929320932e+01,3.863865989929320932e+01,3.863865989929320932e+01,3.863865989929320932e+01,3.863865989929320932e+01,3.863865989929320932e+01,3.863865989929320932e+01,3.863865989929320932e+01,3.863865989929320932e+01,3.863865989929320932e+01,3.863865989929320932e+01,3.881368174324595799e+01,3.881368174324595799e+01,3.881368174324595799e+01,3.881368174324595799e+01,3.881368174324595799e+01,3.881368174324595799e+01,3.881368174324595799e+01,3.937332297596577035e+01,3.937332297596577035e+01,3.937332297596577035e+01,3.937332297596577035e+01,3.937332297596577035e+01,4.007305070980937955e+01,4.007305070980937955e+01,4.007305070980937955e+01,4.007305070980937955e+01,4.007305070980937955e+01,4.007305070980937955e+01,4.007305070980937955e+01,4.007305070980937955e+01,4.007305070980937955e+01,4.007305070980937955e+01,4.007305070980937955e+01,4.007305070980937955e+01,4.024081753908658499e+01,4.024081753908658499e+01,4.024081753908658499e+01,4.024081753908658499e+01,4.024081753908658499e+01,4.024081753908658499e+01,4.024081753908658499e+01,4.024081753908658499e+01,4.024081753908658499e+01,4.024081753908658499e+01,4.024081753908658499e+01,4.024081753908658499e+01,4.024081753908658499e+01,4.024081753908658499e+01,4.040486604420388517e+01,4.040486604420388517e+01,4.040486604420388517e+01,4.040486604420388517e+01,4.040486604420388517e+01,4.040486604420388517e+01,4.040486604420388517e+01,4.040486604420388517e+01,4.040486604420388517e+01,4.090228625282539809e+01,4.040486604420388517e+01,4.090228625282539809e+01,4.090228625282539809e+01,4.090228625282539809e+01,4.106441923379318837e+01,4.090228625282539809e+01,4.106441923379318837e+01,4.106441923379318837e+01,4.106441923379318837e+01,4.106441923379318837e+01,4.106441923379318837e+01,4.106441923379318837e+01,4.106441923379318837e+01,4.106441923379318837e+01,4.106441923379318837e+01,4.106441923379318837e+01,4.106441923379318837e+01,4.106441923379318837e+01,4.152825569911769321e+01,4.122237999335321490e+01,4.168954935434336306e+01,4.152825569911769321e+01,4.122237999335321490e+01,4.177764945711559363e+01,4.177764945711559363e+01,4.168954935434336306e+01,4.177764945711559363e+01,4.177764945711559363e+01,4.177764945711559363e+01,4.177764945711559363e+01,4.177764945711559363e+01,4.177764945711559363e+01,4.177764945711559363e+01,4.177764945711559363e+01,4.218985693859927011e+01,4.235450284195430726e+01,4.235450284195430726e+01,4.235450284195430726e+01,4.235450284195430726e+01,4.235450284195430726e+01,4.235450284195430726e+01,4.235450284195430726e+01,4.273497189755465797e+01,4.235450284195430726e+01,4.273497189755465797e+01,4.235450284195430726e+01,4.273497189755465797e+01,4.273497189755465797e+01,4.273497189755465797e+01,4.273497189755465797e+01,4.273497189755465797e+01,4.273497189755465797e+01,4.273497189755465797e+01,4.289993958112960826e+01,4.273497189755465797e+01,4.289993958112960826e+01,4.289993958112960826e+01,4.289993958112960826e+01,4.325146770735100432e+01,4.325146770735100432e+01,4.325146770735100432e+01,4.325146770735100432e+01,4.325146770735100432e+01,4.325146770735100432e+01,4.325146770735100432e+01,4.325146770735100432e+01,4.325146770735100432e+01,4.325146770735100432e+01,4.325146770735100432e+01,4.325146770735100432e+01,4.325146770735100432e+01,4.325146770735100432e+01,4.325146770735100432e+01,4.325146770735100432e+01,4.374243326240486596e+01,4.325146770735100432e+01,4.325146770735100432e+01,4.357102085072098419e+01,4.374243326240486596e+01,4.358602341929482549e+01,4.374243326240486596e+01,4.374243326240486596e+01,4.374243326240486596e+01,4.374243326240486596e+01,4.374243326240486596e+01,4.376086635134385716e+01,4.374243326240486596e+01,4.374243326240486596e+01,4.404641770092169395e+01,4.404005797103795317e+01,4.404005797103795317e+01,4.404005797103795317e+01,4.404005797103795317e+01,4.404641770092169395e+01,4.404641770092169395e+01,4.404641770092169395e+01,4.404641770092169395e+01,4.404641770092169395e+01,4.404641770092169395e+01,4.404641770092169395e+01,4.404641770092169395e+01,4.404641770092169395e+01,4.404641770092169395e+01,4.404005797103795317e+01,4.404641770092169395e+01,4.404641770092169395e+01,4.404641770092169395e+01,4.404641770092169395e+01,4.404641770092169395e+01,4.431053919903533256e+01,4.404641770092169395e+01,4.431053919903533256e+01,4.431053919903533256e+01,4.431053919903533256e+01,4.431053919903533256e+01,4.431053919903533256e+01,4.431053919903533256e+01,4.431053919903533256e+01,4.431053919903533256e+01,4.431053919903533256e+01,4.431053919903533256e+01,4.431053919903533256e+01,4.431053919903533256e+01,4.431053919903533256e+01,4.431053919903533256e+01,4.431053919903533256e+01,4.431053919903533256e+01,4.455774997109840996e+01,4.431053919903533256e+01,4.431053919903533256e+01,4.442361744641637955e+01,4.455774997109840996e+01,4.455774997109840996e+01,4.455774997109840996e+01,4.455774997109840996e+01,4.455774997109840996e+01,4.455774997109840996e+01,4.455774997109840996e+01,4.455774997109840996e+01,4.455774997109840996e+01,4.455774997109840996e+01,4.455774997109840996e+01,4.455774997109840996e+01,4.455774997109840996e+01,4.455774997109840996e+01,4.455774997109840996e+01,4.455774997109840996e+01,4.455774997109840996e+01,4.455774997109840996e+01,4.455774997109840996e+01,4.455774997109840996e+01,4.455774997109840996e+01,4.455774997109840996e+01,4.455774997109840996e+01,4.455774997109840996e+01,4.455774997109840996e+01,4.455774997109840996e+01,4.455774997109840996e+01,4.455774997109840996e+01,4.455774997109840996e+01,4.454831712819871825e+01,4.455774997109840996e+01,4.455774997109840996e+01,4.453883889909629090e+01,4.455774997109840996e+01,4.453883889909629090e+01,4.453883889909629090e+01,4.453883889909629090e+01,4.453883889909629090e+01,4.443463907278600544e+01,4.434813637092594263e+01,4.453883889909629090e+01,4.434813637092594263e+01,4.434813637092594263e+01,4.432038399781032467e+01,4.434813637092594263e+01,4.411015594877784451e+01,4.434813637092594263e+01,4.411015594877784451e+01,4.411015594877784451e+01,4.408655446619570029e+01,4.432038399781032467e+01,4.408655446619570029e+01,4.408655446619570029e+01,4.408655446619570029e+01,4.408655446619570029e+01,4.408655446619570029e+01,4.408655446619570029e+01,4.408655446619570029e+01,4.408655446619570029e+01,4.408655446619570029e+01,4.408655446619570029e+01,4.408655446619570029e+01,4.408655446619570029e+01,4.389128652310066059e+01,4.408655446619570029e+01,4.389128652310066059e+01,4.389128652310066059e+01,4.389128652310066059e+01,4.389128652310066059e+01,4.389128652310066059e+01,4.389128652310066059e+01,4.389128652310066059e+01,4.389128652310066059e+01,4.385877986756781866e+01,4.389128652310066059e+01,4.389128652310066059e+01,4.385877986756781866e+01,4.385877986756781866e+01,4.389128652310066059e+01,4.385877986756781866e+01,4.389128652310066059e+01,4.385877986756781866e+01,4.385877986756781866e+01,4.342079339139500149e+01,4.342079339139500149e+01,4.342079339139500149e+01,4.342079339139500149e+01,4.342079339139500149e+01,4.342079339139500149e+01,4.342079339139500149e+01,4.342079339139500149e+01,4.342079339139500149e+01,4.342079339139500149e+01,4.342079339139500149e+01,4.342079339139500149e+01,4.342079339139500149e+01,4.342079339139500149e+01,4.342079339139500149e+01,4.338365898776913099e+01,4.342079339139500149e+01,4.338365898776913099e+01,4.340115337427179298e+01,4.338365898776913099e+01,4.317646161444034192e+01,4.317646161444034192e+01,4.317646161444034192e+01,4.293577252842206349e+01,4.293577252842206349e+01,4.317646161444034192e+01,4.293577252842206349e+01,4.317646161444034192e+01,4.293577252842206349e+01,4.289419573886918613e+01,4.289419573886918613e+01,4.289419573886918613e+01,4.289419573886918613e+01,4.289419573886918613e+01,4.289419573886918613e+01,4.289419573886918613e+01,4.289419573886918613e+01,4.289419573886918613e+01,4.268176706342047311e+01,4.268176706342047311e+01,4.263359791979861768e+01,4.263359791979861768e+01,4.263359791979861768e+01,4.238955631013016045e+01,4.238955631013016045e+01,4.263359791979861768e+01,4.238955631013016045e+01,4.238955631013016045e+01,4.238955631013016045e+01,4.238955631013016045e+01,4.233842785235299289e+01,4.233842785235299289e+01,4.233842785235299289e+01,4.233842785235299289e+01,4.233842785235299289e+01,4.233842785235299289e+01,4.233842785235299289e+01,4.233842785235299289e+01,4.233842785235299289e+01,4.211962473860643996e+01,4.208700390102119115e+01,4.233842785235299289e+01,4.206384008027632149e+01,4.206384008027632149e+01,4.206384008027632149e+01,4.206384008027632149e+01,4.206384008027632149e+01,4.181422424672111759e+01,4.206384008027632149e+01,4.181422424672111759e+01,4.181422424672111759e+01,4.181422424672111759e+01,4.181422424672111759e+01,4.181422424672111759e+01,4.181422424672111759e+01,4.181422424672111759e+01,4.181422424672111759e+01,4.181422424672111759e+01,4.181422424672111759e+01,4.181422424672111759e+01,4.181422424672111759e+01,4.181422424672111759e+01,4.175561098156691742e+01,4.181422424672111759e+01,4.175561098156691742e+01,4.158982059792253239e+01,4.153095503284625067e+01,4.153095503284625067e+01,4.153095503284625067e+01,4.153095503284625067e+01,4.153095503284625067e+01,4.153095503284625067e+01,4.153095503284625067e+01,4.153095503284625067e+01,4.146966666679227842e+01,4.153095503284625067e+01,4.146966666679227842e+01,4.146966666679227842e+01,4.146966666679227842e+01,4.146966666679227842e+01,4.146966666679227842e+01,4.146966666679227842e+01,4.146966666679227842e+01,4.146966666679227842e+01,4.146966666679227842e+01,4.146966666679227842e+01,4.146966666679227842e+01,4.146966666679227842e+01,4.146966666679227842e+01,4.146966666679227842e+01,4.124074901264993542e+01,4.124074901264993542e+01,4.124074901264993542e+01,4.124074901264993542e+01,4.117863867565763059e+01,4.117863867565763059e+01,4.091860615549693847e+01,4.091860615549693847e+01,4.091860615549693847e+01,4.091860615549693847e+01,4.091860615549693847e+01,4.091860615549693847e+01,4.085397687160380542e+01,4.061664705635057970e+01,4.058692655358139234e+01,4.058692655358139234e+01,4.058692655358139234e+01,4.058692655358139234e+01,4.058692655358139234e+01,4.058692655358139234e+01,4.058692655358139234e+01,4.058692655358139234e+01,4.058692655358139234e+01,4.058692655358139234e+01,4.058692655358139234e+01,4.058692655358139234e+01,4.058692655358139234e+01,4.058692655358139234e+01,4.058692655358139234e+01,4.035155855151122495e+01,4.028579719681098226e+01,4.028579719681098226e+01,4.028579719681098226e+01,4.028579719681098226e+01,4.028579719681098226e+01,4.028579719681098226e+01,4.028579719681098226e+01,4.028579719681098226e+01,4.028579719681098226e+01,4.028579719681098226e+01,4.028579719681098226e+01,4.028579719681098226e+01,4.028579719681098226e+01,4.028579719681098226e+01,4.028579719681098226e+01,4.028579719681098226e+01,4.028579719681098226e+01,4.028579719681098226e+01,4.028579719681098226e+01,4.028579719681098226e+01,4.028579719681098226e+01,4.021992530215038641e+01,4.021992530215038641e+01,4.028579719681098226e+01,4.028579719681098226e+01,4.021992530215038641e+01,4.021992530215038641e+01,4.021992530215038641e+01,4.021992530215038641e+01,4.021992530215038641e+01,4.021992530215038641e+01,4.021992530215038641e+01,4.021992530215038641e+01,4.021992530215038641e+01,4.021992530215038641e+01,4.021992530215038641e+01,4.021992530215038641e+01,3.998307892905470595e+01,3.998307892905470595e+01,3.998307892905470595e+01,3.998307892905470595e+01,3.998307892905470595e+01,3.998307892905470595e+01,3.998307892905470595e+01,3.998307892905470595e+01,3.998307892905470595e+01,3.998307892905470595e+01,3.998307892905470595e+01,3.998307892905470595e+01,3.998307892905470595e+01,3.998307892905470595e+01,3.998307892905470595e+01,3.998307892905470595e+01,3.998307892905470595e+01,3.998307892905470595e+01,3.998307892905470595e+01,3.998307892905470595e+01,3.998307892905470595e+01,3.998307892905470595e+01,3.998307892905470595e+01,3.998307892905470595e+01,3.998307892905470595e+01,3.998307892905470595e+01,3.998307892905470595e+01,3.998307892905470595e+01,3.998307892905470595e+01,3.998307892905470595e+01,3.998307892905470595e+01,3.998307892905470595e+01,3.998307892905470595e+01,3.998307892905470595e+01,3.998307892905470595e+01,3.991940925099265058e+01,3.991940925099265058e+01,3.991940925099265058e+01,3.991940925099265058e+01,3.998307892905470595e+01,3.991940925099265058e+01,3.991940925099265058e+01,3.991940925099265058e+01,3.991940925099265058e+01,3.991940925099265058e+01,3.991940925099265058e+01,3.991940925099265058e+01,3.968118702004005627e+01,3.968118702004005627e+01,3.991940925099265058e+01,3.991940925099265058e+01,3.991940925099265058e+01,3.991940925099265058e+01,3.991940925099265058e+01,3.968118702004005627e+01,3.968118702004005627e+01,3.991940925099265058e+01,3.968118702004005627e+01,3.991940925099265058e+01,3.968118702004005627e+01,3.968118702004005627e+01,3.968118702004005627e+01,3.968118702004005627e+01,3.968118702004005627e+01,3.968118702004005627e+01,3.968118702004005627e+01,3.968118702004005627e+01,3.968118702004005627e+01,3.968118702004005627e+01,3.968118702004005627e+01,3.968118702004005627e+01,3.968118702004005627e+01,3.968118702004005627e+01,3.968118702004005627e+01,3.968118702004005627e+01,3.968118702004005627e+01,3.939419631578643788e+01,3.968118702004005627e+01,3.968118702004005627e+01,3.968118702004005627e+01,3.968118702004005627e+01,3.968118702004005627e+01,3.968118702004005627e+01,3.968118702004005627e+01,3.968118702004005627e+01,3.968118702004005627e+01,3.968118702004005627e+01,3.968118702004005627e+01,3.968118702004005627e+01,3.968118702004005627e+01,3.968118702004005627e+01,3.968118702004005627e+01,3.962064130064270984e+01,3.968118702004005627e+01,3.968118702004005627e+01,3.968118702004005627e+01,3.968118702004005627e+01,3.968118702004005627e+01,3.968118702004005627e+01,3.968118702004005627e+01,3.968118702004005627e+01,3.968118702004005627e+01,3.968118702004005627e+01,3.962064130064270984e+01,3.964771362783988451e+01,3.962064130064270984e+01,3.968118702004005627e+01,3.968118702004005627e+01,3.962064130064270984e+01,3.968118702004005627e+01,3.968118702004005627e+01,3.968118702004005627e+01,3.968118702004005627e+01,3.962064130064270984e+01,3.968118702004005627e+01,3.968118702004005627e+01,3.968118702004005627e+01,3.962064130064270984e+01,3.962064130064270984e+01,3.962064130064270984e+01,3.962064130064270984e+01,3.968118702004005627e+01,3.933098752772316686e+01,3.962064130064270984e+01,3.962064130064270984e+01,3.962064130064270984e+01,3.962064130064270984e+01,3.962064130064270984e+01,3.968118702004005627e+01,3.962064130064270984e+01,3.962064130064270984e+01,3.962064130064270984e+01,3.962064130064270984e+01,3.962064130064270984e+01,3.914168910381449962e+01,3.914168910381449962e+01,3.914168910381449962e+01,3.914168910381449962e+01,3.914168910381449962e+01,3.914168910381449962e+01,3.884342376984028533e+01,3.884342376984028533e+01,3.878611450738638666e+01,3.878611450738638666e+01,3.878611450738638666e+01,3.878611450738638666e+01,3.878611450738638666e+01,3.878611450738638666e+01,3.878611450738638666e+01,3.878611450738638666e+01,3.878611450738638666e+01,3.878611450738638666e+01,3.878611450738638666e+01,3.884342376984028533e+01,3.908720202030015400e+01,3.878611450738638666e+01,3.878611450738638666e+01,3.878611450738638666e+01,3.878611450738638666e+01,3.878611450738638666e+01,3.878611450738638666e+01,3.878611450738638666e+01,3.878611450738638666e+01,3.878611450738638666e+01,3.878611450738638666e+01,3.878611450738638666e+01,3.865200147926005059e+01,3.854200415153074033e+01,3.878611450738638666e+01,3.878611450738638666e+01,3.878611450738638666e+01,3.854200415153074033e+01,3.878611450738638666e+01,3.854200415153074033e+01,3.854200415153074033e+01,3.854200415153074033e+01,3.854200415153074033e+01,3.854200415153074033e+01,3.854200415153074033e+01,3.854200415153074033e+01,3.854200415153074033e+01,3.854200415153074033e+01,3.854200415153074033e+01,3.854200415153074033e+01,3.854200415153074033e+01,3.854200415153074033e+01,3.854200415153074033e+01,3.854200415153074033e+01,3.854200415153074033e+01,3.854200415153074033e+01,3.854200415153074033e+01,3.854200415153074033e+01,3.854200415153074033e+01,3.854200415153074033e+01,3.854200415153074033e+01,3.854200415153074033e+01,3.854200415153074033e+01,3.854200415153074033e+01,3.854200415153074033e+01,3.854200415153074033e+01,3.854200415153074033e+01,3.854200415153074033e+01,3.854200415153074033e+01,3.854200415153074033e+01,3.854200415153074033e+01,3.854200415153074033e+01,3.854200415153074033e+01,3.854200415153074033e+01,3.854200415153074033e+01,3.854200415153074033e+01,3.854200415153074033e+01,3.854200415153074033e+01,3.854200415153074033e+01,3.854200415153074033e+01,3.854200415153074033e+01,3.854200415153074033e+01,3.854200415153074033e+01,3.854200415153074033e+01,3.854200415153074033e+01,3.854200415153074033e+01,3.854200415153074033e+01,3.854200415153074033e+01,3.854200415153074033e+01,3.854200415153074033e+01,3.854200415153074033e+01,3.854200415153074033e+01,3.854200415153074033e+01,3.854200415153074033e+01,3.854200415153074033e+01,3.854200415153074033e+01,3.854200415153074033e+01,3.854200415153074033e+01,3.854200415153074033e+01,3.854200415153074033e+01,3.854200415153074033e+01,3.854200415153074033e+01,3.854200415153074033e+01,3.854200415153074033e+01,3.854200415153074033e+01,3.854200415153074033e+01,3.854200415153074033e+01,3.854200415153074033e+01,3.854200415153074033e+01,3.854200415153074033e+01,3.854200415153074033e+01,3.854200415153074033e+01,3.854200415153074033e+01,3.854200415153074033e+01,3.854200415153074033e+01,3.854200415153074033e+01,3.854200415153074033e+01,3.854200415153074033e+01,3.854200415153074033e+01,3.854200415153074033e+01,3.854200415153074033e+01,3.854200415153074033e+01,3.854200415153074033e+01,3.854200415153074033e+01,3.854200415153074033e+01,3.854200415153074033e+01,3.854200415153074033e+01,3.854200415153074033e+01,3.854200415153074033e+01,3.854200415153074033e+01,3.854200415153074033e+01,3.854200415153074033e+01,3.854200415153074033e+01,3.854200415153074033e+01,3.854200415153074033e+01,3.854200415153074033e+01,3.854200415153074033e+01,3.854200415153074033e+01,3.854200415153074033e+01,3.854200415153074033e+01,3.854200415153074033e+01,3.854200415153074033e+01,3.854200415153074033e+01,3.854200415153074033e+01,3.854200415153074033e+01,3.854200415153074033e+01,3.854200415153074033e+01,3.854200415153074033e+01,3.854200415153074033e+01,3.854200415153074033e+01,3.854200415153074033e+01,3.854200415153074033e+01,3.854200415153074033e+01,3.854200415153074033e+01,3.854200415153074033e+01,3.854200415153074033e+01,3.854200415153074033e+01,3.854200415153074033e+01,3.854200415153074033e+01,3.854200415153074033e+01,3.854200415153074033e+01,3.854200415153074033e+01,3.854200415153074033e+01,3.854200415153074033e+01,3.854200415153074033e+01,3.854200415153074033e+01,3.854200415153074033e+01,3.854200415153074033e+01,3.854200415153074033e+01,3.854200415153074033e+01,3.854200415153074033e+01,3.854200415153074033e+01,3.854200415153074033e+01,3.854200415153074033e+01,3.854200415153074033e+01,3.854200415153074033e+01,3.840732313338602211e+01,3.840732313338602211e+01,3.829699989440508290e+01,3.829699989440508290e+01,3.854200415153074033e+01,3.829699989440508290e+01,3.854200415153074033e+01,3.829699989440508290e+01,3.823202065738664857e+01,3.854200415153074033e+01,3.854200415153074033e+01,3.823202065738664857e+01,3.854200415153074033e+01,3.824647420870037706e+01,3.829699989440508290e+01,3.829699989440508290e+01,3.798178888091673144e+01,3.829699989440508290e+01,3.829699989440508290e+01,3.798178888091673144e+01,3.798178888091673144e+01,3.798178888091673144e+01,3.798178888091673144e+01,3.798178888091673144e+01,3.829699989440508290e+01,3.829699989440508290e+01,3.798178888091673144e+01,3.798178888091673144e+01,3.829699989440508290e+01,3.798178888091673144e+01,3.798178888091673144e+01,3.798178888091673144e+01,3.798178888091673144e+01,3.798178888091673144e+01,3.798178888091673144e+01,3.798178888091673144e+01,3.829699989440508290e+01,3.798178888091673144e+01,3.829699989440508290e+01,3.798178888091673144e+01,3.798178888091673144e+01,3.798178888091673144e+01,3.829699989440508290e+01,3.829699989440508290e+01,3.798178888091673144e+01,3.798178888091673144e+01,3.798178888091673144e+01,3.798178888091673144e+01,3.798178888091673144e+01,3.798178888091673144e+01,3.798178888091673144e+01,3.798178888091673144e+01,3.798178888091673144e+01,3.798178888091673144e+01,3.798178888091673144e+01,3.798178888091673144e+01,3.798178888091673144e+01,3.798178888091673144e+01,3.798178888091673144e+01,3.798178888091673144e+01,3.798178888091673144e+01,3.798178888091673144e+01,3.798178888091673144e+01,3.798178888091673144e+01,3.798178888091673144e+01,3.798178888091673144e+01,3.798178888091673144e+01,3.798178888091673144e+01,3.798178888091673144e+01,3.798178888091673144e+01,3.798178888091673144e+01,3.798178888091673144e+01,3.798178888091673144e+01,3.798178888091673144e+01,3.798178888091673144e+01,3.798178888091673144e+01,3.798178888091673144e+01,3.798178888091673144e+01,3.798178888091673144e+01,3.798178888091673144e+01,3.798178888091673144e+01,3.798178888091673144e+01,3.798178888091673144e+01,3.798178888091673144e+01,3.798178888091673144e+01,3.798178888091673144e+01,3.798178888091673144e+01,3.798178888091673144e+01,3.798178888091673144e+01,3.798178888091673144e+01,3.798178888091673144e+01,3.798178888091673144e+01,3.798178888091673144e+01,3.798178888091673144e+01,3.798178888091673144e+01,3.798178888091673144e+01,3.798178888091673144e+01,3.798178888091673144e+01,3.798178888091673144e+01,3.798178888091673144e+01,3.798178888091673144e+01,3.798178888091673144e+01,3.798178888091673144e+01,3.798178888091673144e+01,3.798178888091673144e+01,3.798178888091673144e+01,3.798178888091673144e+01,3.798178888091673144e+01,3.798178888091673144e+01,3.798178888091673144e+01,3.798178888091673144e+01,3.798178888091673144e+01,3.798178888091673144e+01,3.798178888091673144e+01,3.798178888091673144e+01,3.798178888091673144e+01,3.798178888091673144e+01,3.798178888091673144e+01,3.798178888091673144e+01,3.798178888091673144e+01,3.798178888091673144e+01,3.798178888091673144e+01,3.798178888091673144e+01,3.798178888091673144e+01,3.798178888091673144e+01,3.798178888091673144e+01,3.798178888091673144e+01,3.798178888091673144e+01,3.798178888091673144e+01,3.798178888091673144e+01,3.798178888091673144e+01,3.798178888091673144e+01,3.798178888091673144e+01,3.798178888091673144e+01,3.798178888091673144e+01,3.798178888091673144e+01,3.798178888091673144e+01,3.798178888091673144e+01,3.798178888091673144e+01,3.798178888091673144e+01,3.798178888091673144e+01,3.798178888091673144e+01,3.798178888091673144e+01,3.798178888091673144e+01,3.798178888091673144e+01,3.798178888091673144e+01,3.798178888091673144e+01,3.798178888091673144e+01,3.798178888091673144e+01,3.798178888091673144e+01,3.798178888091673144e+01,3.798178888091673144e+01,3.798178888091673144e+01,3.798178888091673144e+01,3.798178888091673144e+01,3.798178888091673144e+01,3.798178888091673144e+01,3.798178888091673144e+01,3.798178888091673144e+01,3.798178888091673144e+01,3.798178888091673144e+01,3.798178888091673144e+01,3.798178888091673144e+01,3.798178888091673144e+01,3.798178888091673144e+01,3.798178888091673144e+01,3.798178888091673144e+01,3.798178888091673144e+01,3.798178888091673144e+01,3.798178888091673144e+01,3.798178888091673144e+01,3.798178888091673144e+01,3.798178888091673144e+01,3.798178888091673144e+01,3.798178888091673144e+01,3.798178888091673144e+01,3.798178888091673144e+01,3.798178888091673144e+01,3.798178888091673144e+01,3.798178888091673144e+01,3.798178888091673144e+01,3.798178888091673144e+01,3.798178888091673144e+01,3.798178888091673144e+01,3.798178888091673144e+01,3.798178888091673144e+01,3.798178888091673144e+01,3.798178888091673144e+01,3.798178888091673144e+01,3.798178888091673144e+01,3.798178888091673144e+01,3.798178888091673144e+01,3.798178888091673144e+01,3.798178888091673144e+01,3.798178888091673144e+01,3.798178888091673144e+01,3.798178888091673144e+01,3.798178888091673144e+01,3.798178888091673144e+01,3.798178888091673144e+01,3.798178888091673144e+01,3.798178888091673144e+01,3.798178888091673144e+01,3.798178888091673144e+01,3.798178888091673144e+01,3.798178888091673144e+01,3.798178888091673144e+01,3.798178888091673144e+01,3.798178888091673144e+01,3.798178888091673144e+01,3.798178888091673144e+01,3.798178888091673144e+01,3.798178888091673144e+01,3.798178888091673144e+01,3.798178888091673144e+01,3.798178888091673144e+01,3.798178888091673144e+01,3.798178888091673144e+01,3.798178888091673144e+01,3.798178888091673144e+01,3.798178888091673144e+01,3.798178888091673144e+01,3.798178888091673144e+01,3.798178888091673144e+01,3.798178888091673144e+01,3.798178888091673144e+01,3.798178888091673144e+01,3.798178888091673144e+01,3.798178888091673144e+01,3.798178888091673144e+01,3.798178888091673144e+01,3.798178888091673144e+01,3.798178888091673144e+01,3.798178888091673144e+01,3.798178888091673144e+01,3.798178888091673144e+01,3.798178888091673144e+01,3.798178888091673144e+01,3.798178888091673144e+01,3.798178888091673144e+01,3.798178888091673144e+01,3.798178888091673144e+01,3.798178888091673144e+01,3.798178888091673144e+01,3.798178888091673144e+01,3.798178888091673144e+01,3.798178888091673144e+01,3.798178888091673144e+01,3.798178888091673144e+01,3.798178888091673144e+01,3.798178888091673144e+01,3.798178888091673144e+01,3.798178888091673144e+01,3.798178888091673144e+01,3.798178888091673144e+01,3.798178888091673144e+01,3.798178888091673144e+01,3.798178888091673144e+01,3.798178888091673144e+01,3.798178888091673144e+01,3.798178888091673144e+01,3.798178888091673144e+01,3.798178888091673144e+01,3.798178888091673144e+01,3.798178888091673144e+01,3.798178888091673144e+01,3.798178888091673144e+01,3.798178888091673144e+01,3.798178888091673144e+01,3.798178888091673144e+01,3.798178888091673144e+01,3.798178888091673144e+01,3.798178888091673144e+01,3.798178888091673144e+01,3.798178888091673144e+01,3.798178888091673144e+01,3.798178888091673144e+01,3.798178888091673144e+01,3.798178888091673144e+01,3.798178888091673144e+01,3.798178888091673144e+01,3.798178888091673144e+01,3.798178888091673144e+01,3.798178888091673144e+01,3.798178888091673144e+01,3.798178888091673144e+01,3.798178888091673144e+01,3.798178888091673144e+01,3.798178888091673144e+01,3.798178888091673144e+01,3.798178888091673144e+01,3.798178888091673144e+01,3.798178888091673144e+01,3.798178888091673144e+01,3.798178888091673144e+01,3.798178888091673144e+01,3.798178888091673144e+01,3.798178888091673144e+01,3.798178888091673144e+01,3.798178888091673144e+01,3.798178888091673144e+01,3.798178888091673144e+01,3.798178888091673144e+01,3.798178888091673144e+01,3.798178888091673144e+01,3.798178888091673144e+01,3.798178888091673144e+01,3.798178888091673144e+01,3.798178888091673144e+01,3.798178888091673144e+01,3.798178888091673144e+01,3.798178888091673144e+01,3.798178888091673144e+01,3.798178888091673144e+01,3.773096238257528512e+01,3.773096238257528512e+01,3.798178888091673144e+01,3.798178888091673144e+01,3.798178888091673144e+01,3.798178888091673144e+01,3.798178888091673144e+01,3.798178888091673144e+01,3.773096238257528512e+01,3.798178888091673144e+01,3.798178888091673144e+01,3.773096238257528512e+01,3.798178888091673144e+01,3.773096238257528512e+01,3.773096238257528512e+01,3.798178888091673144e+01,3.798178888091673144e+01,3.798178888091673144e+01,3.798178888091673144e+01,3.798178888091673144e+01,3.798178888091673144e+01,3.798178888091673144e+01,3.798178888091673144e+01,3.798178888091673144e+01,3.798178888091673144e+01,3.798178888091673144e+01,3.773096238257528512e+01,3.798178888091673144e+01,3.798178888091673144e+01,3.798178888091673144e+01,3.798178888091673144e+01,3.798178888091673144e+01,3.798178888091673144e+01,3.798178888091673144e+01,3.798178888091673144e+01,3.798178888091673144e+01,3.798178888091673144e+01,3.798178888091673144e+01,3.798178888091673144e+01,3.773096238257528512e+01,3.798178888091673144e+01,3.773096238257528512e+01,3.798178888091673144e+01,3.798178888091673144e+01,3.798178888091673144e+01,3.773096238257528512e+01,3.798178888091673144e+01,3.773096238257528512e+01,3.798178888091673144e+01,3.773096238257528512e+01,3.773096238257528512e+01,3.773096238257528512e+01,3.773096238257528512e+01,3.784386654353676960e+01,3.798178888091673144e+01,3.798178888091673144e+01,3.798178888091673144e+01,3.803684849145373903e+01,3.803684849145373903e+01,3.803684849145373903e+01,3.803684849145373903e+01,3.803684849145373903e+01,3.803684849145373903e+01,3.803684849145373903e+01,3.803684849145373903e+01,3.803684849145373903e+01,3.803684849145373903e+01,3.803684849145373903e+01,3.803684849145373903e+01,3.803684849145373903e+01,3.803684849145373903e+01,3.803684849145373903e+01,3.803684849145373903e+01,3.803684849145373903e+01,3.803684849145373903e+01,3.803684849145373903e+01,3.803684849145373903e+01,3.803684849145373903e+01,3.803684849145373903e+01,3.803684849145373903e+01,3.803684849145373903e+01,3.803684849145373903e+01,3.803684849145373903e+01,3.803684849145373903e+01,3.803684849145373903e+01,3.803684849145373903e+01,3.803684849145373903e+01,3.803684849145373903e+01,3.803684849145373903e+01,3.803684849145373903e+01,3.803684849145373903e+01,3.803684849145373903e+01,3.803684849145373903e+01,3.803684849145373903e+01,3.803684849145373903e+01,3.803684849145373903e+01,3.803684849145373903e+01,3.803684849145373903e+01,3.803684849145373903e+01,3.803684849145373903e+01,3.803684849145373903e+01,3.803684849145373903e+01,3.803684849145373903e+01,3.803684849145373903e+01,3.803684849145373903e+01,3.803684849145373903e+01,3.803684849145373903e+01,3.803684849145373903e+01,3.803684849145373903e+01,3.803684849145373903e+01,3.803684849145373903e+01,3.803684849145373903e+01,3.803684849145373903e+01,3.803684849145373903e+01,3.800631799465890026e+01,3.803684849145373903e+01,3.803684849145373903e+01,3.803684849145373903e+01,3.803684849145373903e+01,3.803684849145373903e+01,3.803684849145373903e+01,3.803684849145373903e+01,3.803684849145373903e+01,3.803684849145373903e+01,3.803684849145373903e+01,3.803684849145373903e+01,3.803684849145373903e+01,3.803684849145373903e+01,3.803684849145373903e+01,3.803684849145373903e+01,3.803684849145373903e+01,3.803684849145373903e+01,3.803684849145373903e+01,3.803684849145373903e+01,3.803684849145373903e+01,3.803684849145373903e+01,3.803684849145373903e+01,3.803684849145373903e+01,3.803684849145373903e+01,3.803684849145373903e+01,3.803684849145373903e+01,3.803684849145373903e+01,3.803684849145373903e+01,3.803684849145373903e+01,3.803684849145373903e+01,3.803684849145373903e+01,3.803684849145373903e+01,3.803684849145373903e+01,3.803684849145373903e+01,3.803684849145373903e+01,3.803684849145373903e+01,3.803684849145373903e+01,3.803684849145373903e+01,3.803684849145373903e+01,3.803684849145373903e+01,3.803684849145373903e+01,3.803684849145373903e+01,3.803684849145373903e+01,3.803684849145373903e+01,3.803684849145373903e+01,3.803684849145373903e+01,3.803684849145373903e+01,3.803684849145373903e+01,3.803684849145373903e+01,3.803684849145373903e+01,3.803684849145373903e+01,3.803684849145373903e+01,3.803684849145373903e+01,3.803684849145373903e+01,3.803684849145373903e+01,3.803684849145373903e+01,3.803684849145373903e+01,3.803684849145373903e+01,3.803684849145373903e+01,3.803684849145373903e+01,3.803684849145373903e+01,3.803684849145373903e+01,3.803684849145373903e+01,3.803684849145373903e+01,3.803684849145373903e+01,3.803684849145373903e+01,3.803684849145373903e+01,3.803684849145373903e+01,3.803684849145373903e+01,3.803684849145373903e+01,3.803684849145373903e+01,3.803684849145373903e+01,3.803684849145373903e+01,3.803684849145373903e+01,3.803684849145373903e+01,3.803684849145373903e+01,3.803684849145373903e+01,3.803684849145373903e+01,3.803684849145373903e+01,3.803684849145373903e+01,3.803684849145373903e+01,3.803684849145373903e+01,3.803684849145373903e+01,3.803684849145373903e+01,3.803684849145373903e+01,3.803684849145373903e+01,3.803684849145373903e+01,3.803684849145373903e+01,3.803684849145373903e+01,3.803684849145373903e+01,3.803684849145373903e+01,3.803684849145373903e+01,3.803684849145373903e+01,3.803684849145373903e+01,3.803684849145373903e+01,3.803684849145373903e+01,3.809383910429635023e+01,3.803684849145373903e+01,3.803684849145373903e+01,3.803684849145373903e+01,3.803684849145373903e+01,3.803684849145373903e+01,3.803684849145373903e+01,3.803684849145373903e+01,3.803684849145373903e+01,3.803684849145373903e+01,3.803684849145373903e+01,3.803684849145373903e+01,3.803684849145373903e+01,3.803684849145373903e+01,3.803684849145373903e+01,3.803684849145373903e+01,3.803684849145373903e+01,3.803684849145373903e+01,3.803684849145373903e+01,3.803684849145373903e+01,3.803684849145373903e+01,3.803684849145373903e+01,3.803684849145373903e+01,3.803684849145373903e+01,3.803684849145373903e+01,3.803684849145373903e+01,3.803684849145373903e+01,3.803684849145373903e+01,3.803684849145373903e+01,3.809383910429635023e+01,3.803684849145373903e+01,3.803684849145373903e+01,3.803684849145373903e+01,3.806226437210283109e+01,3.803684849145373903e+01,3.803684849145373903e+01,3.803684849145373903e+01,3.809383910429635023e+01,3.803684849145373903e+01,3.809383910429635023e+01,3.809383910429635023e+01,3.809383910429635023e+01,3.803684849145373903e+01,3.803684849145373903e+01,3.803684849145373903e+01,3.803684849145373903e+01,3.809383910429635023e+01,3.803684849145373903e+01,3.809383910429635023e+01,3.803684849145373903e+01,3.809383910429635023e+01,3.809383910429635023e+01,3.809383910429635023e+01,3.803684849145373903e+01,3.803684849145373903e+01,3.803684849145373903e+01,3.809383910429635023e+01,3.809383910429635023e+01,3.803684849145373903e+01,3.803684849145373903e+01,3.809383910429635023e+01,3.806226437210283109e+01,3.809383910429635023e+01,3.809383910429635023e+01,3.809383910429635023e+01,3.809383910429635023e+01,3.809383910429635023e+01,3.803684849145373903e+01,3.809383910429635023e+01,3.809383910429635023e+01,3.809383910429635023e+01,3.809383910429635023e+01,3.809383910429635023e+01,3.809383910429635023e+01,3.809383910429635023e+01,3.809383910429635023e+01,3.809383910429635023e+01,3.809383910429635023e+01,3.809383910429635023e+01,3.809383910429635023e+01
2.051866712752832456e+01,2.046331809109160815e+01,2.046331809109160815e+01,2.051866712752832456e+01,2.046331809109160815e+01,2.046331809109160815e+01,2.046331809109160815e+01,2.046331809109160815e+01,2.046331809109160815e+01,2.046331809109160815e+01,2.046331809109160815e+01,2.046331809109160815e+01,2.046331809109160815e+01,2.046331809109160815e+01,2.068707109149790213e+01,2.068707109149790213e+01,2.068707109149790213e+01,2.046331809109160815e+01,2.068707109149790213e+01,2.068707109149790213e+01,2.068707109149790213e+01,2.068707109149790213e+01,2.068707109149790213e+01,2.068707109149790213e+01,2.068707109149790213e+01,2.068707109149790213e+01,2.068707109149790213e+01,2.068707109149790213e+01,2.068707109149790213e+01,2.068707109149790213e+01,2.068707109149790213e+01,2.068707109149790213e+01,2.068707109149790213e+01,2.068707109149790213e+01,2.068707109149790213e+01,2.068707109149790213e+01,2.068707109149790213e+01,2.093176721377790628e+01,2.093176721377790628e+01,2.093176721377790628e+01,2.093176721377790628e+01,2.093176721377790628e+01,2.093176721377790628e+01,2.095062077231422393e+01,2.093176721377790628e+01,2.097769930261461724e+01,2.097769930261461724e+01,2.097769930261461724e+01,2.097769930261461724e+01,2.093176721377790628e+01,2.116231019142283998e+01,2.139763323994116462e+01,2.139763323994116462e+01,2.139763323994116462e+01,2.139763323994116462e+01,2.139763323994116462e+01,2.139763323994116462e+01,2.139763323994116462e+01,2.139763323994116462e+01,2.139763323994116462e+01,2.165479153713076244e+01,2.165479153713076244e+01,2.165479153713076244e+01,2.165479153713076244e+01,2.165479153713076244e+01,2.165479153713076244e+01,2.165479153713076244e+01,2.165479153713076244e+01,2.165479153713076244e+01,2.165479153713076244e+01,2.165479153713076244e+01,2.165479153713076244e+01,2.165479153713076244e+01,2.165479153713076244e+01,2.165479153713076244e+01,2.165479153713076244e+01,2.206197201741337111e+01,2.193152742569228053e+01,2.222601246532205721e+01,2.222601246532205721e+01,2.222601246532205721e+01,2.222601246532205721e+01,2.222601246532205721e+01,2.268824708618739550e+01,2.268824708618739550e+01,2.268824708618739550e+01,2.268824708618739550e+01,2.268824708618739550e+01,2.268824708618739550e+01,2.268824708618739550e+01,2.268824708618739550e+01,2.268824708618739550e+01,2.300229795067361849e+01,2.282757225790204458e+01,2.300229795067361849e+01,2.300229795067361849e+01,2.300229795067361849e+01,2.300229795067361849e+01,2.300229795067361849e+01,2.300229795067361849e+01,2.300229795067361849e+01,2.300229795067361849e+01,2.300229795067361849e+01,2.300229795067361849e+01,2.300229795067361849e+01,2.300229795067361849e+01,2.300229795067361849e+01,2.300229795067361849e+01,2.333114771710701518e+01,2.300229795067361849e+01,2.333114771710701518e+01,2.333114771710701518e+01,2.333114771710701518e+01,2.333114771710701518e+01,2.333114771710701518e+01,2.333114771710701518e+01,2.333114771710701518e+01,2.333114771710701518e+01,2.333114771710701518e+01,2.333114771710701518e+01,2.333114771710701518e+01,2.333114771710701518e+01,2.333114771710701518e+01,2.333114771710701518e+01,2.418567481062977720e+01,2.384163216775642979e+01,2.418567481062977720e+01,2.418567481062977720e+01,2.418567481062977720e+01,2.418567481062977720e+01,2.418567481062977720e+01,2.418567481062977720e+01,2.418567481062977720e+01,2.418567481062977720e+01,2.418567481062977720e+01,2.418567481062977720e+01,2.418567481062977720e+01,2.418567481062977720e+01,2.418567481062977720e+01,2.418567481062977720e+01,2.418567481062977720e+01,2.418567481062977720e+01,2.454096771472755734e+01,2.454096771472755734e+01,2.454096771472755734e+01,2.454096771472755734e+01,2.454096771472755734e+01,2.457547750633516515e+01,2.457547750633516515e+01,2.457547750633516515e+01,2.454096771472755734e+01,2.509686691432394667e+01,2.514089346399089564e+01,2.514089346399089564e+01,2.511941934210406657e+01,2.509686691432394667e+01,2.514089346399089564e+01,2.509686691432394667e+01,2.509686691432394667e+01,2.550673134572265610e+01,2.546158562388318813e+01,2.546158562388318813e+01,2.546158562388318813e+01,2.605262835268896282e+01,2.546158562388318813e+01,2.546158562388318813e+01,2.605262835268896282e+01,2.546158562388318813e+01,2.605262835268896282e+01,2.605262835268896282e+01,2.605262835268896282e+01,2.605262835268896282e+01,2.605262835268896282e+01,2.605262835268896282e+01,2.641800171129694874e+01,2.703150527648459089e+01,2.703150527648459089e+01,2.703150527648459089e+01,2.703150527648459089e+01,2.703150527648459089e+01,2.703150527648459089e+01,2.703150527648459089e+01,2.703150527648459089e+01,2.703150527648459089e+01,2.703150527648459089e+01,2.703150527648459089e+01,2.703150527648459089e+01,2.703150527648459089e+01,2.703150527648459089e+01,2.703150527648459089e+01,2.739185302596299465e+01,2.739185302596299465e+01,2.739185302596299465e+01,2.739185302596299465e+01,2.739185302596299465e+01,2.739185302596299465e+01,2.744405685312688448e+01,2.739185302596299465e+01,2.739185302596299465e+01,2.739185302596299465e+01,2.739185302596299465e+01,2.739185302596299465e+01,2.739185302596299465e+01,2.739185302596299465e+01,2.739185302596299465e+01,2.739185302596299465e+01,2.739185302596299465e+01,2.775362802639153159e+01,2.775362802639153159e+01,2.775362802639153159e+01,2.775362802639153159e+01,2.775362802639153159e+01,2.835400593793907476e+01,2.835400593793907476e+01,2.835400593793907476e+01,2.835400593793907476e+01,2.835400593793907476e+01,2.835400593793907476e+01,2.835400593793907476e+01,2.835400593793907476e+01,2.835400593793907476e+01,2.835400593793907476e+01,2.835400593793907476e+01,2.835400593793907476e+01,2.835400593793907476e+01,2.835400593793907476e+01,2.851291323884851181e+01,2.929375095572542520e+01,2.929375095572542520e+01,2.929375095572542520e+01,2.929375095572542520e+01,2.929375095572542520e+01,2.929375095572542520e+01,2.929375095572542520e+01,2.925606688737824967e+01,2.925606688737824967e+01,2.925606688737824967e+01,2.929375095572542520e+01,2.929375095572542520e+01,2.925606688737824967e+01,2.925606688737824967e+01,2.929375095572542520e+01,2.929375095572542520e+01,2.963795769637382449e+01,2.963795769637382449e+01,2.963795769637382449e+01,2.963795769637382449e+01,2.963795769637382449e+01,2.960026972347112917e+01,2.960026972347112917e+01,2.963795769637382449e+01,2.963795769637382449e+01,2.963795769637382449e+01,3.020368192245405581e+01,3.020368192245405581e+01,3.020368192245405581e+01,3.017650326306797126e+01,3.020368192245405581e+01,3.020368192245405581e+01,3.075161562318575292e+01,3.107878557110104367e+01,3.107878557110104367e+01,3.107878557110104367e+01,3.107878557110104367e+01,3.107878557110104367e+01,3.107878557110104367e+01,3.107878557110104367e+01,3.107878557110104367e+01,3.107878557110104367e+01,3.107878557110104367e+01,3.107878557110104367e+01,3.159771648320334236e+01,3.159771648320334236e+01,3.159507641849359416e+01,3.191620841463199909e+01,3.191620841463199909e+01,3.159771648320334236e+01,3.191570328037100168e+01,3.191620841463199909e+01,3.191570328037100168e+01,3.191570328037100168e+01,3.191570328037100168e+01,3.191570328037100168e+01,3.191570328037100168e+01,3.191570328037100168e+01,3.191570328037100168e+01,3.191570328037100168e+01,3.191570328037100168e+01,3.191570328037100168e+01,3.191570328037100168e+01,3.223464511888860784e+01,3.245968285675300535e+01,3.272811736948202110e+01,3.272811736948202110e+01,3.272811736948202110e+01,3.271502932534443175e+01,3.272811736948202110e+01,3.272811736948202110e+01,3.271502932534443175e+01,3.271502932534443175e+01,3.271502932534443175e+01,3.271502932534443175e+01,3.271502932534443175e+01,3.271502932534443175e+01,3.292496868185909875e+01,3.347596724554261982e+01,3.347596724554261982e+01,3.347596724554261982e+01,3.347596724554261982e+01,3.347596724554261982e+01,3.347596724554261982e+01,3.347596724554261982e+01,3.347596724554261982e+01,3.347596724554261982e+01,3.344868792235254062e+01,3.344868792235254062e+01,3.344868792235254062e+01,3.358094490812248267e+01,3.358094490812248267e+01,3.416395051071618383e+01,3.387729879907485042e+01,3.416395051071618383e+01,3.416395051071618383e+01,3.416395051071618383e+01,3.416395051071618383e+01,3.416395051071618383e+01,3.416395051071618383e+01,3.416395051071618383e+01,3.416395051071618383e+01,3.416395051071618383e+01,3.457075319143701364e+01,3.416395051071618383e+01,3.457075319143701364e+01,3.457075319143701364e+01,3.457075319143701364e+01,3.484792723295853989e+01,3.484792723295853989e+01,3.484792723295853989e+01,3.484792723295853989e+01,3.484792723295853989e+01,3.484792723295853989e+01,3.484792723295853989e+01,3.523556250400779533e+01,3.523556250400779533e+01,3.523556250400779533e+01,3.523556250400779533e+01,3.523556250400779533e+01,3.523556250400779533e+01,3.561127500681720903e+01,3.523556250400779533e+01,3.523556250400779533e+01,3.587449018200265982e+01,3.587449018200265982e+01,3.587449018200265982e+01,3.587449018200265982e+01,3.587449018200265982e+01,3.587449018200265982e+01,3.587449018200265982e+01,3.587449018200265982e+01,3.587449018200265982e+01,3.587449018200265982e+01,3.587449018200265982e+01,3.587449018200265982e+01,3.587449018200265982e+01,3.587449018200265982e+01,3.587449018200265982e+01,3.587449018200265982e+01,3.587449018200265982e+01,3.587449018200265982e+01,3.623512571189883857e+01,3.587449018200265982e+01,3.649013978089256938e+01,3.654556129619426486e+01,3.649013978089256938e+01,3.649013978089256938e+01,3.654556129619426486e+01,3.654556129619426486e+01,3.649013978089256938e+01,3.649013978089256938e+01,3.649013978089256938e+01,3.683770917492630304e+01,3.683770917492630304e+01,3.683770917492630304e+01,3.689247122547110536e+01,3.683770917492630304e+01,3.683770917492630304e+01,3.689247122547110536e+01,3.689247122547110536e+01,3.689247122547110536e+01,3.689247122547110536e+01,3.689247122547110536e+01,3.689247122547110536e+01,3.689247122547110536e+01,3.689247122547110536e+01,3.689247122547110536e+01,3.689247122547110536e+01,3.689247122547110536e+01,3.689247122547110536e+01,3.689247122547110536e+01,3.689247122547110536e+01,3.738826743780147410e+01,3.711779770697404501e+01,3.772003401633455155e+01,3.738826743780147410e+01,3.738826743780147410e+01,3.772003401633455155e+01,3.772003401633455155e+01,3.772003401633455155e+01,3.772003401633455155e+01,3.772003401633455155e+01,3.772003401633455155e+01,3.772003401633455155e+01,3.772003401633455155e+01,3.772003401633455155e+01,3.772003401633455155e+01,3.772003401633455155e+01,3.772003401633455155e+01,3.772003401633455155e+01,3.772003401633455155e+01,3.804465785995098059e+01,3.772003401633455155e+01,3.786692307967697246e+01,3.804465785995098059e+01,3.804465785995098059e+01,3.804465785995098059e+01,3.804465785995098059e+01,3.804465785995098059e+01,3.804465785995098059e+01,3.804465785995098059e+01,3.804465785995098059e+01,3.804465785995098059e+01,3.804465785995098059e+01,3.804465785995098059e+01,3.804465785995098059e+01,3.804465785995098059e+01,3.804465785995098059e+01,3.804465785995098059e+01,3.804465785995098059e+01,3.804465785995098059e+01,3.804465785995098059e+01,3.804465785995098059e+01,3.804465785995098059e+01,3.804465785995098059e+01,3.804465785995098059e+01,3.810423452454770654e+01,3.804465785995098059e+01,3.836332926723547132e+01,3.842079520414556271e+01,3.836332926723547132e+01,3.842079520414556271e+01,3.836332926723547132e+01,3.836332926723547132e+01,3.836332926723547132e+01,3.836332926723547132e+01,3.836332926723547132e+01,3.836332926723547132e+01,3.836332926723547132e+01,3.842079520414556271e+01,3.842079520414556271e+01,3.842079520414556271e+01,3.842079520414556271e+01,3.836332926723547132e+01,3.842079520414556271e+01,3.836332926723547132e+01,3.836332926723547132e+01,3.842079520414556271e+01,3.842079520414556271e+01,3.842079520414556271e+01,3.842079520414556271e+01,3.842079520414556271e+01,3.842079520414556271e+01,3.842079520414556271e+01,3.873216585255450184e+01,3.873216585255450184e+01,3.873216585255450184e+01,3.842079520414556271e+01,3.867705917847344210e+01,3.873216585255450184e+01,3.842079520414556271e+01,3.873216585255450184e+01,3.873216585255450184e+01,3.873216585255450184e+01,3.873216585255450184e+01,3.873216585255450184e+01,3.870159828440863237e+01,3.873216585255450184e+01,3.873216585255450184e+01,3.873216585255450184e+01,3.873216585255450184e+01,3.873216585255450184e+01,3.873216585255450184e+01,3.873216585255450184e+01,3.873216585255450184e+01,3.873216585255450184e+01,3.873216585255450184e+01,3.873216585255450184e+01,3.873216585255450184e+01,3.873216585255450184e+01,3.873216585255450184e+01,3.873216585255450184e+01,3.873216585255450184e+01,3.873216585255450184e+01,3.873216585255450184e+01,3.873216585255450184e+01,3.873216585255450184e+01,3.873216585255450184e+01,3.873216585255450184e+01,3.873216585255450184e+01,3.873216585255450184e+01,3.873216585255450184e+01,3.903930098678316796e+01,3.903930098678316796e+01,3.873216585255450184e+01,3.903930098678316796e+01,3.903930098678316796e+01,3.903930098678316796e+01,3.903930098678316796e+01,3.903930098678316796e+01,3.903930098678316796e+01,3.903930098678316796e+01,3.903930098678316796e+01,3.903930098678316796e+01,3.926750273345306397e+01,3.903930098678316796e+01,3.926750273345306397e+01,3.926750273345306397e+01,3.926750273345306397e+01,3.926750273345306397e+01,3.926750273345306397e+01,3.926750273345306397e+01,3.926750273345306397e+01,3.926750273345306397e+01,3.926750273345306397e+01,3.926750273345306397e+01,3.926750273345306397e+01,3.926750273345306397e+01,3.926750273345306397e+01,3.926750273345306397e+01,3.926750273345306397e+01,3.926750273345306397e+01,3.926750273345306397e+01,3.926750273345306397e+01,3.926750273345306397e+01,3.956771514103372311e+01,3.926750273345306397e+01,3.926750273345306397e+01,3.956771514103372311e+01,3.962195438230842370e+01,3.956771514103372311e+01,3.962195438230842370e+01,3.962195438230842370e+01,3.959189203025959358e+01,3.956771514103372311e+01,3.962195438230842370e+01,3.962195438230842370e+01,3.962195438230842370e+01,3.962195438230842370e+01,3.962195438230842370e+01,3.984637530279268702e+01,4.013769562377565592e+01,4.013769562377565592e+01,3.984637530279268702e+01,4.013769562377565592e+01,4.013769562377565592e+01,4.013769562377565592e+01,4.013769562377565592e+01,4.013769562377565592e+01,4.013769562377565592e+01,4.013769562377565592e+01,4.013769562377565592e+01,4.013769562377565592e+01,4.013769562377565592e+01,4.013769562377565592e+01,4.013769562377565592e+01,4.013769562377565592e+01,4.019309265447052582e+01,4.019309265447052582e+01,4.013769562377565592e+01,4.019309265447052582e+01,4.019309265447052582e+01,4.019309265447052582e+01,4.019309265447052582e+01,4.016241142678482134e+01,4.041370341222987150e+01,4.041370341222987150e+01,4.069667567498773764e+01,4.041370341222987150e+01,4.069667567498773764e+01,4.069667567498773764e+01,4.069667567498773764e+01,4.069667567498773764e+01,4.069667567498773764e+01,4.069667567498773764e+01,4.069667567498773764e+01,4.069667567498773764e+01,4.069667567498773764e+01,4.069667567498773764e+01,4.097764465226203612e+01,4.097764465226203612e+01,4.097764465226203612e+01,4.097764465226203612e+01,4.097764465226203612e+01,4.097764465226203612e+01,4.097764465226203612e+01,4.103066496453713086e+01,4.097764465226203612e+01,4.118975010966387629e+01,4.118975010966387629e+01,4.118975010966387629e+01,4.124473191855127396e+01,4.124473191855127396e+01,4.124473191855127396e+01,4.118975010966387629e+01,4.124473191855127396e+01,4.124473191855127396e+01,4.124473191855127396e+01,4.124473191855127396e+01,4.151829804045287631e+01,4.151829804045287631e+01,4.151829804045287631e+01,4.151829804045287631e+01,4.151829804045287631e+01,4.151829804045287631e+01,4.172693643089571935e+01,4.178197714949919828e+01,4.172693643089571935e+01,4.178197714949919828e+01,4.178197714949919828e+01,4.178197714949919828e+01,4.178197714949919828e+01,4.178197714949919828e+01,4.172693643089571935e+01,4.172693643089571935e+01,4.172693643089571935e+01,4.172693643089571935e+01,4.172693643089571935e+01,4.172693643089571935e+01,4.172693643089571935e+01,4.172693643089571935e+01,4.172693643089571935e+01,4.199668448961406853e+01,4.204865299247853017e+01,4.204865299247853017e+01,4.231449583003923465e+01,4.231449583003923465e+01,4.231449583003923465e+01,4.231449583003923465e+01,4.222415723115920372e+01,4.231449583003923465e+01,4.231449583003923465e+01,4.231449583003923465e+01,4.231449583003923465e+01,4.231449583003923465e+01,4.251720780016306378e+01,4.251720780016306378e+01,4.251720780016306378e+01,4.251720780016306378e+01,4.251720780016306378e+01,4.246644952680752994e+01,4.251720780016306378e+01,4.251720780016306378e+01,4.251720780016306378e+01,4.251720780016306378e+01,4.251720780016306378e+01,4.251720780016306378e+01,4.251720780016306378e+01,4.251720780016306378e+01,4.251720780016306378e+01,4.263548807287327236e+01,4.297772279019739727e+01,4.297772279019739727e+01,4.297772279019739727e+01,4.297772279019739727e+01,4.297772279019739727e+01,4.297772279019739727e+01,4.297772279019739727e+01,4.292812077466830090e+01,4.292812077466830090e+01,4.323752090038835405e+01,4.323752090038835405e+01,4.323752090038835405e+01,4.323752090038835405e+01,4.323752090038835405e+01,4.323752090038835405e+01,4.343066691496081688e+01,4.343066691496081688e+01,4.343066691496081688e+01,4.343066691496081688e+01,4.343066691496081688e+01,4.343066691496081688e+01,4.343066691496081688e+01,4.343066691496081688e+01,4.343066691496081688e+01,4.343066691496081688e+01,4.343066691496081688e+01,4.368776331641949184e+01,4.368776331641949184e+01,4.368776331641949184e+01,4.368776331641949184e+01,4.368776331641949184e+01,4.387643399344927531e+01,4.387643399344927531e+01,4.387643399344927531e+01,4.392438215868163809e+01,4.413095654043290494e+01,4.413095654043290494e+01,4.413095654043290494e+01,4.413095654043290494e+01,4.413095654043290494e+01,4.413095654043290494e+01,4.413095654043290494e+01,4.413095654043290494e+01,4.413095654043290494e+01,4.417654825597624324e+01,4.413095654043290494e+01,4.456738735617176417e+01,4.442885920755135487e+01,4.461216507850425472e+01,4.461216507850425472e+01,4.461216507850425472e+01,4.461216507850425472e+01,4.461216507850425472e+01,4.486157896530579592e+01,4.486157896530579592e+01,4.486157896530579592e+01,4.486157896530579592e+01,4.486157896530579592e+01,4.486157896530579592e+01,4.486157896530579592e+01,4.504138679190540984e+01,4.504138679190540984e+01,4.504138679190540984e+01,4.504138679190540984e+01,4.504138679190540984e+01,4.504138679190540984e+01,4.504138679190540984e+01,4.504138679190540984e+01,4.504138679190540984e+01,4.504138679190540984e+01,4.504138679190540984e+01,4.528843303680898913e+01,4.528843303680898913e+01,4.528843303680898913e+01,4.528843303680898913e+01,4.528843303680898913e+01,4.546443936179713319e+01,4.533062175877387290e+01,4.546443936179713319e+01,4.546443936179713319e+01,4.546443936179713319e+01,4.546443936179713319e+01,4.570912757684829586e+01,4.570912757684829586e+01,4.570912757684829586e+01,4.570912757684829586e+01,4.570912757684829586e+01,4.575081852537842053e+01,4.575081852537842053e+01,4.575081852537842053e+01,4.575081852537842053e+01,4.575081852537842053e+01,4.592424853572894250e+01,4.592424853572894250e+01,4.592424853572894250e+01,4.592424853572894250e+01,4.592424853572894250e+01,4.592424853572894250e+01,4.592424853572894250e+01,4.592424853572894250e+01,4.616515657033747289e+01,4.616515657033747289e+01,4.616515657033747289e+01,4.616515657033747289e+01,4.616515657033747289e+01,4.616515657033747289e+01,4.633508249275200797e+01,4.616515657033747289e+01,4.616515657033747289e+01,4.657383046844226726e+01,4.633508249275200797e+01,4.657383046844226726e+01,4.657383046844226726e+01,4.657383046844226726e+01,4.657383046844226726e+01,4.681165865580341290e+01,4.681165865580341290e+01,4.681165865580341290e+01,4.685096103708594484e+01,4.685096103708594484e+01,4.685096103708594484e+01,4.685096103708594484e+01,4.701716186113916507e+01,4.701716186113916507e+01,4.701716186113916507e+01,4.701716186113916507e+01,4.701716186113916507e+01,4.701716186113916507e+01,4.701716186113916507e+01,4.725170420855965148e+01,4.701716186113916507e+01,4.725170420855965148e+01,4.725170420855965148e+01,4.725170420855965148e+01,4.725170420855965148e+01,4.725170420855965148e+01,4.725170420855965148e+01,4.725170420855965148e+01,4.741482524340458582e+01,4.741482524340458582e+01,4.743255109909809875e+01,4.745402988085168516e+01,4.745402988085168516e+01,4.768551299657762854e+01,4.764725848252972185e+01,4.768551299657762854e+01,4.768551299657762854e+01,4.768551299657762854e+01,4.768551299657762854e+01,4.768551299657762854e+01,4.768551299657762854e+01,4.768551299657762854e+01,4.768551299657762854e+01,4.768551299657762854e+01,4.807592638443467337e+01,4.807592638443467337e+01,4.807592638443467337e+01,4.807592638443467337e+01,4.807592638443467337e+01,4.807592638443467337e+01,4.807592638443467337e+01,4.807592638443467337e+01,4.807592638443467337e+01,4.807592638443467337e+01,4.807592638443467337e+01,4.807592638443467337e+01,4.807592638443467337e+01,4.811324411904188736e+01,4.811324411904188736e+01,4.849875059014635781e+01,4.830447509509614434e+01,4.849875059014635781e+01,4.846155867582580612e+01,4.849875059014635781e+01,4.846155867582580612e+01,4.849875059014635781e+01,4.846155867582580612e+01,4.849875059014635781e+01,4.849875059014635781e+01,4.849875059014635781e+01,4.849875059014635781e+01,4.849875059014635781e+01,4.849875059014635781e+01,4.872465026522518627e+01,4.849875059014635781e+01,4.849875059014635781e+01,4.865465325934646046e+01,4.887966879465537318e+01,4.887966879465537318e+01,4.887966879465537318e+01,4.887966879465537318e+01,4.887966879465537318e+01,4.887966879465537318e+01,4.887966879465537318e+01,4.887966879465537318e+01,4.887966879465537318e+01,4.887966879465537318e+01,4.887966879465537318e+01,4.898060465431618837e+01,4.887966879465537318e+01,4.887966879465537318e+01,4.910369683294433685e+01,4.925615526450302895e+01,4.925615526450302895e+01,4.925615526450302895e+01,4.925615526450302895e+01,4.925615526450302895e+01,4.940687293899939192e+01,4.940687293899939192e+01,4.962835566649075503e+01,4.962835566649075503e+01,4.962835566649075503e+01,4.962835566649075503e+01,4.962835566649075503e+01,4.962835566649075503e+01,4.962835566649075503e+01,4.962835566649075503e+01,4.962835566649075503e+01,4.962835566649075503e+01,4.962835566649075503e+01,4.962835566649075503e+01,4.984876306761093900e+01,4.984876306761093900e+01,4.988438984315305902e+01,4.984876306761093900e+01,4.984876306761093900e+01,4.984876306761093900e+01,5.003244693531591025e+01,5.003244693531591025e+01,5.003244693531591025e+01,5.003244693531591025e+01,5.003244693531591025e+01,5.003244693531591025e+01,5.003244693531591025e+01,5.003244693531591025e+01,5.003244693531591025e+01,5.003244693531591025e+01,5.003244693531591025e+01,5.013078525637951088e+01,5.003244693531591025e+01,5.025069296212571857e+01,5.003244693531591025e+01,5.025069296212571857e+01,5.025069296212571857e+01,5.025069296212571857e+01,5.025069296212571857e+01,5.025069296212571857e+01,5.039643233222586360e+01,5.025069296212571857e+01,5.025069296212571857e+01,5.061300287398351827e+01,5.061300287398351827e+01,5.061300287398351827e+01,5.061300287398351827e+01,5.061300287398351827e+01,5.061300287398351827e+01,5.061300287398351827e+01,5.061300287398351827e+01,5.064779188265509902e+01,5.061300287398351827e+01,5.061300287398351827e+01,5.061300287398351827e+01,5.064779188265509902e+01,5.064779188265509902e+01,5.061300287398351827e+01,5.082852755760367813e+01,5.064779188265509902e+01,5.097142510947654159e+01,5.097142510947654159e+01,5.100627180090808110e+01,5.100627180090808110e+01,5.100627180090808110e+01,5.100627180090808110e+01,5.100627180090808110e+01,5.100627180090808110e+01,5.100627180090808110e+01,5.100627180090808110e+01,5.100627180090808110e+01,5.100627180090808110e+01,5.100627180090808110e+01,5.100627180090808110e+01,5.121986970908788095e+01,5.121986970908788095e+01,5.121986970908788095e+01,5.121986970908788095e+01,5.121986970908788095e+01,5.121986970908788095e+01,5.121986970908788095e+01,5.136096793348982459e+01,5.136096793348982459e+01,5.136096793348982459e+01,5.136096793348982459e+01,5.157294803408633754e+01,5.157294803408633754e+01,5.157294803408633754e+01,5.157294803408633754e+01,5.157294803408633754e+01,5.157294803408633754e+01,5.157294803408633754e+01,5.157294803408633754e+01,5.157294803408633754e+01,5.157294803408633754e+01,5.157294803408633754e+01,5.157294803408633754e+01,5.157294803408633754e+01,5.157294803408633754e+01,5.157294803408633754e+01,5.157294803408633754e+01,5.157294803408633754e+01,5.171196732108752059e+01,5.171196732108752059e+01,5.192234394925911545e+01,5.192234394925911545e+01,5.192234394925911545e+01,5.192234394925911545e+01,5.192234394925911545e+01,5.192234394925911545e+01,5.192234394925911545e+01,5.192234394925911545e+01,5.192234394925911545e+01,5.192234394925911545e+01,5.192234394925911545e+01,5.192234394925911545e+01,5.192234394925911545e+01,5.195630359742168025e+01,5.192234394925911545e+01,5.201667067442256354e+01,5.198417712875048835e+01,5.213167487937943179e+01,5.226813383100168409e+01,5.230224247208034427e+01,5.213167487937943179e+01,5.216551217993855261e+01,5.230224247208034427e+01,5.230224247208034427e+01,5.226813383100168409e+01,5.230224247208034427e+01,5.230224247208034427e+01,5.230224247208034427e+01,5.230224247208034427e+01,5.230224247208034427e+01,5.230224247208034427e+01,5.230224247208034427e+01,5.230224247208034427e+01,5.230224247208034427e+01,5.230224247208034427e+01,5.230224247208034427e+01,5.250986687893722404e+01,5.250986687893722404e+01,5.250986687893722404e+01,5.254299644657205448e+01,5.264465205115838131e+01,5.264465205115838131e+01,5.264465205115838131e+01,5.257069089769493075e+01,5.267803634352299014e+01,5.267803634352299014e+01,5.267803634352299014e+01,5.267803634352299014e+01,5.264465205115838131e+01,5.267803634352299014e+01,5.267803634352299014e+01,5.267803634352299014e+01,5.267803634352299014e+01,5.288404569535074984e+01,5.267803634352299014e+01,5.267803634352299014e+01,5.267803634352299014e+01,5.288404569535074984e+01,5.288404569535074984e+01,5.277086777769979875e+01,5.288404569535074984e+01,5.288404569535074984e+01,5.301717464734985441e+01,5.288404569535074984e+01,5.288404569535074984e+01,5.288404569535074984e+01,5.301717464734985441e+01,5.301717464734985441e+01,5.301717464734985441e+01,5.301717464734985441e+01,5.301717464734985441e+01,5.301717464734985441e+01,5.322164112655793389e+01,5.322164112655793389e+01,5.322164112655793389e+01,5.322164112655793389e+01,5.322164112655793389e+01,5.322164112655793389e+01,5.322164112655793389e+01,5.322164112655793389e+01,5.322164112655793389e+01,5.322164112655793389e+01,5.322164112655793389e+01,5.322164112655793389e+01,5.342506103971255271e+01,5.322164112655793389e+01,5.342506103971255271e+01,5.342506103971255271e+01,5.355584325793237355e+01,5.355584325793237355e+01,5.342506103971255271e+01,5.322164112655793389e+01,5.355584325793237355e+01,5.342506103971255271e+01,5.342506103971255271e+01,5.355584325793237355e+01,5.355584325793237355e+01,5.355584325793237355e+01,5.355584325793237355e+01,5.355584325793237355e+01,5.355584325793237355e+01,5.355584325793237355e+01,5.355584325793237355e+01,5.355584325793237355e+01,5.355584325793237355e+01,5.355584325793237355e+01,5.355584325793237355e+01,5.355584325793237355e+01,5.355584325793237355e+01,5.355584325793237355e+01,5.355584325793237355e+01,5.355584325793237355e+01,5.355584325793237355e+01,5.375769780030986311e+01,5.375769780030986311e+01,5.375769780030986311e+01,5.388670988270268225e+01,5.375769780030986311e+01,5.375769780030986311e+01,5.388670988270268225e+01,5.375769780030986311e+01,5.388670988270268225e+01,5.388670988270268225e+01,5.375769780030986311e+01,5.388670988270268225e+01,5.388670988270268225e+01,5.388670988270268225e+01,5.388670988270268225e+01,5.391987612524384588e+01,5.388670988270268225e+01,5.388670988270268225e+01,5.388670988270268225e+01,5.388670988270268225e+01,5.388670988270268225e+01,5.388670988270268225e+01,5.388670988270268225e+01,5.391987612524384588e+01,5.391987612524384588e+01,5.408700297683147085e+01,5.388670988270268225e+01,5.408700297683147085e+01,5.408700297683147085e+01,5.408700297683147085e+01,5.408700297683147085e+01,5.408700297683147085e+01,5.408700297683147085e+01,5.408700297683147085e+01,5.408700297683147085e+01,5.408700297683147085e+01,5.408700297683147085e+01,5.417776546695913709e+01,5.408700297683147085e+01,5.421429686107855161e+01,5.424771875800987431e+01,5.422944177688275147e+01,5.424771875800987431e+01,5.424771875800987431e+01,5.421429686107855161e+01,5.421429686107855161e+01,5.424771875800987431e+01,5.421429686107855161e+01,5.421429686107855161e+01,5.424771875800987431e+01,5.421429686107855161e+01,5.421429686107855161e+01,5.421429686107855161e+01,5.424771875800987431e+01,5.444655125333746071e+01,5.441303215168272800e+01,5.421429686107855161e+01,5.444655125333746071e+01,5.444655125333746071e+01,5.444655125333746071e+01,5.441303215168272800e+01,5.444655125333746071e+01,5.444655125333746071e+01,5.441303215168272800e+01,5.441303215168272800e+01,5.441303215168272800e+01,5.444655125333746071e+01,5.441303215168272800e+01,5.444655125333746071e+01,5.457233619902036281e+01,5.457233619902036281e+01,5.457233619902036281e+01,5.457233619902036281e+01,5.457233619902036281e+01,5.457233619902036281e+01,5.476963288663385754e+01,5.476963288663385754e+01,5.508954522424524214e+01,5.508954522424524214e+01,5.508954522424524214e+01,5.508954522424524214e+01,5.508954522424524214e+01,5.508954522424524214e+01,5.508954522424524214e+01,5.508954522424524214e+01,5.508954522424524214e+01,5.508954522424524214e+01,5.508954522424524214e+01,5.508954522424524214e+01,5.510461634395365138e+01,5.508954522424524214e+01,5.508954522424524214e+01,5.512280726276744502e+01,5.508954522424524214e+01,5.508954522424524214e+01,5.528415466670298883e+01,5.531758445455029971e+01,5.529929845051893977e+01,5.540634190006474569e+01,5.528415466670298883e+01,5.528415466670298883e+01,5.540634190006474569e+01,5.528415466670298883e+01,5.531758445455029971e+01,5.528415466670298883e+01,5.540634190006474569e+01,5.531758445455029971e+01,5.543990038604459158e+01,5.540634190006474569e+01,5.540634190006474569e+01,5.543990038604459158e+01,5.543990038604459158e+01,5.543990038604459158e+01,5.543990038604459158e+01,5.540634190006474569e+01,5.543990038604459158e+01,5.543990038604459158e+01,5.542154265205419961e+01,5.543990038604459158e+01,5.543990038604459158e+01,5.543990038604459158e+01,5.543990038604459158e+01,5.543990038604459158e+01,5.543990038604459158e+01,5.543990038604459158e+01,5.543990038604459158e+01,5.543990038604459158e+01,5.543990038604459158e+01,5.543990038604459158e+01,5.543990038604459158e+01,5.543990038604459158e+01,5.543990038604459158e+01,5.563313645651026462e+01,5.563313645651026462e+01,5.543990038604459158e+01,5.563313645651026462e+01,5.575392631246975128e+01,5.563313645651026462e+01,5.563313645651026462e+01,5.563313645651026462e+01,5.575392631246975128e+01,5.575392631246975128e+01,5.575392631246975128e+01,5.575392631246975128e+01,5.575392631246975128e+01,5.578696909908985901e+01,5.575392631246975128e+01,5.575392631246975128e+01,5.575392631246975128e+01,5.575392631246975128e+01,5.575392631246975128e+01,5.575392631246975128e+01,5.575392631246975128e+01,5.575392631246975128e+01,5.578696909908985901e+01,5.575392631246975128e+01,5.578696909908985901e+01,5.575392631246975128e+01,5.575392631246975128e+01,5.575392631246975128e+01,5.578696909908985901e+01,5.575392631246975128e+01,5.575392631246975128e+01,5.594562548026303261e+01,5.594562548026303261e+01,5.594562548026303261e+01,5.594562548026303261e+01,5.594562548026303261e+01,5.597888413380110251e+01,5.594562548026303261e+01,5.597888413380110251e+01,5.597888413380110251e+01,5.597888413380110251e+01,5.594562548026303261e+01,5.597888413380110251e+01,5.597888413380110251e+01,5.597888413380110251e+01,5.594562548026303261e+01,5.594562548026303261e+01,5.594562548026303261e+01,5.606493900939617703e+01,5.597888413380110251e+01,5.606493900939617703e+01,5.594562548026303261e+01,5.594562548026303261e+01,5.596069256498787325e+01,5.609829565404069029e+01,5.606493900939617703e+01,5.606493900939617703e+01,5.609829565404069029e+01,5.609829565404069029e+01,5.609829565404069029e+01,5.609829565404069029e+01,5.609829565404069029e+01,5.609829565404069029e+01,5.609829565404069029e+01,5.606493900939617703e+01,5.609829565404069029e+01,5.609829565404069029e+01,5.609829565404069029e+01,5.606493900939617703e+01,5.609829565404069029e+01,5.609829565404069029e+01,5.609829565404069029e+01,5.609829565404069029e+01,5.609829565404069029e+01,5.609829565404069029e+01,5.609829565404069029e+01,5.609829565404069029e+01,5.609829565404069029e+01,5.609829565404069029e+01,5.609829565404069029e+01,5.628868937560490338e+01,5.628868937560490338e+01,5.628868937560490338e+01,5.628868937560490338e+01,5.628868937560490338e+01,5.628868937560490338e+01,5.628868937560490338e+01,5.628868937560490338e+01,5.628868937560490338e+01,5.628868937560490338e+01,5.628868937560490338e+01,5.640665512219954536e+01,5.628868937560490338e+01,5.628868937560490338e+01,5.628868937560490338e+01,5.640665512219954536e+01,5.640665512219954536e+01,5.640665512219954536e+01,5.628868937560490338e+01,5.628868937560490338e+01,5.640665512219954536e+01,5.640665512219954536e+01,5.628868937560490338e+01,5.640665512219954536e+01,5.628868937560490338e+01,5.640665512219954536e+01,5.640665512219954536e+01,5.640665512219954536e+01,5.640665512219954536e+01,5.628868937560490338e+01,5.640665512219954536e+01,5.640665512219954536e+01,5.640665512219954536e+01,5.640665512219954536e+01,5.640665512219954536e+01,5.640665512219954536e+01,5.640665512219954536e+01,5.640665512219954536e+01,5.640665512219954536e+01,5.659553326199733903e+01,5.640665512219954536e+01,5.640665512219954536e+01,5.640665512219954536e+01,5.659553326199733903e+01,5.659553326199733903e+01,5.659553326199733903e+01,5.640665512219954536e+01,5.659553326199733903e+01,5.640665512219954536e+01,5.659553326199733903e+01,5.659553326199733903e+01,5.659553326199733903e+01,5.659553326199733903e+01,5.659553326199733903e+01,5.659553326199733903e+01,5.659553326199733903e+01,5.659553326199733903e+01,5.659553326199733903e+01,5.671210309994838639e+01,5.659553326199733903e+01,5.659553326199733903e+01,5.659553326199733903e+01,5.659553326199733903e+01,5.662864623887445248e+01,5.671210309994838639e+01,5.659553326199733903e+01,5.659553326199733903e+01,5.674528392793273923e+01,5.671210309994838639e+01,5.671210309994838639e+01,5.659553326199733903e+01,5.671210309994838639e+01,5.671210309994838639e+01,5.671210309994838639e+01,5.674528392793273923e+01,5.674528392793273923e+01,5.674528392793273923e+01,5.693291811021688176e+01,5.674528392793273923e+01,5.674528392793273923e+01,5.674528392793273923e+01,5.674528392793273923e+01,5.674528392793273923e+01,5.689947319819380311e+01,5.689947319819380311e+01,5.671210309994838639e+01,5.693291811021688176e+01,5.682987486829333079e+01,5.671210309994838639e+01,5.674528392793273923e+01,5.671210309994838639e+01,5.693291811021688176e+01,5.693291811021688176e+01,5.693291811021688176e+01,5.689947319819380311e+01,5.693291811021688176e+01,5.689947319819380311e+01,5.693291811021688176e+01,5.693291811021688176e+01
